changeID,absoluteTime,evaluation,bitVector,distanceEvaluation,typeOfChange,affected,affectedID1,affectedID2,change,totalAfterChange
1,0,0,6622,0,absolute,node,37432,-1,4,771
2,0,0,13245,0,absolute,node,209437,-1,4,775
3,0,0,19867,0,absolute,node,88322,-1,-3,772
4,0,0,26490,0,absolute,node,45033,-1,-1,771
5,0,0,33112,0,absolute,node,207096,-1,-1,770
6,0,0,39735,0,absolute,node,145524,-1,4,774
7,0,0,46357,0,absolute,node,27919,-1,1,775
8,0,0,52980,0,absolute,node,117427,-1,-5,770
9,0,0,59602,0,absolute,node,76423,-1,1,771
10,0,0,66225,0,absolute,node,108396,-1,2,773
11,0,0,72847,0,absolute,node,178131,-1,-5,768
12,0,0,79470,0,absolute,node,209437,-1,-1,767
13,0,0,86092,0,absolute,node,39582,-1,3,770
14,0,0,92715,0,absolute,node,199276,-1,-3,767
15,0,0,99337,0,absolute,node,16024,-1,-2,765
16,0,0,105960,0,absolute,node,141371,-1,4,769
17,0,0,112582,0,absolute,node,54620,-1,4,773
18,0,0,119205,0,absolute,node,108396,-1,1,774
19,0,0,125827,0,absolute,node,83744,-1,-3,771
20,0,0,132450,0,absolute,node,83744,-1,5,776
21,0,0,139072,0,absolute,node,163327,-1,3,779
22,0,0,145695,0,absolute,node,117783,-1,3,782
23,0,0,152317,0,absolute,node,154096,-1,-5,777
24,0,0,158940,0,absolute,node,11388,-1,2,779
25,0,0,165562,0,absolute,node,101599,-1,3,782
26,0,0,172185,0,absolute,node,178131,-1,-1,781
27,0,0,178807,0,absolute,node,152487,-1,5,786
28,0,0,185430,0,absolute,node,95564,-1,-5,781
29,0,0,192052,0,absolute,node,100991,-1,2,783
30,0,0,198675,0,absolute,node,141313,-1,2,785
31,0,0,205298,0,absolute,node,143163,-1,4,789
32,0,0,211920,0,absolute,node,11368,-1,-1,788
33,0,0,218543,0,absolute,node,123824,-1,-1,787
34,0,0,225165,0,absolute,node,117427,-1,3,790
35,0,0,231788,0,absolute,node,102854,-1,-3,787
36,0,0,238410,0,absolute,node,154096,-1,3,790
37,0,0,245033,0,absolute,node,75584,-1,2,792
38,0,0,251655,0,absolute,node,90898,-1,2,794
39,0,0,258278,0,absolute,node,23482,-1,1,795
40,0,0,264900,0,absolute,node,75584,-1,-1,794
41,0,0,271523,0,absolute,node,31871,-1,2,796
42,0,0,278145,0,absolute,node,69721,-1,-5,791
43,0,0,284768,0,absolute,node,19781,-1,5,796
44,0,0,291390,0,absolute,node,150705,-1,2,798
45,0,0,298013,0,absolute,node,168311,-1,-3,795
46,0,0,304635,0,absolute,node,178634,-1,-5,790
47,0,0,311258,0,absolute,node,200733,-1,5,795
48,0,0,317880,0,absolute,node,79637,-1,-2,793
49,0,0,324503,0,absolute,node,11367,-1,3,796
50,0,0,331125,0,absolute,node,117783,-1,3,799
51,0,0,337748,0,absolute,node,80773,-1,3,802
52,0,0,344370,0,absolute,node,44715,-1,1,803
53,0,0,350993,0,absolute,node,54620,-1,-2,801
54,0,0,357615,0,absolute,node,154096,-1,-5,796
55,0,0,364238,0,absolute,node,48832,-1,-1,795
56,0,0,370860,0,absolute,node,123912,-1,1,796
57,0,0,377483,0,absolute,node,97520,-1,2,798
58,0,0,384105,0,absolute,node,45077,-1,-5,793
59,0,0,390728,0,absolute,node,203519,-1,-3,790
60,0,0,397350,0,absolute,node,8911,-1,-2,788
61,0,0,403973,0,absolute,node,76456,-1,-3,785
62,0,0,410596,0,absolute,node,37432,-1,-2,783
63,0,0,417218,0,absolute,node,2830,-1,3,786
64,0,0,423841,0,absolute,node,71947,-1,-2,784
65,0,0,430463,0,absolute,node,108396,-1,-2,782
66,0,0,437086,0,absolute,node,8911,-1,-1,781
67,0,0,443708,0,absolute,node,61867,-1,1,782
68,0,0,450331,0,absolute,node,112128,-1,-1,781
69,0,0,456953,0,absolute,node,71947,-1,4,785
70,0,0,463576,0,absolute,node,64714,-1,1,786
71,0,0,470198,0,absolute,node,23482,-1,-4,782
72,0,0,476821,0,absolute,node,183175,-1,-4,778
73,0,0,483443,0,absolute,node,160132,-1,-4,774
74,0,0,490066,0,absolute,node,102854,-1,1,775
75,0,0,496688,0,absolute,node,162297,-1,-2,773
76,0,0,503311,0,absolute,node,83744,-1,-1,772
77,0,0,509933,0,absolute,node,168311,-1,3,775
78,0,0,516556,0,absolute,node,9268,-1,-3,772
79,0,0,523178,0,absolute,node,9520,-1,3,775
80,0,0,529801,0,absolute,node,83744,-1,3,778
81,0,0,536423,0,absolute,node,143163,-1,3,781
82,0,0,543046,0,absolute,node,76943,-1,4,785
83,0,0,549668,0,absolute,node,2830,-1,5,790
84,0,0,556291,0,absolute,node,59187,-1,4,794
85,0,0,562913,0,absolute,node,45033,-1,4,798
86,0,0,569536,0,absolute,node,135109,-1,2,800
87,0,0,576158,0,absolute,node,79637,-1,3,803
88,0,0,582781,0,absolute,node,31231,-1,4,807
89,0,0,589403,0,absolute,node,9268,-1,-2,805
90,0,0,596026,0,absolute,node,76456,-1,-2,803
91,0,0,602649,0,absolute,node,32788,-1,5,808
92,0,0,609271,0,absolute,node,125115,-1,4,812
93,0,0,615894,0,absolute,node,203519,-1,2,814
94,0,0,622516,0,absolute,node,97520,-1,-3,811
95,0,0,629139,0,absolute,node,102833,-1,-2,809
96,0,0,635761,0,absolute,node,90898,-1,3,812
97,0,0,642384,0,absolute,node,113721,-1,3,815
98,0,0,649006,0,absolute,node,183233,-1,5,820
99,0,0,655629,0,absolute,node,24858,-1,2,822
100,0,0,662251,0,absolute,node,77442,-1,2,824
101,0,0,668874,0,absolute,node,86680,-1,4,828
102,0,0,675496,0,absolute,node,37286,-1,3,831
103,0,0,682119,0,absolute,node,88322,-1,-4,827
104,0,0,688741,0,absolute,node,32788,-1,2,829
105,0,0,695364,0,absolute,node,70890,-1,-4,825
106,0,0,701986,0,absolute,node,141313,-1,-4,821
107,0,0,708609,0,absolute,node,178131,-1,4,825
108,0,0,715231,0,absolute,node,112435,-1,-1,824
109,0,0,721854,0,absolute,node,115186,-1,3,827
110,0,0,728476,0,absolute,node,11388,-1,2,829
111,0,0,735099,0,absolute,node,11368,-1,2,831
112,0,0,741721,0,absolute,node,88322,-1,2,833
113,0,0,748344,0,absolute,node,80773,-1,4,837
114,0,0,754966,0,absolute,node,158926,-1,4,841
115,0,0,761589,0,absolute,node,45033,-1,3,844
116,0,0,768211,0,absolute,node,169681,-1,5,849
117,0,0,774834,0,absolute,node,58078,-1,3,852
118,0,0,781456,0,absolute,node,169681,-1,1,853
119,0,0,788079,0,absolute,node,135109,-1,-4,849
120,0,0,794701,0,absolute,node,30785,-1,-2,847
121,0,0,801324,0,absolute,node,43668,-1,2,849
122,0,0,807947,0,absolute,node,11368,-1,-1,848
123,0,0,814569,0,absolute,node,207528,-1,1,849
124,0,0,821192,0,absolute,node,183175,-1,2,851
125,0,0,827814,0,absolute,node,45077,-1,3,854
126,0,0,834437,0,absolute,node,64676,-1,4,858
127,0,0,841059,0,absolute,node,11367,-1,-3,855
128,0,0,847682,0,absolute,node,112128,-1,3,858
129,0,0,854304,0,absolute,node,24858,-1,5,863
130,0,0,860927,0,absolute,node,75584,-1,4,867
131,0,0,867549,0,absolute,node,19781,-1,-4,863
132,0,0,874172,0,absolute,node,97785,-1,-3,860
133,0,0,880794,0,absolute,node,158926,-1,4,864
134,0,0,887417,0,absolute,node,23768,-1,-3,861
135,0,0,894039,0,absolute,node,97701,-1,-4,857
136,0,0,900662,0,absolute,node,183233,-1,-5,852
137,0,0,907284,0,absolute,node,160132,-1,5,857
138,0,0,913907,0,absolute,node,176999,-1,1,858
139,0,0,920529,0,absolute,node,98533,-1,-4,854
140,0,0,927152,0,absolute,node,102833,-1,1,855
141,0,0,933774,0,absolute,node,111439,-1,3,858
142,0,0,940397,0,absolute,node,186432,-1,-1,857
143,0,0,947019,0,absolute,node,183175,-1,-4,853
144,0,0,953642,0,absolute,node,117783,-1,3,856
145,0,0,960264,0,absolute,node,162297,-1,-1,855
146,0,0,966887,0,absolute,node,112128,-1,3,858
147,0,0,973509,0,absolute,node,23482,-1,5,863
148,0,0,980132,0,absolute,node,61867,-1,1,864
149,0,0,986754,0,absolute,node,98226,-1,4,868
150,0,0,993377,0,absolute,node,84908,-1,3,871
