changeID,absoluteTime,evaluation,bitVector,distanceEvaluation,typeOfChange,affected,affectedID1,affectedID2,change,totalAfterChange
1,0,0,0,13157,absolute,node,59451,-1,5,827
2,0,0,0,26315,absolute,node,109235,-1,-3,824
3,0,0,0,39473,absolute,node,22804,-1,1,825
4,0,0,0,52631,absolute,node,40133,-1,1,826
5,0,0,0,65789,absolute,node,110559,-1,1,827
6,0,0,0,78947,absolute,node,105209,-1,2,829
7,0,0,0,92105,absolute,node,69982,-1,-5,824
8,0,0,0,105263,absolute,node,113397,-1,3,827
9,0,0,0,118421,absolute,node,133636,-1,-3,824
10,0,0,0,131578,absolute,node,81069,-1,-4,820
11,0,0,0,144736,absolute,node,78491,-1,4,824
12,0,0,0,157894,absolute,node,4138,-1,-1,823
13,0,0,0,171052,absolute,node,34458,-1,-2,821
14,0,0,0,184210,absolute,node,63841,-1,-4,817
15,0,0,0,197368,absolute,node,47978,-1,-5,812
16,0,0,0,210526,absolute,node,13152,-1,5,817
17,0,0,0,223684,absolute,node,211530,-1,-2,815
18,0,0,0,236842,absolute,node,21683,-1,-2,813
19,0,0,0,250000,absolute,node,190167,-1,4,817
20,0,0,0,263157,absolute,node,16526,-1,3,820
21,0,0,0,276315,absolute,node,165769,-1,3,823
22,0,0,0,289473,absolute,node,100848,-1,4,827
23,0,0,0,302631,absolute,node,115091,-1,2,829
24,0,0,0,315789,absolute,node,179253,-1,-3,826
25,0,0,0,328947,absolute,node,59451,-1,1,827
26,0,0,0,342105,absolute,node,146893,-1,-1,826
27,0,0,0,355263,absolute,node,169795,-1,2,828
28,0,0,0,368421,absolute,node,124267,-1,4,832
29,0,0,0,381578,absolute,node,40133,-1,-1,831
30,0,0,0,394736,absolute,node,103711,-1,-5,826
31,0,0,0,407894,absolute,node,108915,-1,4,830
32,0,0,0,421052,absolute,node,158434,-1,5,835
33,0,0,0,434210,absolute,node,126569,-1,-1,834
34,0,0,0,447368,absolute,node,191869,-1,4,838
35,0,0,0,460526,absolute,node,34458,-1,5,843
36,0,0,0,473684,absolute,node,145394,-1,4,847
37,0,0,0,486842,absolute,node,92282,-1,3,850
38,0,0,0,5e+05,absolute,node,116325,-1,-2,848
39,0,0,0,513157,absolute,node,56068,-1,-4,844
40,0,0,0,526315,absolute,node,16232,-1,-3,841
41,0,0,0,539473,absolute,node,140275,-1,1,842
42,0,0,0,552631,absolute,node,160238,-1,-1,841
43,0,0,0,565789,absolute,node,210886,-1,-3,838
44,0,0,0,578947,absolute,node,113397,-1,3,841
45,0,0,0,592105,absolute,node,153207,-1,5,846
46,0,0,0,605263,absolute,node,191115,-1,5,851
47,0,0,0,618421,absolute,node,149425,-1,-4,847
48,0,0,0,631578,absolute,node,16232,-1,-1,846
49,0,0,0,644736,absolute,node,29834,-1,3,849
50,0,0,0,657894,absolute,node,28610,-1,3,852
51,0,0,0,671052,absolute,node,101002,-1,1,853
52,0,0,0,684210,absolute,node,34146,-1,2,855
53,0,0,0,697368,absolute,node,35098,-1,2,857
54,0,0,0,710526,absolute,node,16232,-1,2,859
55,0,0,0,723684,absolute,node,78491,-1,-4,855
56,0,0,0,736842,absolute,node,206508,-1,4,859
57,0,0,0,750000,absolute,node,126569,-1,-2,857
58,0,0,0,763157,absolute,node,210886,-1,5,862
59,0,0,0,776315,absolute,node,35516,-1,-1,861
60,0,0,0,789473,absolute,node,107174,-1,-2,859
61,0,0,0,802631,absolute,node,210886,-1,4,863
62,0,0,0,815789,absolute,node,169046,-1,-5,858
63,0,0,0,828947,absolute,node,132463,-1,4,862
64,0,0,0,842105,absolute,node,140186,-1,-2,860
65,0,0,0,855263,absolute,node,35169,-1,2,862
66,0,0,0,868421,absolute,node,143659,-1,-5,857
67,0,0,0,881578,absolute,node,71141,-1,4,861
68,0,0,0,894736,absolute,node,108915,-1,-5,856
69,0,0,0,907894,absolute,node,8816,-1,-5,851
70,0,0,0,921052,absolute,node,122446,-1,-3,848
71,0,0,0,934210,absolute,node,56068,-1,3,851
72,0,0,0,947368,absolute,node,123776,-1,-2,849
73,0,0,0,960526,absolute,node,103711,-1,5,854
74,0,0,0,973684,absolute,node,107224,-1,-2,852
75,0,0,0,986842,absolute,node,138221,-1,3,855
