changeID,absoluteTime,evaluation,bitVector,distanceEvaluation,typeOfChange,affected,affectedID1,affectedID2,change,totalAfterChange
1,0,0,6622,0,absolute,node,24789,-1,2,868
2,0,0,13245,0,absolute,node,11329,-1,-1,867
3,0,0,19867,0,absolute,node,16122,-1,2,869
4,0,0,26490,0,absolute,node,12008,-1,-3,866
5,0,0,33112,0,absolute,node,9178,-1,2,868
6,0,0,39735,0,absolute,node,13829,-1,2,870
7,0,0,46357,0,absolute,node,12310,-1,4,874
8,0,0,52980,0,absolute,node,18847,-1,-4,870
9,0,0,59602,0,absolute,node,16899,-1,5,875
10,0,0,66225,0,absolute,node,5934,-1,4,879
11,0,0,72847,0,absolute,node,1624,-1,3,882
12,0,0,79470,0,absolute,node,23606,-1,5,887
13,0,0,86092,0,absolute,node,22519,-1,2,889
14,0,0,92715,0,absolute,node,15213,-1,-5,884
15,0,0,99337,0,absolute,node,23093,-1,1,885
16,0,0,105960,0,absolute,node,1580,-1,4,889
17,0,0,112582,0,absolute,node,14034,-1,4,893
18,0,0,119205,0,absolute,node,10615,-1,-5,888
19,0,0,125827,0,absolute,node,18847,-1,-5,883
20,0,0,132450,0,absolute,node,22906,-1,3,886
21,0,0,139072,0,absolute,node,13444,-1,-2,884
22,0,0,145695,0,absolute,node,1312,-1,3,887
23,0,0,152317,0,absolute,node,10462,-1,-3,884
24,0,0,158940,0,absolute,node,20978,-1,2,886
25,0,0,165562,0,absolute,node,8377,-1,4,890
26,0,0,172185,0,absolute,node,542,-1,2,892
27,0,0,178807,0,absolute,node,25175,-1,-4,888
28,0,0,185430,0,absolute,node,2842,-1,-5,883
29,0,0,192052,0,absolute,node,5037,-1,-1,882
30,0,0,198675,0,absolute,node,23093,-1,3,885
31,0,0,205298,0,absolute,node,21186,-1,4,889
32,0,0,211920,0,absolute,node,9985,-1,-3,886
33,0,0,218543,0,absolute,node,17238,-1,-4,882
34,0,0,225165,0,absolute,node,4969,-1,3,885
35,0,0,231788,0,absolute,node,22050,-1,5,890
36,0,0,238410,0,absolute,node,6426,-1,1,891
37,0,0,245033,0,absolute,node,24150,-1,4,895
38,0,0,251655,0,absolute,node,5478,-1,-2,893
39,0,0,258278,0,absolute,node,5466,-1,2,895
40,0,0,264900,0,absolute,node,19972,-1,2,897
41,0,0,271523,0,absolute,node,12739,-1,3,900
42,0,0,278145,0,absolute,node,11503,-1,-3,897
43,0,0,284768,0,absolute,node,15506,-1,2,899
44,0,0,291390,0,absolute,node,9400,-1,-1,898
45,0,0,298013,0,absolute,node,6243,-1,3,901
46,0,0,304635,0,absolute,node,11156,-1,2,903
47,0,0,311258,0,absolute,node,1580,-1,5,908
48,0,0,317880,0,absolute,node,4800,-1,-1,907
49,0,0,324503,0,absolute,node,21286,-1,2,909
50,0,0,331125,0,absolute,node,11694,-1,1,910
51,0,0,337748,0,absolute,node,11695,-1,-4,906
52,0,0,344370,0,absolute,node,2537,-1,-1,905
53,0,0,350993,0,absolute,node,10906,-1,3,908
54,0,0,357615,0,absolute,node,16899,-1,4,912
55,0,0,364238,0,absolute,node,14962,-1,1,913
56,0,0,370860,0,absolute,node,15210,-1,2,915
57,0,0,377483,0,absolute,node,4272,-1,-4,911
58,0,0,384105,0,absolute,node,5033,-1,-1,910
59,0,0,390728,0,absolute,node,7125,-1,4,914
60,0,0,397350,0,absolute,node,7746,-1,3,917
61,0,0,403973,0,absolute,node,17451,-1,-2,915
62,0,0,410596,0,absolute,node,23571,-1,1,916
63,0,0,417218,0,absolute,node,21784,-1,-4,912
64,0,0,423841,0,absolute,node,19972,-1,2,914
65,0,0,430463,0,absolute,node,5934,-1,2,916
66,0,0,437086,0,absolute,node,20907,-1,4,920
67,0,0,443708,0,absolute,node,10615,-1,5,925
68,0,0,450331,0,absolute,node,20015,-1,-5,920
69,0,0,456953,0,absolute,node,11156,-1,5,925
70,0,0,463576,0,absolute,node,4969,-1,-3,922
71,0,0,470198,0,absolute,node,3348,-1,-2,920
72,0,0,476821,0,absolute,node,17238,-1,5,925
73,0,0,483443,0,absolute,node,3348,-1,2,927
74,0,0,490066,0,absolute,node,25175,-1,5,932
75,0,0,496688,0,absolute,node,25159,-1,2,934
76,0,0,503311,0,absolute,node,11695,-1,1,935
77,0,0,509933,0,absolute,node,11503,-1,1,936
78,0,0,516556,0,absolute,node,20907,-1,-3,933
79,0,0,523178,0,absolute,node,5478,-1,-4,929
80,0,0,529801,0,absolute,node,16696,-1,5,934
81,0,0,536423,0,absolute,node,5033,-1,1,935
82,0,0,543046,0,absolute,node,15974,-1,4,939
83,0,0,549668,0,absolute,node,25393,-1,5,944
84,0,0,556291,0,absolute,node,5033,-1,5,949
85,0,0,562913,0,absolute,node,21784,-1,-1,948
86,0,0,569536,0,absolute,node,20907,-1,5,953
87,0,0,576158,0,absolute,node,24066,-1,-3,950
88,0,0,582781,0,absolute,node,22516,-1,1,951
89,0,0,589403,0,absolute,node,12517,-1,-1,950
90,0,0,596026,0,absolute,node,17238,-1,-1,949
91,0,0,602649,0,absolute,node,25677,-1,5,954
92,0,0,609271,0,absolute,node,15974,-1,2,956
93,0,0,615894,0,absolute,node,23606,-1,5,961
94,0,0,622516,0,absolute,node,2718,-1,-4,957
95,0,0,629139,0,absolute,node,24937,-1,5,962
96,0,0,635761,0,absolute,node,15213,-1,3,965
97,0,0,642384,0,absolute,node,25175,-1,2,967
98,0,0,649006,0,absolute,node,11145,-1,5,972
99,0,0,655629,0,absolute,node,19564,-1,2,974
100,0,0,662251,0,absolute,node,6309,-1,-4,970
101,0,0,668874,0,absolute,node,15749,-1,4,974
102,0,0,675496,0,absolute,node,10116,-1,1,975
103,0,0,682119,0,absolute,node,5478,-1,4,979
104,0,0,688741,0,absolute,node,344,-1,-3,976
105,0,0,695364,0,absolute,node,17451,-1,2,978
106,0,0,701986,0,absolute,node,23093,-1,5,983
107,0,0,708609,0,absolute,node,5037,-1,-1,982
108,0,0,715231,0,absolute,node,22906,-1,-3,979
109,0,0,721854,0,absolute,node,867,-1,-2,977
110,0,0,728476,0,absolute,node,25677,-1,5,982
111,0,0,735099,0,absolute,node,15405,-1,1,983
112,0,0,741721,0,absolute,node,8377,-1,3,986
113,0,0,748344,0,absolute,node,25286,-1,4,990
114,0,0,754966,0,absolute,node,5934,-1,-1,989
115,0,0,761589,0,absolute,node,24066,-1,4,993
116,0,0,768211,0,absolute,node,9766,-1,-3,990
117,0,0,774834,0,absolute,node,16752,-1,-3,987
118,0,0,781456,0,absolute,node,4430,-1,-2,985
119,0,0,788079,0,absolute,node,12372,-1,-4,981
120,0,0,794701,0,absolute,node,9178,-1,3,984
121,0,0,801324,0,absolute,node,4430,-1,-5,979
122,0,0,807947,0,absolute,node,17238,-1,5,984
123,0,0,814569,0,absolute,node,1254,-1,4,988
124,0,0,821192,0,absolute,node,20015,-1,1,989
125,0,0,827814,0,absolute,node,23606,-1,3,992
126,0,0,834437,0,absolute,node,14353,-1,-4,988
127,0,0,841059,0,absolute,node,9673,-1,-1,987
128,0,0,847682,0,absolute,node,15506,-1,-1,986
129,0,0,854304,0,absolute,node,14353,-1,-3,983
130,0,0,860927,0,absolute,node,14353,-1,5,988
131,0,0,867549,0,absolute,node,8870,-1,5,993
132,0,0,874172,0,absolute,node,4272,-1,-2,991
133,0,0,880794,0,absolute,node,16752,-1,-4,987
134,0,0,887417,0,absolute,node,23322,-1,4,991
135,0,0,894039,0,absolute,node,21784,-1,2,993
136,0,0,900662,0,absolute,node,21178,-1,5,998
137,0,0,907284,0,absolute,node,676,-1,-3,995
138,0,0,913907,0,absolute,node,13837,-1,4,999
139,0,0,920529,0,absolute,node,13837,-1,1,1000
140,0,0,927152,0,absolute,node,867,-1,-4,996
141,0,0,933774,0,absolute,node,344,-1,-1,995
142,0,0,940397,0,absolute,node,15506,-1,2,997
143,0,0,947019,0,absolute,node,19225,-1,3,1000
144,0,0,953642,0,absolute,node,7667,-1,-1,999
145,0,0,960264,0,absolute,node,4272,-1,-2,997
146,0,0,966887,0,absolute,node,13749,-1,-1,996
147,0,0,973509,0,absolute,node,157,-1,-1,995
148,0,0,980132,0,absolute,node,17238,-1,-5,990
149,0,0,986754,0,absolute,node,12757,-1,3,993
150,0,0,993377,0,absolute,node,23571,-1,5,998
