changeID,absoluteTime,evaluation,bitVector,distanceEvaluation,typeOfChange,affected,affectedID1,affectedID2,change,totalAfterChange
1,0,0,6622,0,absolute,node,163969,-1,-4,818
2,0,0,13245,0,absolute,node,165513,-1,-2,816
3,0,0,19867,0,absolute,node,199785,-1,-3,813
4,0,0,26490,0,absolute,node,83229,-1,2,815
5,0,0,33112,0,absolute,node,6061,-1,-2,813
6,0,0,39735,0,absolute,node,176373,-1,-3,810
7,0,0,46357,0,absolute,node,127907,-1,1,811
8,0,0,52980,0,absolute,node,123776,-1,1,812
9,0,0,59602,0,absolute,node,165769,-1,-5,807
10,0,0,66225,0,absolute,node,82871,-1,4,811
11,0,0,72847,0,absolute,node,115091,-1,-1,810
12,0,0,79470,0,absolute,node,116325,-1,-3,807
13,0,0,86092,0,absolute,node,73730,-1,-1,806
14,0,0,92715,0,absolute,node,13152,-1,1,807
15,0,0,99337,0,absolute,node,169795,-1,5,812
16,0,0,105960,0,absolute,node,59451,-1,5,817
17,0,0,112582,0,absolute,node,145394,-1,5,822
18,0,0,119205,0,absolute,node,143118,-1,1,823
19,0,0,125827,0,absolute,node,102393,-1,-2,821
20,0,0,132450,0,absolute,node,29834,-1,-2,819
21,0,0,139072,0,absolute,node,140275,-1,4,823
22,0,0,145695,0,absolute,node,34146,-1,2,825
23,0,0,152317,0,absolute,node,134353,-1,-4,821
24,0,0,158940,0,absolute,node,169046,-1,-4,817
25,0,0,165562,0,absolute,node,164749,-1,1,818
26,0,0,172185,0,absolute,node,74446,-1,4,822
27,0,0,178807,0,absolute,node,190167,-1,-2,820
28,0,0,185430,0,absolute,node,13152,-1,2,822
29,0,0,192052,0,absolute,node,67764,-1,3,825
30,0,0,198675,0,absolute,node,160238,-1,4,829
31,0,0,205298,0,absolute,node,109235,-1,-2,827
32,0,0,211920,0,absolute,node,35330,-1,2,829
33,0,0,218543,0,absolute,node,133636,-1,5,834
34,0,0,225165,0,absolute,node,15705,-1,-5,829
35,0,0,231788,0,absolute,node,100848,-1,-4,825
36,0,0,238410,0,absolute,node,133636,-1,-3,822
37,0,0,245033,0,absolute,node,74446,-1,4,826
38,0,0,251655,0,absolute,node,201245,-1,3,829
39,0,0,258278,0,absolute,node,16232,-1,4,833
40,0,0,264900,0,absolute,node,113397,-1,2,835
41,0,0,271523,0,absolute,node,1643,-1,3,838
42,0,0,278145,0,absolute,node,173158,-1,2,840
43,0,0,284768,0,absolute,node,187663,-1,-1,839
44,0,0,291390,0,absolute,node,201154,-1,5,844
45,0,0,298013,0,absolute,node,183733,-1,-3,841
46,0,0,304635,0,absolute,node,13152,-1,4,845
47,0,0,311258,0,absolute,node,132382,-1,-2,843
48,0,0,317880,0,absolute,node,94714,-1,2,845
49,0,0,324503,0,absolute,node,6061,-1,-2,843
50,0,0,331125,0,absolute,node,183733,-1,3,846
51,0,0,337748,0,absolute,node,107224,-1,-1,845
52,0,0,344370,0,absolute,node,157475,-1,-3,842
53,0,0,350993,0,absolute,node,183733,-1,-4,838
54,0,0,357615,0,absolute,node,191610,-1,5,843
55,0,0,364238,0,absolute,node,105209,-1,-2,841
56,0,0,370860,0,absolute,node,71195,-1,-1,840
57,0,0,377483,0,absolute,node,131283,-1,-4,836
58,0,0,384105,0,absolute,node,211530,-1,-1,835
59,0,0,390728,0,absolute,node,78491,-1,-5,830
60,0,0,397350,0,absolute,node,105209,-1,3,833
61,0,0,403973,0,absolute,node,83229,-1,-5,828
62,0,0,410596,0,absolute,node,87354,-1,-2,826
63,0,0,417218,0,absolute,node,173158,-1,2,828
64,0,0,423841,0,absolute,node,88829,-1,2,830
65,0,0,430463,0,absolute,node,6061,-1,1,831
66,0,0,437086,0,absolute,node,110966,-1,4,835
67,0,0,443708,0,absolute,node,140186,-1,4,839
68,0,0,450331,0,absolute,node,4138,-1,-4,835
69,0,0,456953,0,absolute,node,21439,-1,2,837
70,0,0,463576,0,absolute,node,56068,-1,5,842
71,0,0,470198,0,absolute,node,200665,-1,4,846
72,0,0,476821,0,absolute,node,165513,-1,3,849
73,0,0,483443,0,absolute,node,191869,-1,2,851
74,0,0,490066,0,absolute,node,183909,-1,3,854
75,0,0,496688,0,absolute,node,69982,-1,4,858
76,0,0,503311,0,absolute,node,56441,-1,1,859
77,0,0,509933,0,absolute,node,138221,-1,3,862
78,0,0,516556,0,absolute,node,127907,-1,-3,859
79,0,0,523178,0,absolute,node,101002,-1,-2,857
80,0,0,529801,0,absolute,node,22674,-1,1,858
81,0,0,536423,0,absolute,node,169046,-1,2,860
82,0,0,543046,0,absolute,node,127907,-1,-3,857
83,0,0,549668,0,absolute,node,116046,-1,-5,852
84,0,0,556291,0,absolute,node,82871,-1,-5,847
85,0,0,562913,0,absolute,node,71891,-1,1,848
86,0,0,569536,0,absolute,node,140186,-1,-4,844
87,0,0,576158,0,absolute,node,145394,-1,-2,842
88,0,0,582781,0,absolute,node,22804,-1,4,846
89,0,0,589403,0,absolute,node,195666,-1,3,849
90,0,0,596026,0,absolute,node,126569,-1,1,850
91,0,0,602649,0,absolute,node,73730,-1,1,851
92,0,0,609271,0,absolute,node,122446,-1,4,855
93,0,0,615894,0,absolute,node,21439,-1,4,859
94,0,0,622516,0,absolute,node,83229,-1,-1,858
95,0,0,629139,0,absolute,node,86880,-1,-4,854
96,0,0,635761,0,absolute,node,108915,-1,3,857
97,0,0,642384,0,absolute,node,131283,-1,-3,854
98,0,0,649006,0,absolute,node,22674,-1,-3,851
99,0,0,655629,0,absolute,node,163226,-1,1,852
100,0,0,662251,0,absolute,node,145394,-1,-3,849
101,0,0,668874,0,absolute,node,47040,-1,1,850
102,0,0,675496,0,absolute,node,201154,-1,3,853
103,0,0,682119,0,absolute,node,69982,-1,-1,852
104,0,0,688741,0,absolute,node,21439,-1,-2,850
105,0,0,695364,0,absolute,node,8816,-1,-5,845
106,0,0,701986,0,absolute,node,210886,-1,-1,844
107,0,0,708609,0,absolute,node,17691,-1,-1,843
108,0,0,715231,0,absolute,node,145394,-1,-3,840
109,0,0,721854,0,absolute,node,211530,-1,1,841
110,0,0,728476,0,absolute,node,191610,-1,4,845
111,0,0,735099,0,absolute,node,116046,-1,-1,844
112,0,0,741721,0,absolute,node,145394,-1,-3,841
113,0,0,748344,0,absolute,node,34458,-1,-3,838
114,0,0,754966,0,absolute,node,129342,-1,5,843
115,0,0,761589,0,absolute,node,35169,-1,3,846
116,0,0,768211,0,absolute,node,146893,-1,3,849
117,0,0,774834,0,absolute,node,53126,-1,-5,844
118,0,0,781456,0,absolute,node,83229,-1,1,845
119,0,0,788079,0,absolute,node,35098,-1,1,846
120,0,0,794701,0,absolute,node,160238,-1,-2,844
121,0,0,801324,0,absolute,node,179253,-1,-1,843
122,0,0,807947,0,absolute,node,73730,-1,-3,840
123,0,0,814569,0,absolute,node,102393,-1,5,845
124,0,0,821192,0,absolute,node,28610,-1,-4,841
125,0,0,827814,0,absolute,node,71141,-1,3,844
126,0,0,834437,0,absolute,node,65384,-1,2,846
127,0,0,841059,0,absolute,node,47040,-1,-1,845
128,0,0,847682,0,absolute,node,74446,-1,-5,840
129,0,0,854304,0,absolute,node,36501,-1,-5,835
130,0,0,860927,0,absolute,node,53126,-1,5,840
131,0,0,867549,0,absolute,node,191610,-1,-4,836
132,0,0,874172,0,absolute,node,124267,-1,-5,831
133,0,0,880794,0,absolute,node,199785,-1,3,834
134,0,0,887417,0,absolute,node,149425,-1,5,839
135,0,0,894039,0,absolute,node,191869,-1,3,842
136,0,0,900662,0,absolute,node,157475,-1,2,844
137,0,0,907284,0,absolute,node,63841,-1,1,845
138,0,0,913907,0,absolute,node,145394,-1,1,846
139,0,0,920529,0,absolute,node,110559,-1,5,851
140,0,0,927152,0,absolute,node,199785,-1,2,853
141,0,0,933774,0,absolute,node,133636,-1,-3,850
142,0,0,940397,0,absolute,node,165513,-1,-1,849
143,0,0,947019,0,absolute,node,146893,-1,-1,848
144,0,0,953642,0,absolute,node,114513,-1,5,853
145,0,0,960264,0,absolute,node,124267,-1,-1,852
146,0,0,966887,0,absolute,node,75025,-1,3,855
147,0,0,973509,0,absolute,node,109235,-1,-4,851
148,0,0,980132,0,absolute,node,56068,-1,4,855
149,0,0,986754,0,absolute,node,13152,-1,-2,853
150,0,0,993377,0,absolute,node,21439,-1,-5,848
