changeID,absoluteTime,evaluation,bitVector,distanceEvaluation,typeOfChange,affected,affectedID1,affectedID2,change,totalAfterChange
1,0,0,6622,0,absolute,node,4586,-1,5,783
2,0,0,13245,0,absolute,node,23220,-1,-3,780
3,0,0,19867,0,absolute,node,24841,-1,-5,775
4,0,0,26490,0,absolute,node,19654,-1,5,780
5,0,0,33112,0,absolute,node,8095,-1,-2,778
6,0,0,39735,0,absolute,node,9078,-1,-2,776
7,0,0,46357,0,absolute,node,24841,-1,5,781
8,0,0,52980,0,absolute,node,2457,-1,3,784
9,0,0,59602,0,absolute,node,14341,-1,1,785
10,0,0,66225,0,absolute,node,4643,-1,-2,783
11,0,0,72847,0,absolute,node,15765,-1,1,784
12,0,0,79470,0,absolute,node,2571,-1,5,789
13,0,0,86092,0,absolute,node,2692,-1,-1,788
14,0,0,92715,0,absolute,node,19621,-1,1,789
15,0,0,99337,0,absolute,node,20232,-1,3,792
16,0,0,105960,0,absolute,node,11833,-1,-1,791
17,0,0,112582,0,absolute,node,5125,-1,-1,790
18,0,0,119205,0,absolute,node,13802,-1,-5,785
19,0,0,125827,0,absolute,node,22236,-1,2,787
20,0,0,132450,0,absolute,node,26008,-1,3,790
21,0,0,139072,0,absolute,node,19654,-1,-2,788
22,0,0,145695,0,absolute,node,16871,-1,5,793
23,0,0,152317,0,absolute,node,25684,-1,-2,791
24,0,0,158940,0,absolute,node,6761,-1,3,794
25,0,0,165562,0,absolute,node,16094,-1,3,797
26,0,0,172185,0,absolute,node,1773,-1,-4,793
27,0,0,178807,0,absolute,node,20700,-1,2,795
28,0,0,185430,0,absolute,node,16941,-1,2,797
29,0,0,192052,0,absolute,node,3774,-1,1,798
30,0,0,198675,0,absolute,node,25089,-1,4,802
31,0,0,205298,0,absolute,node,2571,-1,-3,799
32,0,0,211920,0,absolute,node,23540,-1,2,801
33,0,0,218543,0,absolute,node,11833,-1,-3,798
34,0,0,225165,0,absolute,node,12353,-1,-1,797
35,0,0,231788,0,absolute,node,15782,-1,-3,794
36,0,0,238410,0,absolute,node,20173,-1,4,798
37,0,0,245033,0,absolute,node,18257,-1,1,799
38,0,0,251655,0,absolute,node,10458,-1,5,804
39,0,0,258278,0,absolute,node,3648,-1,3,807
40,0,0,264900,0,absolute,node,17494,-1,1,808
41,0,0,271523,0,absolute,node,17227,-1,-3,805
42,0,0,278145,0,absolute,node,24741,-1,-4,801
43,0,0,284768,0,absolute,node,8095,-1,2,803
44,0,0,291390,0,absolute,node,14212,-1,-2,801
45,0,0,298013,0,absolute,node,6227,-1,-4,797
46,0,0,304635,0,absolute,node,2692,-1,1,798
47,0,0,311258,0,absolute,node,14573,-1,-5,793
48,0,0,317880,0,absolute,node,16983,-1,4,797
49,0,0,324503,0,absolute,node,12873,-1,3,800
50,0,0,331125,0,absolute,node,5583,-1,5,805
51,0,0,337748,0,absolute,node,2571,-1,5,810
52,0,0,344370,0,absolute,node,4586,-1,3,813
53,0,0,350993,0,absolute,node,2347,-1,-3,810
54,0,0,357615,0,absolute,node,12239,-1,5,815
55,0,0,364238,0,absolute,node,23300,-1,3,818
56,0,0,370860,0,absolute,node,12873,-1,3,821
57,0,0,377483,0,absolute,node,16653,-1,-4,817
58,0,0,384105,0,absolute,node,3094,-1,5,822
59,0,0,390728,0,absolute,node,1773,-1,3,825
60,0,0,397350,0,absolute,node,12873,-1,-5,820
61,0,0,403973,0,absolute,node,7703,-1,-5,815
62,0,0,410596,0,absolute,node,5583,-1,-4,811
63,0,0,417218,0,absolute,node,4643,-1,2,813
64,0,0,423841,0,absolute,node,4586,-1,4,817
65,0,0,430463,0,absolute,node,15523,-1,-5,812
66,0,0,437086,0,absolute,node,2457,-1,-2,810
67,0,0,443708,0,absolute,node,22,-1,3,813
68,0,0,450331,0,absolute,node,5583,-1,-3,810
69,0,0,456953,0,absolute,node,5954,-1,1,811
70,0,0,463576,0,absolute,node,16941,-1,4,815
71,0,0,470198,0,absolute,node,3762,-1,-2,813
72,0,0,476821,0,absolute,node,24088,-1,1,814
73,0,0,483443,0,absolute,node,8956,-1,-4,810
74,0,0,490066,0,absolute,node,12711,-1,1,811
75,0,0,496688,0,absolute,node,19611,-1,3,814
76,0,0,503311,0,absolute,node,19654,-1,-3,811
77,0,0,509933,0,absolute,node,22236,-1,-4,807
78,0,0,516556,0,absolute,node,4586,-1,4,811
79,0,0,523178,0,absolute,node,15885,-1,-1,810
80,0,0,529801,0,absolute,node,1869,-1,1,811
81,0,0,536423,0,absolute,node,19322,-1,3,814
82,0,0,543046,0,absolute,node,9078,-1,4,818
83,0,0,549668,0,absolute,node,3648,-1,4,822
84,0,0,556291,0,absolute,node,2163,-1,5,827
85,0,0,562913,0,absolute,node,20445,-1,-1,826
86,0,0,569536,0,absolute,node,2691,-1,2,828
87,0,0,576158,0,absolute,node,25294,-1,-1,827
88,0,0,582781,0,absolute,node,8957,-1,-1,826
89,0,0,589403,0,absolute,node,22698,-1,5,831
90,0,0,596026,0,absolute,node,3648,-1,-2,829
91,0,0,602649,0,absolute,node,19654,-1,4,833
92,0,0,609271,0,absolute,node,2691,-1,3,836
93,0,0,615894,0,absolute,node,18664,-1,-1,835
94,0,0,622516,0,absolute,node,4785,-1,4,839
95,0,0,629139,0,absolute,node,24741,-1,5,844
96,0,0,635761,0,absolute,node,15493,-1,2,846
97,0,0,642384,0,absolute,node,23290,-1,-5,841
98,0,0,649006,0,absolute,node,765,-1,-1,840
99,0,0,655629,0,absolute,node,6227,-1,1,841
100,0,0,662251,0,absolute,node,8956,-1,3,844
101,0,0,668874,0,absolute,node,22236,-1,1,845
102,0,0,675496,0,absolute,node,13027,-1,1,846
103,0,0,682119,0,absolute,node,15885,-1,1,847
104,0,0,688741,0,absolute,node,9078,-1,1,848
105,0,0,695364,0,absolute,node,17865,-1,4,852
106,0,0,701986,0,absolute,node,8671,-1,-1,851
107,0,0,708609,0,absolute,node,13802,-1,-4,847
108,0,0,715231,0,absolute,node,17227,-1,4,851
109,0,0,721854,0,absolute,node,12353,-1,5,856
110,0,0,728476,0,absolute,node,6625,-1,3,859
111,0,0,735099,0,absolute,node,3774,-1,3,862
112,0,0,741721,0,absolute,node,19611,-1,5,867
113,0,0,748344,0,absolute,node,6625,-1,-4,863
114,0,0,754966,0,absolute,node,5125,-1,1,864
115,0,0,761589,0,absolute,node,13842,-1,-5,859
116,0,0,768211,0,absolute,node,11407,-1,5,864
117,0,0,774834,0,absolute,node,19654,-1,3,867
118,0,0,781456,0,absolute,node,23300,-1,-5,862
119,0,0,788079,0,absolute,node,5583,-1,4,866
120,0,0,794701,0,absolute,node,6154,-1,-3,863
121,0,0,801324,0,absolute,node,704,-1,-4,859
122,0,0,807947,0,absolute,node,13987,-1,4,863
123,0,0,814569,0,absolute,node,25091,-1,-3,860
124,0,0,821192,0,absolute,node,24841,-1,-3,857
125,0,0,827814,0,absolute,node,13427,-1,2,859
126,0,0,834437,0,absolute,node,20915,-1,2,861
127,0,0,841059,0,absolute,node,6128,-1,-1,860
128,0,0,847682,0,absolute,node,14212,-1,1,861
129,0,0,854304,0,absolute,node,20915,-1,5,866
130,0,0,860927,0,absolute,node,14341,-1,-1,865
131,0,0,867549,0,absolute,node,6227,-1,1,866
132,0,0,874172,0,absolute,node,1869,-1,-1,865
133,0,0,880794,0,absolute,node,6625,-1,-1,864
134,0,0,887417,0,absolute,node,3203,-1,5,869
135,0,0,894039,0,absolute,node,6327,-1,-3,866
136,0,0,900662,0,absolute,node,16941,-1,2,868
137,0,0,907284,0,absolute,node,10714,-1,2,870
138,0,0,913907,0,absolute,node,12148,-1,5,875
139,0,0,920529,0,absolute,node,5954,-1,1,876
140,0,0,927152,0,absolute,node,16062,-1,5,881
141,0,0,933774,0,absolute,node,6154,-1,4,885
142,0,0,940397,0,absolute,node,3989,-1,-4,881
143,0,0,947019,0,absolute,node,2512,-1,5,886
144,0,0,953642,0,absolute,node,11873,-1,4,890
145,0,0,960264,0,absolute,node,3094,-1,-2,888
146,0,0,966887,0,absolute,node,3181,-1,-2,886
147,0,0,973509,0,absolute,node,4586,-1,-1,885
148,0,0,980132,0,absolute,node,11995,-1,-4,881
149,0,0,986754,0,absolute,node,10996,-1,3,884
150,0,0,993377,0,absolute,node,22225,-1,-1,883
