changeID,absoluteTime,evaluation,bitVector,distanceEvaluation,typeOfChange,affected,affectedID1,affectedID2,change,totalAfterChange
1,0,0,9900,0,absolute,node,10176,-1,3,524
2,0,0,19801,0,absolute,node,2938,-1,-5,519
3,0,0,29702,0,absolute,node,24922,-1,4,523
4,0,0,39603,0,absolute,node,11559,-1,-5,518
5,0,0,49504,0,absolute,node,8420,-1,-1,517
6,0,0,59405,0,absolute,node,10052,-1,3,520
7,0,0,69306,0,absolute,node,9185,-1,-3,517
8,0,0,79207,0,absolute,node,10316,-1,1,518
9,0,0,89108,0,absolute,node,7748,-1,2,520
10,0,0,99009,0,absolute,node,10660,-1,1,521
11,0,0,108910,0,absolute,node,17860,-1,4,525
12,0,0,118811,0,absolute,node,8078,-1,5,530
13,0,0,128712,0,absolute,node,14428,-1,1,531
14,0,0,138613,0,absolute,node,14873,-1,-2,529
15,0,0,148514,0,absolute,node,13459,-1,2,531
16,0,0,158415,0,absolute,node,15638,-1,4,535
17,0,0,168316,0,absolute,node,7866,-1,3,538
18,0,0,178217,0,absolute,node,20971,-1,-4,534
19,0,0,188118,0,absolute,node,7784,-1,5,539
20,0,0,198019,0,absolute,node,16461,-1,5,544
21,0,0,207920,0,absolute,node,13711,-1,5,549
22,0,0,217821,0,absolute,node,11686,-1,-3,546
23,0,0,227722,0,absolute,node,4182,-1,2,548
24,0,0,237623,0,absolute,node,4182,-1,4,552
25,0,0,247524,0,absolute,node,25549,-1,-2,550
26,0,0,257425,0,absolute,node,4804,-1,-5,545
27,0,0,267326,0,absolute,node,21634,-1,3,548
28,0,0,277227,0,absolute,node,25169,-1,2,550
29,0,0,287128,0,absolute,node,19879,-1,-3,547
30,0,0,297029,0,absolute,node,13459,-1,3,550
31,0,0,306930,0,absolute,node,25549,-1,4,554
32,0,0,316831,0,absolute,node,13459,-1,3,557
33,0,0,326732,0,absolute,node,16225,-1,-3,554
34,0,0,336633,0,absolute,node,7258,-1,2,556
35,0,0,346534,0,absolute,node,7866,-1,-2,554
36,0,0,356435,0,absolute,node,15190,-1,-1,553
37,0,0,366336,0,absolute,node,16225,-1,5,558
38,0,0,376237,0,absolute,node,14424,-1,4,562
39,0,0,386138,0,absolute,node,2938,-1,-1,561
40,0,0,396039,0,absolute,node,14428,-1,-1,560
41,0,0,405940,0,absolute,node,2858,-1,-4,556
42,0,0,415841,0,absolute,node,16225,-1,5,561
43,0,0,425742,0,absolute,node,20561,-1,3,564
44,0,0,435643,0,absolute,node,2244,-1,-1,563
45,0,0,445544,0,absolute,node,15516,-1,-4,559
46,0,0,455445,0,absolute,node,9819,-1,-1,558
47,0,0,465346,0,absolute,node,3700,-1,3,561
48,0,0,475247,0,absolute,node,13693,-1,-4,557
49,0,0,485148,0,absolute,node,13459,-1,-4,553
50,0,0,495049,0,absolute,node,11197,-1,5,558
51,0,0,504950,0,absolute,node,5176,-1,3,561
52,0,0,514851,0,absolute,node,2657,-1,-1,560
53,0,0,524752,0,absolute,node,20561,-1,-3,557
54,0,0,534653,0,absolute,node,2595,-1,4,561
55,0,0,544554,0,absolute,node,4823,-1,3,564
56,0,0,554455,0,absolute,node,20561,-1,-1,563
57,0,0,564356,0,absolute,node,24922,-1,5,568
58,0,0,574257,0,absolute,node,14428,-1,4,572
59,0,0,584158,0,absolute,node,16163,-1,-5,567
60,0,0,594059,0,absolute,node,10176,-1,3,570
61,0,0,603960,0,absolute,node,4804,-1,-2,568
62,0,0,613861,0,absolute,node,3700,-1,4,572
63,0,0,623762,0,absolute,node,21292,-1,3,575
64,0,0,633663,0,absolute,node,8078,-1,-2,573
65,0,0,643564,0,absolute,node,8968,-1,4,577
66,0,0,653465,0,absolute,node,10052,-1,-4,573
67,0,0,663366,0,absolute,node,3700,-1,3,576
68,0,0,673267,0,absolute,node,25336,-1,1,577
69,0,0,683168,0,absolute,node,16161,-1,5,582
70,0,0,693069,0,absolute,node,14926,-1,5,587
71,0,0,702970,0,absolute,node,14428,-1,3,590
72,0,0,712871,0,absolute,node,2938,-1,3,593
73,0,0,722772,0,absolute,node,2244,-1,4,597
74,0,0,732673,0,absolute,node,15343,-1,2,599
75,0,0,742574,0,absolute,node,8968,-1,3,602
76,0,0,752475,0,absolute,node,8537,-1,-4,598
77,0,0,762376,0,absolute,node,15638,-1,4,602
78,0,0,772277,0,absolute,node,255,-1,1,603
79,0,0,782178,0,absolute,node,11682,-1,5,608
80,0,0,792079,0,absolute,node,10176,-1,-3,605
81,0,0,801980,0,absolute,node,2858,-1,-4,601
82,0,0,811881,0,absolute,node,8968,-1,3,604
83,0,0,821782,0,absolute,node,24922,-1,-1,603
84,0,0,831683,0,absolute,node,10839,-1,-3,600
85,0,0,841584,0,absolute,node,10316,-1,1,601
86,0,0,851485,0,absolute,node,14706,-1,-1,600
87,0,0,861386,0,absolute,node,4823,-1,2,602
88,0,0,871287,0,absolute,node,22185,-1,3,605
89,0,0,881188,0,absolute,node,2858,-1,5,610
90,0,0,891089,0,absolute,node,13955,-1,4,614
91,0,0,900990,0,absolute,node,25549,-1,3,617
92,0,0,910891,0,absolute,node,20971,-1,-1,616
93,0,0,920792,0,absolute,node,7748,-1,4,620
94,0,0,930693,0,absolute,node,16343,-1,-5,615
95,0,0,940594,0,absolute,node,16478,-1,-2,613
96,0,0,950495,0,absolute,node,15638,-1,5,618
97,0,0,960396,0,absolute,node,11197,-1,-4,614
98,0,0,970297,0,absolute,node,6961,-1,-1,613
99,0,0,980198,0,absolute,node,21138,-1,-3,610
100,0,0,990099,0,absolute,node,12725,-1,1,611
