changeID,absoluteTime,evaluation,bitVector,distanceEvaluation,typeOfChange,affected,affectedID1,affectedID2,change,totalAfterChange
1,0,0,0,6622,absolute,node,2919,-1,-2,776
2,0,0,0,13245,absolute,node,1869,-1,1,777
3,0,0,0,19867,absolute,node,2571,-1,1,778
4,0,0,0,26490,absolute,node,2163,-1,-1,777
5,0,0,0,33112,absolute,node,3648,-1,-2,775
6,0,0,0,39735,absolute,node,25089,-1,1,776
7,0,0,0,46357,absolute,node,20700,-1,-4,772
8,0,0,0,52980,absolute,node,20915,-1,-4,768
9,0,0,0,59602,absolute,node,8282,-1,-1,767
10,0,0,0,66225,absolute,node,5143,-1,3,770
11,0,0,0,72847,absolute,node,24055,-1,-1,769
12,0,0,0,79470,absolute,node,16062,-1,3,772
13,0,0,0,86092,absolute,node,11873,-1,5,777
14,0,0,0,92715,absolute,node,3648,-1,2,779
15,0,0,0,99337,absolute,node,10694,-1,2,781
16,0,0,0,105960,absolute,node,14212,-1,1,782
17,0,0,0,112582,absolute,node,12854,-1,4,786
18,0,0,0,119205,absolute,node,15770,-1,5,791
19,0,0,0,125827,absolute,node,25089,-1,2,793
20,0,0,0,132450,absolute,node,16653,-1,5,798
21,0,0,0,139072,absolute,node,2347,-1,3,801
22,0,0,0,145695,absolute,node,3181,-1,5,806
23,0,0,0,152317,absolute,node,15770,-1,-2,804
24,0,0,0,158940,absolute,node,16941,-1,-3,801
25,0,0,0,165562,absolute,node,6327,-1,-1,800
26,0,0,0,172185,absolute,node,2163,-1,-1,799
27,0,0,0,178807,absolute,node,2457,-1,4,803
28,0,0,0,185430,absolute,node,12873,-1,-1,802
29,0,0,0,192052,absolute,node,2691,-1,4,806
30,0,0,0,198675,absolute,node,1773,-1,-1,805
31,0,0,0,205298,absolute,node,6227,-1,1,806
32,0,0,0,211920,absolute,node,22041,-1,2,808
33,0,0,0,218543,absolute,node,14573,-1,2,810
34,0,0,0,225165,absolute,node,3181,-1,-4,806
35,0,0,0,231788,absolute,node,24207,-1,1,807
36,0,0,0,238410,absolute,node,6327,-1,2,809
37,0,0,0,245033,absolute,node,6625,-1,2,811
38,0,0,0,251655,absolute,node,6576,-1,-3,808
39,0,0,0,258278,absolute,node,1930,-1,4,812
40,0,0,0,264900,absolute,node,13802,-1,4,816
41,0,0,0,271523,absolute,node,4643,-1,-1,815
42,0,0,0,278145,absolute,node,22236,-1,-2,813
43,0,0,0,284768,absolute,node,1773,-1,5,818
44,0,0,0,291390,absolute,node,25758,-1,2,820
45,0,0,0,298013,absolute,node,24947,-1,5,825
46,0,0,0,304635,absolute,node,6128,-1,-3,822
47,0,0,0,311258,absolute,node,23300,-1,5,827
48,0,0,0,317880,absolute,node,4785,-1,4,831
49,0,0,0,324503,absolute,node,2028,-1,3,834
50,0,0,0,331125,absolute,node,24945,-1,-3,831
51,0,0,0,337748,absolute,node,8957,-1,3,834
52,0,0,0,344370,absolute,node,6625,-1,5,839
53,0,0,0,350993,absolute,node,18065,-1,-1,838
54,0,0,0,357615,absolute,node,980,-1,5,843
55,0,0,0,364238,absolute,node,2347,-1,2,845
56,0,0,0,370860,absolute,node,25089,-1,1,846
57,0,0,0,377483,absolute,node,14341,-1,-3,843
58,0,0,0,384105,absolute,node,12353,-1,2,845
59,0,0,0,390728,absolute,node,19105,-1,5,850
60,0,0,0,397350,absolute,node,15493,-1,5,855
61,0,0,0,403973,absolute,node,20173,-1,1,856
62,0,0,0,410596,absolute,node,12711,-1,-2,854
63,0,0,0,417218,absolute,node,6327,-1,-5,849
64,0,0,0,423841,absolute,node,3203,-1,5,854
65,0,0,0,430463,absolute,node,8282,-1,-1,853
66,0,0,0,437086,absolute,node,3648,-1,1,854
67,0,0,0,443708,absolute,node,14250,-1,2,856
68,0,0,0,450331,absolute,node,2631,-1,-2,854
69,0,0,0,456953,absolute,node,10892,-1,-5,849
70,0,0,0,463576,absolute,node,3989,-1,3,852
71,0,0,0,470198,absolute,node,19611,-1,3,855
72,0,0,0,476821,absolute,node,2347,-1,-1,854
73,0,0,0,483443,absolute,node,20700,-1,4,858
74,0,0,0,490066,absolute,node,21099,-1,-3,855
75,0,0,0,496688,absolute,node,18664,-1,4,859
76,0,0,0,503311,absolute,node,24325,-1,5,864
77,0,0,0,509933,absolute,node,8129,-1,-2,862
78,0,0,0,516556,absolute,node,21099,-1,-3,859
79,0,0,0,523178,absolute,node,19611,-1,2,861
80,0,0,0,529801,absolute,node,3181,-1,5,866
81,0,0,0,536423,absolute,node,22225,-1,5,871
82,0,0,0,543046,absolute,node,6327,-1,-1,870
83,0,0,0,549668,absolute,node,11833,-1,-1,869
84,0,0,0,556291,absolute,node,10996,-1,-3,866
85,0,0,0,562913,absolute,node,6227,-1,3,869
86,0,0,0,569536,absolute,node,17394,-1,4,873
87,0,0,0,576158,absolute,node,3181,-1,-1,872
88,0,0,0,582781,absolute,node,3762,-1,-5,867
89,0,0,0,589403,absolute,node,11264,-1,-3,864
90,0,0,0,596026,absolute,node,6625,-1,-1,863
91,0,0,0,602649,absolute,node,22236,-1,5,868
92,0,0,0,609271,absolute,node,11995,-1,-3,865
93,0,0,0,615894,absolute,node,24261,-1,2,867
94,0,0,0,622516,absolute,node,15416,-1,-4,863
95,0,0,0,629139,absolute,node,24741,-1,-1,862
96,0,0,0,635761,absolute,node,3774,-1,-5,857
97,0,0,0,642384,absolute,node,24088,-1,-2,855
98,0,0,0,649006,absolute,node,15770,-1,2,857
99,0,0,0,655629,absolute,node,25684,-1,3,860
100,0,0,0,662251,absolute,node,23540,-1,1,861
101,0,0,0,668874,absolute,node,4785,-1,-3,858
102,0,0,0,675496,absolute,node,17227,-1,-5,853
103,0,0,0,682119,absolute,node,12239,-1,-5,848
104,0,0,0,688741,absolute,node,21099,-1,-2,846
105,0,0,0,695364,absolute,node,22041,-1,-4,842
106,0,0,0,701986,absolute,node,5583,-1,4,846
107,0,0,0,708609,absolute,node,14212,-1,5,851
108,0,0,0,715231,absolute,node,14212,-1,5,856
109,0,0,0,721854,absolute,node,25294,-1,-1,855
110,0,0,0,728476,absolute,node,2347,-1,3,858
111,0,0,0,735099,absolute,node,1911,-1,-2,856
112,0,0,0,741721,absolute,node,1930,-1,-4,852
113,0,0,0,748344,absolute,node,5954,-1,3,855
114,0,0,0,754966,absolute,node,8671,-1,-1,854
115,0,0,0,761589,absolute,node,16094,-1,-3,851
116,0,0,0,768211,absolute,node,8957,-1,4,855
117,0,0,0,774834,absolute,node,6135,-1,2,857
118,0,0,0,781456,absolute,node,2098,-1,2,859
119,0,0,0,788079,absolute,node,961,-1,-2,857
120,0,0,0,794701,absolute,node,16905,-1,-4,853
121,0,0,0,801324,absolute,node,3989,-1,-2,851
122,0,0,0,807947,absolute,node,15782,-1,4,855
123,0,0,0,814569,absolute,node,12148,-1,3,858
124,0,0,0,821192,absolute,node,13987,-1,2,860
125,0,0,0,827814,absolute,node,2028,-1,4,864
126,0,0,0,834437,absolute,node,19105,-1,2,866
127,0,0,0,841059,absolute,node,12353,-1,-3,863
128,0,0,0,847682,absolute,node,11833,-1,-3,860
129,0,0,0,854304,absolute,node,14573,-1,-1,859
130,0,0,0,860927,absolute,node,19105,-1,1,860
131,0,0,0,867549,absolute,node,16653,-1,-5,855
132,0,0,0,874172,absolute,node,3648,-1,-1,854
133,0,0,0,880794,absolute,node,21099,-1,2,856
134,0,0,0,887417,absolute,node,19611,-1,1,857
135,0,0,0,894039,absolute,node,2028,-1,2,859
136,0,0,0,900662,absolute,node,13842,-1,5,864
137,0,0,0,907284,absolute,node,25758,-1,-4,860
138,0,0,0,913907,absolute,node,6327,-1,-1,859
139,0,0,0,920529,absolute,node,16039,-1,1,860
140,0,0,0,927152,absolute,node,2098,-1,4,864
141,0,0,0,933774,absolute,node,11995,-1,3,867
142,0,0,0,940397,absolute,node,24841,-1,3,870
143,0,0,0,947019,absolute,node,2098,-1,-5,865
144,0,0,0,953642,absolute,node,4527,-1,-2,863
145,0,0,0,960264,absolute,node,24325,-1,5,868
146,0,0,0,966887,absolute,node,17227,-1,5,873
147,0,0,0,973509,absolute,node,961,-1,2,875
148,0,0,0,980132,absolute,node,23290,-1,1,876
149,0,0,0,986754,absolute,node,22236,-1,-2,874
150,0,0,0,993377,absolute,node,15523,-1,4,878
