changeID,absoluteTime,evaluation,bitVector,distanceEvaluation,typeOfChange,affected,affectedID1,affectedID2,change,totalAfterChange
1,0,0,0,9900,absolute,node,19333,-1,-2,519
2,0,0,0,19801,absolute,node,11686,-1,5,524
3,0,0,0,29702,absolute,node,7241,-1,-1,523
4,0,0,0,39603,absolute,node,9819,-1,1,524
5,0,0,0,49504,absolute,node,24922,-1,3,527
6,0,0,0,59405,absolute,node,21663,-1,4,531
7,0,0,0,69306,absolute,node,20561,-1,-4,527
8,0,0,0,79207,absolute,node,25500,-1,4,531
9,0,0,0,89108,absolute,node,15516,-1,3,534
10,0,0,0,99009,absolute,node,5730,-1,4,538
11,0,0,0,108910,absolute,node,9819,-1,4,542
12,0,0,0,118811,absolute,node,7866,-1,2,544
13,0,0,0,128712,absolute,node,9998,-1,3,547
14,0,0,0,138613,absolute,node,14213,-1,-4,543
15,0,0,0,148514,absolute,node,18333,-1,-3,540
16,0,0,0,158415,absolute,node,10052,-1,-4,536
17,0,0,0,168316,absolute,node,15516,-1,-5,531
18,0,0,0,178217,absolute,node,11686,-1,-5,526
19,0,0,0,188118,absolute,node,22185,-1,4,530
20,0,0,0,198019,absolute,node,22185,-1,1,531
21,0,0,0,207920,absolute,node,24922,-1,2,533
22,0,0,0,217821,absolute,node,11559,-1,1,534
23,0,0,0,227722,absolute,node,16163,-1,4,538
24,0,0,0,237623,absolute,node,2787,-1,-1,537
25,0,0,0,247524,absolute,node,15516,-1,4,541
26,0,0,0,257425,absolute,node,982,-1,2,543
27,0,0,0,267326,absolute,node,11559,-1,-5,538
28,0,0,0,277227,absolute,node,10176,-1,-4,534
29,0,0,0,287128,absolute,node,11686,-1,5,539
30,0,0,0,297029,absolute,node,21663,-1,-3,536
31,0,0,0,306930,absolute,node,1483,-1,-1,535
32,0,0,0,316831,absolute,node,14706,-1,4,539
33,0,0,0,326732,absolute,node,10052,-1,1,540
34,0,0,0,336633,absolute,node,16163,-1,-4,536
35,0,0,0,346534,absolute,node,10839,-1,-2,534
36,0,0,0,356435,absolute,node,20561,-1,-2,532
37,0,0,0,366336,absolute,node,25169,-1,-5,527
38,0,0,0,376237,absolute,node,11559,-1,-5,522
39,0,0,0,386138,absolute,node,18698,-1,-4,518
40,0,0,0,396039,absolute,node,17883,-1,1,519
41,0,0,0,405940,absolute,node,5730,-1,2,521
42,0,0,0,415841,absolute,node,3700,-1,-2,519
43,0,0,0,425742,absolute,node,11197,-1,-3,516
44,0,0,0,435643,absolute,node,25549,-1,-2,514
45,0,0,0,445544,absolute,node,21138,-1,-3,511
46,0,0,0,455445,absolute,node,9185,-1,-3,508
47,0,0,0,465346,absolute,node,7748,-1,2,510
48,0,0,0,475247,absolute,node,5730,-1,-1,509
49,0,0,0,485148,absolute,node,10660,-1,3,512
50,0,0,0,495049,absolute,node,2262,-1,1,513
51,0,0,0,504950,absolute,node,5730,-1,1,514
52,0,0,0,514851,absolute,node,255,-1,2,516
53,0,0,0,524752,absolute,node,13955,-1,1,517
54,0,0,0,534653,absolute,node,14014,-1,-1,516
55,0,0,0,544554,absolute,node,11686,-1,-2,514
56,0,0,0,554455,absolute,node,255,-1,3,517
57,0,0,0,564356,absolute,node,17860,-1,-4,513
58,0,0,0,574257,absolute,node,10660,-1,1,514
59,0,0,0,584158,absolute,node,8694,-1,3,517
60,0,0,0,594059,absolute,node,10052,-1,5,522
61,0,0,0,603960,absolute,node,18333,-1,-4,518
62,0,0,0,613861,absolute,node,11686,-1,-3,515
63,0,0,0,623762,absolute,node,11686,-1,3,518
64,0,0,0,633663,absolute,node,982,-1,-2,516
65,0,0,0,643564,absolute,node,7886,-1,2,518
66,0,0,0,653465,absolute,node,16343,-1,-1,517
67,0,0,0,663366,absolute,node,13459,-1,4,521
68,0,0,0,673267,absolute,node,19333,-1,-1,520
69,0,0,0,683168,absolute,node,255,-1,-2,518
70,0,0,0,693069,absolute,node,18698,-1,-3,515
71,0,0,0,702970,absolute,node,18698,-1,4,519
72,0,0,0,712871,absolute,node,20561,-1,4,523
73,0,0,0,722772,absolute,node,11559,-1,3,526
74,0,0,0,732673,absolute,node,13459,-1,5,531
75,0,0,0,742574,absolute,node,26067,-1,-4,527
76,0,0,0,752475,absolute,node,7886,-1,-2,525
77,0,0,0,762376,absolute,node,16343,-1,4,529
78,0,0,0,772277,absolute,node,16461,-1,1,530
79,0,0,0,782178,absolute,node,9185,-1,-1,529
80,0,0,0,792079,absolute,node,15343,-1,-4,525
81,0,0,0,801980,absolute,node,21663,-1,5,530
82,0,0,0,811881,absolute,node,2787,-1,3,533
83,0,0,0,821782,absolute,node,3700,-1,-1,532
84,0,0,0,831683,absolute,node,2573,-1,3,535
85,0,0,0,841584,absolute,node,15516,-1,-5,530
86,0,0,0,851485,absolute,node,15190,-1,-3,527
87,0,0,0,861386,absolute,node,15516,-1,5,532
88,0,0,0,871287,absolute,node,15343,-1,-3,529
89,0,0,0,881188,absolute,node,16478,-1,1,530
90,0,0,0,891089,absolute,node,6961,-1,-3,527
91,0,0,0,900990,absolute,node,13459,-1,-1,526
92,0,0,0,910891,absolute,node,13711,-1,-1,525
93,0,0,0,920792,absolute,node,21138,-1,3,528
94,0,0,0,930693,absolute,node,982,-1,-5,523
95,0,0,0,940594,absolute,node,8537,-1,2,525
96,0,0,0,950495,absolute,node,5730,-1,4,529
97,0,0,0,960396,absolute,node,14926,-1,4,533
98,0,0,0,970297,absolute,node,24922,-1,-3,530
99,0,0,0,980198,absolute,node,15343,-1,2,532
100,0,0,0,990099,absolute,node,5176,-1,3,535
