changeID,absoluteTime,evaluation,bitVector,distanceEvaluation,typeOfChange,affected,affectedID1,affectedID2,change,totalAfterChange
1,0,0,0,9900,absolute,node,58031,-1,5,535
2,0,0,0,19801,absolute,node,3428,-1,-2,533
3,0,0,0,29702,absolute,node,12730,-1,-2,531
4,0,0,0,39603,absolute,node,206943,-1,2,533
5,0,0,0,49504,absolute,node,197252,-1,5,538
6,0,0,0,59405,absolute,node,58031,-1,3,541
7,0,0,0,69306,absolute,node,128220,-1,4,545
8,0,0,0,79207,absolute,node,142568,-1,-1,544
9,0,0,0,89108,absolute,node,21919,-1,1,545
10,0,0,0,99009,absolute,node,120719,-1,5,550
11,0,0,0,108910,absolute,node,47894,-1,4,554
12,0,0,0,118811,absolute,node,95753,-1,-1,553
13,0,0,0,128712,absolute,node,71677,-1,4,557
14,0,0,0,138613,absolute,node,168155,-1,-4,553
15,0,0,0,148514,absolute,node,33204,-1,-3,550
16,0,0,0,158415,absolute,node,120719,-1,-2,548
17,0,0,0,168316,absolute,node,80085,-1,2,550
18,0,0,0,178217,absolute,node,58031,-1,3,553
19,0,0,0,188118,absolute,node,207201,-1,2,555
20,0,0,0,198019,absolute,node,74312,-1,-2,553
21,0,0,0,207920,absolute,node,142271,-1,-2,551
22,0,0,0,217821,absolute,node,164631,-1,5,556
23,0,0,0,227722,absolute,node,74429,-1,5,561
24,0,0,0,237623,absolute,node,196471,-1,3,564
25,0,0,0,247524,absolute,node,62289,-1,5,569
26,0,0,0,257425,absolute,node,37862,-1,2,571
27,0,0,0,267326,absolute,node,122505,-1,5,576
28,0,0,0,277227,absolute,node,47067,-1,5,581
29,0,0,0,287128,absolute,node,189844,-1,-5,576
30,0,0,0,297029,absolute,node,120860,-1,-1,575
31,0,0,0,306930,absolute,node,6423,-1,-2,573
32,0,0,0,316831,absolute,node,117786,-1,4,577
33,0,0,0,326732,absolute,node,5409,-1,5,582
34,0,0,0,336633,absolute,node,118485,-1,5,587
35,0,0,0,346534,absolute,node,58572,-1,-3,584
36,0,0,0,356435,absolute,node,61200,-1,3,587
37,0,0,0,366336,absolute,node,71677,-1,4,591
38,0,0,0,376237,absolute,node,74378,-1,-3,588
39,0,0,0,386138,absolute,node,168155,-1,4,592
40,0,0,0,396039,absolute,node,112767,-1,3,595
41,0,0,0,405940,absolute,node,151586,-1,1,596
42,0,0,0,415841,absolute,node,12730,-1,4,600
43,0,0,0,425742,absolute,node,95438,-1,1,601
44,0,0,0,435643,absolute,node,120860,-1,-1,600
45,0,0,0,445544,absolute,node,164631,-1,5,605
46,0,0,0,455445,absolute,node,74312,-1,3,608
47,0,0,0,465346,absolute,node,6423,-1,5,613
48,0,0,0,475247,absolute,node,113163,-1,3,616
49,0,0,0,485148,absolute,node,82700,-1,-4,612
50,0,0,0,495049,absolute,node,168155,-1,5,617
51,0,0,0,504950,absolute,node,67613,-1,-1,616
52,0,0,0,514851,absolute,node,23046,-1,1,617
53,0,0,0,524752,absolute,node,120719,-1,-4,613
54,0,0,0,534653,absolute,node,9996,-1,3,616
55,0,0,0,544554,absolute,node,62289,-1,-3,613
56,0,0,0,554455,absolute,node,142271,-1,5,618
57,0,0,0,564356,absolute,node,190581,-1,-1,617
58,0,0,0,574257,absolute,node,9289,-1,-3,614
59,0,0,0,584158,absolute,node,128220,-1,2,616
60,0,0,0,594059,absolute,node,180827,-1,-3,613
61,0,0,0,603960,absolute,node,468,-1,-2,611
62,0,0,0,613861,absolute,node,206943,-1,4,615
63,0,0,0,623762,absolute,node,124893,-1,5,620
64,0,0,0,633663,absolute,node,95753,-1,2,622
65,0,0,0,643564,absolute,node,113163,-1,-3,619
66,0,0,0,653465,absolute,node,93494,-1,-3,616
67,0,0,0,663366,absolute,node,47067,-1,5,621
68,0,0,0,673267,absolute,node,120719,-1,1,622
69,0,0,0,683168,absolute,node,43350,-1,-2,620
70,0,0,0,693069,absolute,node,93494,-1,5,625
71,0,0,0,702970,absolute,node,62289,-1,4,629
72,0,0,0,712871,absolute,node,205098,-1,-1,628
73,0,0,0,722772,absolute,node,152840,-1,3,631
74,0,0,0,732673,absolute,node,107033,-1,-1,630
75,0,0,0,742574,absolute,node,120719,-1,-1,629
76,0,0,0,752475,absolute,node,62289,-1,-4,625
77,0,0,0,762376,absolute,node,5409,-1,-5,620
78,0,0,0,772277,absolute,node,152840,-1,2,622
79,0,0,0,782178,absolute,node,139823,-1,-1,621
80,0,0,0,792079,absolute,node,156486,-1,-1,620
81,0,0,0,801980,absolute,node,95753,-1,2,622
82,0,0,0,811881,absolute,node,82700,-1,-2,620
83,0,0,0,821782,absolute,node,28637,-1,-2,618
84,0,0,0,831683,absolute,node,152840,-1,1,619
85,0,0,0,841584,absolute,node,168155,-1,1,620
86,0,0,0,851485,absolute,node,6423,-1,5,625
87,0,0,0,861386,absolute,node,118485,-1,-3,622
88,0,0,0,871287,absolute,node,187315,-1,4,626
89,0,0,0,881188,absolute,node,124893,-1,4,630
90,0,0,0,891089,absolute,node,142568,-1,-2,628
91,0,0,0,900990,absolute,node,21919,-1,-2,626
92,0,0,0,910891,absolute,node,110914,-1,-1,625
93,0,0,0,920792,absolute,node,116531,-1,2,627
94,0,0,0,930693,absolute,node,201407,-1,3,630
95,0,0,0,940594,absolute,node,149857,-1,-3,627
96,0,0,0,950495,absolute,node,48067,-1,-5,622
97,0,0,0,960396,absolute,node,73349,-1,-4,618
98,0,0,0,970297,absolute,node,55703,-1,-2,616
99,0,0,0,980198,absolute,node,113163,-1,3,619
100,0,0,0,990099,absolute,node,207201,-1,5,624
