changeID,absoluteTime,evaluation,bitVector,distanceEvaluation,typeOfChange,affected,affectedID1,affectedID2,change,totalAfterChange
1,0,0,9900,0,absolute,node,95854,-1,1,531
2,0,0,19801,0,absolute,node,377,-1,-2,529
3,0,0,29702,0,absolute,node,205098,-1,2,531
4,0,0,39603,0,absolute,node,164631,-1,-4,527
5,0,0,49504,0,absolute,node,48067,-1,3,530
6,0,0,59405,0,absolute,node,377,-1,4,534
7,0,0,69306,0,absolute,node,37862,-1,4,538
8,0,0,79207,0,absolute,node,58608,-1,2,540
9,0,0,89108,0,absolute,node,74312,-1,-4,536
10,0,0,99009,0,absolute,node,168155,-1,5,541
11,0,0,108910,0,absolute,node,74429,-1,5,546
12,0,0,118811,0,absolute,node,122505,-1,5,551
13,0,0,128712,0,absolute,node,12730,-1,-3,548
14,0,0,138613,0,absolute,node,23046,-1,2,550
15,0,0,148514,0,absolute,node,54274,-1,-1,549
16,0,0,158415,0,absolute,node,153007,-1,5,554
17,0,0,168316,0,absolute,node,37862,-1,-2,552
18,0,0,178217,0,absolute,node,74429,-1,-2,550
19,0,0,188118,0,absolute,node,99996,-1,-4,546
20,0,0,198019,0,absolute,node,32772,-1,3,549
21,0,0,207920,0,absolute,node,98354,-1,-1,548
22,0,0,217821,0,absolute,node,112767,-1,5,553
23,0,0,227722,0,absolute,node,120719,-1,-1,552
24,0,0,237623,0,absolute,node,82700,-1,4,556
25,0,0,247524,0,absolute,node,150232,-1,3,559
26,0,0,257425,0,absolute,node,23046,-1,1,560
27,0,0,267326,0,absolute,node,37862,-1,1,561
28,0,0,277227,0,absolute,node,95438,-1,3,564
29,0,0,287128,0,absolute,node,9289,-1,-1,563
30,0,0,297029,0,absolute,node,206943,-1,-2,561
31,0,0,306930,0,absolute,node,117786,-1,-1,560
32,0,0,316831,0,absolute,node,142568,-1,4,564
33,0,0,326732,0,absolute,node,9996,-1,1,565
34,0,0,336633,0,absolute,node,17230,-1,3,568
35,0,0,346534,0,absolute,node,3428,-1,-5,563
36,0,0,356435,0,absolute,node,161091,-1,4,567
37,0,0,366336,0,absolute,node,3428,-1,2,569
38,0,0,376237,0,absolute,node,196471,-1,-1,568
39,0,0,386138,0,absolute,node,197252,-1,1,569
40,0,0,396039,0,absolute,node,58608,-1,4,573
41,0,0,405940,0,absolute,node,201407,-1,-5,568
42,0,0,415841,0,absolute,node,80085,-1,3,571
43,0,0,425742,0,absolute,node,377,-1,2,573
44,0,0,435643,0,absolute,node,97040,-1,2,575
45,0,0,445544,0,absolute,node,109194,-1,-1,574
46,0,0,455445,0,absolute,node,33204,-1,-2,572
47,0,0,465346,0,absolute,node,128220,-1,1,573
48,0,0,475247,0,absolute,node,116531,-1,1,574
49,0,0,485148,0,absolute,node,127995,-1,-3,571
50,0,0,495049,0,absolute,node,40635,-1,3,574
51,0,0,504950,0,absolute,node,128220,-1,-1,573
52,0,0,514851,0,absolute,node,68391,-1,3,576
53,0,0,524752,0,absolute,node,74385,-1,5,581
54,0,0,534653,0,absolute,node,9996,-1,2,583
55,0,0,544554,0,absolute,node,120860,-1,3,586
56,0,0,554455,0,absolute,node,95854,-1,3,589
57,0,0,564356,0,absolute,node,47894,-1,2,591
58,0,0,574257,0,absolute,node,21919,-1,-2,589
59,0,0,584158,0,absolute,node,43350,-1,-5,584
60,0,0,594059,0,absolute,node,151586,-1,5,589
61,0,0,603960,0,absolute,node,9289,-1,5,594
62,0,0,613861,0,absolute,node,142271,-1,2,596
63,0,0,623762,0,absolute,node,207133,-1,5,601
64,0,0,633663,0,absolute,node,200474,-1,3,604
65,0,0,643564,0,absolute,node,201407,-1,5,609
66,0,0,653465,0,absolute,node,152321,-1,5,614
67,0,0,663366,0,absolute,node,5409,-1,2,616
68,0,0,673267,0,absolute,node,187315,-1,-1,615
69,0,0,683168,0,absolute,node,32772,-1,5,620
70,0,0,693069,0,absolute,node,41682,-1,-1,619
71,0,0,702970,0,absolute,node,142568,-1,2,621
72,0,0,712871,0,absolute,node,187315,-1,-2,619
73,0,0,722772,0,absolute,node,196471,-1,3,622
74,0,0,732673,0,absolute,node,14298,-1,3,625
75,0,0,742574,0,absolute,node,41682,-1,-5,620
76,0,0,752475,0,absolute,node,142568,-1,-2,618
77,0,0,762376,0,absolute,node,122505,-1,1,619
78,0,0,772277,0,absolute,node,117786,-1,-2,617
79,0,0,782178,0,absolute,node,75655,-1,-4,613
80,0,0,792079,0,absolute,node,58572,-1,-2,611
81,0,0,801980,0,absolute,node,14298,-1,4,615
82,0,0,811881,0,absolute,node,168155,-1,3,618
83,0,0,821782,0,absolute,node,189844,-1,-3,615
84,0,0,831683,0,absolute,node,151586,-1,-2,613
85,0,0,841584,0,absolute,node,118485,-1,1,614
86,0,0,851485,0,absolute,node,99996,-1,3,617
87,0,0,861386,0,absolute,node,100222,-1,-2,615
88,0,0,871287,0,absolute,node,189844,-1,-1,614
89,0,0,881188,0,absolute,node,74429,-1,-4,610
90,0,0,891089,0,absolute,node,41682,-1,2,612
91,0,0,900990,0,absolute,node,151586,-1,3,615
92,0,0,910891,0,absolute,node,82700,-1,-4,611
93,0,0,920792,0,absolute,node,151586,-1,-2,609
94,0,0,930693,0,absolute,node,113163,-1,-3,606
95,0,0,940594,0,absolute,node,12730,-1,-2,604
96,0,0,950495,0,absolute,node,37862,-1,-4,600
97,0,0,960396,0,absolute,node,139823,-1,-1,599
98,0,0,970297,0,absolute,node,58031,-1,5,604
99,0,0,980198,0,absolute,node,122505,-1,5,609
100,0,0,990099,0,absolute,node,156486,-1,-1,608
