changeID,absoluteTime,evaluation,bitVector,distanceEvaluation,typeOfChange,affected,affectedID1,affectedID2,change,totalAfterChange
1,0,0,0,9900,absolute,node,9675,-1,4,566
2,0,0,0,19801,absolute,node,20316,-1,-2,564
3,0,0,0,29702,absolute,node,14640,-1,-4,560
4,0,0,0,39603,absolute,node,10984,-1,1,561
5,0,0,0,49504,absolute,node,9851,-1,-4,557
6,0,0,0,59405,absolute,node,25751,-1,-1,556
7,0,0,0,69306,absolute,node,21882,-1,4,560
8,0,0,0,79207,absolute,node,11093,-1,3,563
9,0,0,0,89108,absolute,node,15297,-1,3,566
10,0,0,0,99009,absolute,node,7081,-1,-1,565
11,0,0,0,108910,absolute,node,14584,-1,-1,564
12,0,0,0,118811,absolute,node,19599,-1,-3,561
13,0,0,0,128712,absolute,node,10096,-1,-2,559
14,0,0,0,138613,absolute,node,7081,-1,3,562
15,0,0,0,148514,absolute,node,22074,-1,-1,561
16,0,0,0,158415,absolute,node,25208,-1,4,565
17,0,0,0,168316,absolute,node,7969,-1,-1,564
18,0,0,0,178217,absolute,node,14066,-1,2,566
19,0,0,0,188118,absolute,node,26004,-1,-5,561
20,0,0,0,198019,absolute,node,6652,-1,4,565
21,0,0,0,207920,absolute,node,5047,-1,-4,561
22,0,0,0,217821,absolute,node,19577,-1,1,562
23,0,0,0,227722,absolute,node,25751,-1,-1,561
24,0,0,0,237623,absolute,node,19254,-1,-5,556
25,0,0,0,247524,absolute,node,14096,-1,-3,553
26,0,0,0,257425,absolute,node,22335,-1,-4,549
27,0,0,0,267326,absolute,node,17845,-1,3,552
28,0,0,0,277227,absolute,node,2849,-1,-5,547
29,0,0,0,287128,absolute,node,17344,-1,-2,545
30,0,0,0,297029,absolute,node,19599,-1,1,546
31,0,0,0,306930,absolute,node,21882,-1,1,547
32,0,0,0,316831,absolute,node,20991,-1,-1,546
33,0,0,0,326732,absolute,node,7081,-1,5,551
34,0,0,0,336633,absolute,node,15297,-1,1,552
35,0,0,0,346534,absolute,node,5047,-1,2,554
36,0,0,0,356435,absolute,node,9744,-1,1,555
37,0,0,0,366336,absolute,node,2375,-1,-2,553
38,0,0,0,376237,absolute,node,11093,-1,-1,552
39,0,0,0,386138,absolute,node,2359,-1,2,554
40,0,0,0,396039,absolute,node,21220,-1,-2,552
41,0,0,0,405940,absolute,node,20316,-1,-2,550
42,0,0,0,415841,absolute,node,16908,-1,-1,549
43,0,0,0,425742,absolute,node,9675,-1,-3,546
44,0,0,0,435643,absolute,node,12543,-1,-3,543
45,0,0,0,445544,absolute,node,9236,-1,1,544
46,0,0,0,455445,absolute,node,17193,-1,2,546
47,0,0,0,465346,absolute,node,24319,-1,1,547
48,0,0,0,475247,absolute,node,18779,-1,3,550
49,0,0,0,485148,absolute,node,18258,-1,3,553
50,0,0,0,495049,absolute,node,9236,-1,2,555
51,0,0,0,504950,absolute,node,9851,-1,-1,554
52,0,0,0,514851,absolute,node,24866,-1,5,559
53,0,0,0,524752,absolute,node,19254,-1,1,560
54,0,0,0,534653,absolute,node,6437,-1,4,564
55,0,0,0,544554,absolute,node,14584,-1,3,567
56,0,0,0,554455,absolute,node,19599,-1,5,572
57,0,0,0,564356,absolute,node,25208,-1,-4,568
58,0,0,0,574257,absolute,node,10433,-1,-2,566
59,0,0,0,584158,absolute,node,18258,-1,5,571
60,0,0,0,594059,absolute,node,17344,-1,4,575
61,0,0,0,603960,absolute,node,21462,-1,-3,572
62,0,0,0,613861,absolute,node,19694,-1,1,573
63,0,0,0,623762,absolute,node,6714,-1,-3,570
64,0,0,0,633663,absolute,node,12543,-1,1,571
65,0,0,0,643564,absolute,node,2548,-1,-5,566
66,0,0,0,653465,absolute,node,19583,-1,4,570
67,0,0,0,663366,absolute,node,19723,-1,5,575
68,0,0,0,673267,absolute,node,25096,-1,-5,570
69,0,0,0,683168,absolute,node,2375,-1,5,575
70,0,0,0,693069,absolute,node,10503,-1,-2,573
71,0,0,0,702970,absolute,node,26004,-1,4,577
72,0,0,0,712871,absolute,node,21693,-1,-2,575
73,0,0,0,722772,absolute,node,19599,-1,-5,570
74,0,0,0,732673,absolute,node,24108,-1,-2,568
75,0,0,0,742574,absolute,node,20427,-1,-1,567
76,0,0,0,752475,absolute,node,22213,-1,3,570
77,0,0,0,762376,absolute,node,13030,-1,-1,569
78,0,0,0,772277,absolute,node,14357,-1,5,574
79,0,0,0,782178,absolute,node,22213,-1,1,575
80,0,0,0,792079,absolute,node,22213,-1,4,579
81,0,0,0,801980,absolute,node,5058,-1,-4,575
82,0,0,0,811881,absolute,node,1467,-1,5,580
83,0,0,0,821782,absolute,node,19723,-1,-2,578
84,0,0,0,831683,absolute,node,8527,-1,-1,577
85,0,0,0,841584,absolute,node,2849,-1,3,580
86,0,0,0,851485,absolute,node,14096,-1,4,584
87,0,0,0,861386,absolute,node,6714,-1,-2,582
88,0,0,0,871287,absolute,node,11093,-1,5,587
89,0,0,0,881188,absolute,node,9918,-1,4,591
90,0,0,0,891089,absolute,node,16908,-1,3,594
91,0,0,0,900990,absolute,node,7969,-1,-3,591
92,0,0,0,910891,absolute,node,7969,-1,2,593
93,0,0,0,920792,absolute,node,14357,-1,5,598
94,0,0,0,930693,absolute,node,19458,-1,-1,597
95,0,0,0,940594,absolute,node,25208,-1,5,602
96,0,0,0,950495,absolute,node,25096,-1,-2,600
97,0,0,0,960396,absolute,node,14096,-1,1,601
98,0,0,0,970297,absolute,node,22776,-1,2,603
99,0,0,0,980198,absolute,node,11855,-1,1,604
100,0,0,0,990099,absolute,node,24319,-1,3,607
