changeID,absoluteTime,evaluation,bitVector,distanceEvaluation,typeOfChange,affected,affectedID1,affectedID2,change,totalAfterChange
1,0,0,9900,0,absolute,node,17661,-1,3,538
2,0,0,19801,0,absolute,node,25044,-1,-1,537
3,0,0,29702,0,absolute,node,5017,-1,4,541
4,0,0,39603,0,absolute,node,26093,-1,3,544
5,0,0,49504,0,absolute,node,9262,-1,-2,542
6,0,0,59405,0,absolute,node,5168,-1,4,546
7,0,0,69306,0,absolute,node,2202,-1,3,549
8,0,0,79207,0,absolute,node,10295,-1,5,554
9,0,0,89108,0,absolute,node,11011,-1,4,558
10,0,0,99009,0,absolute,node,8632,-1,4,562
11,0,0,108910,0,absolute,node,24064,-1,3,565
12,0,0,118811,0,absolute,node,6223,-1,1,566
13,0,0,128712,0,absolute,node,10295,-1,-5,561
14,0,0,138613,0,absolute,node,22050,-1,-4,557
15,0,0,148514,0,absolute,node,14737,-1,4,561
16,0,0,158415,0,absolute,node,18333,-1,-5,556
17,0,0,168316,0,absolute,node,5017,-1,1,557
18,0,0,178217,0,absolute,node,24988,-1,2,559
19,0,0,188118,0,absolute,node,5126,-1,-2,557
20,0,0,198019,0,absolute,node,2050,-1,4,561
21,0,0,207920,0,absolute,node,18333,-1,4,565
22,0,0,217821,0,absolute,node,24650,-1,1,566
23,0,0,227722,0,absolute,node,7134,-1,4,570
24,0,0,237623,0,absolute,node,17201,-1,-2,568
25,0,0,247524,0,absolute,node,7481,-1,4,572
26,0,0,257425,0,absolute,node,25044,-1,1,573
27,0,0,267326,0,absolute,node,7228,-1,-2,571
28,0,0,277227,0,absolute,node,9966,-1,4,575
29,0,0,287128,0,absolute,node,11893,-1,-1,574
30,0,0,297029,0,absolute,node,10295,-1,4,578
31,0,0,306930,0,absolute,node,55,-1,1,579
32,0,0,316831,0,absolute,node,6220,-1,3,582
33,0,0,326732,0,absolute,node,25044,-1,4,586
34,0,0,336633,0,absolute,node,8097,-1,4,590
35,0,0,346534,0,absolute,node,9202,-1,-5,585
36,0,0,356435,0,absolute,node,21825,-1,4,589
37,0,0,366336,0,absolute,node,5405,-1,2,591
38,0,0,376237,0,absolute,node,6223,-1,3,594
39,0,0,386138,0,absolute,node,4200,-1,1,595
40,0,0,396039,0,absolute,node,7966,-1,4,599
41,0,0,405940,0,absolute,node,22050,-1,1,600
42,0,0,415841,0,absolute,node,7966,-1,-3,597
43,0,0,425742,0,absolute,node,19607,-1,-4,593
44,0,0,435643,0,absolute,node,12380,-1,-2,591
45,0,0,445544,0,absolute,node,153,-1,-4,587
46,0,0,455445,0,absolute,node,17661,-1,4,591
47,0,0,465346,0,absolute,node,5243,-1,3,594
48,0,0,475247,0,absolute,node,3777,-1,1,595
49,0,0,485148,0,absolute,node,15313,-1,2,597
50,0,0,495049,0,absolute,node,21439,-1,-2,595
51,0,0,504950,0,absolute,node,25044,-1,-4,591
52,0,0,514851,0,absolute,node,25293,-1,3,594
53,0,0,524752,0,absolute,node,11893,-1,5,599
54,0,0,534653,0,absolute,node,3593,-1,-3,596
55,0,0,544554,0,absolute,node,24650,-1,-2,594
56,0,0,554455,0,absolute,node,5306,-1,3,597
57,0,0,564356,0,absolute,node,24988,-1,-1,596
58,0,0,574257,0,absolute,node,19178,-1,3,599
59,0,0,584158,0,absolute,node,18449,-1,5,604
60,0,0,594059,0,absolute,node,1262,-1,2,606
61,0,0,603960,0,absolute,node,4200,-1,4,610
62,0,0,613861,0,absolute,node,25983,-1,5,615
63,0,0,623762,0,absolute,node,19485,-1,1,616
64,0,0,633663,0,absolute,node,3937,-1,-1,615
65,0,0,643564,0,absolute,node,19485,-1,-2,613
66,0,0,653465,0,absolute,node,6223,-1,-3,610
67,0,0,663366,0,absolute,node,12941,-1,-2,608
68,0,0,673267,0,absolute,node,26093,-1,2,610
69,0,0,683168,0,absolute,node,23231,-1,3,613
70,0,0,693069,0,absolute,node,13742,-1,2,615
71,0,0,702970,0,absolute,node,10150,-1,-5,610
72,0,0,712871,0,absolute,node,8097,-1,-1,609
73,0,0,722772,0,absolute,node,1433,-1,5,614
74,0,0,732673,0,absolute,node,6499,-1,1,615
75,0,0,742574,0,absolute,node,24988,-1,4,619
76,0,0,752475,0,absolute,node,12783,-1,4,623
77,0,0,762376,0,absolute,node,17201,-1,-1,622
78,0,0,772277,0,absolute,node,26093,-1,2,624
79,0,0,782178,0,absolute,node,26093,-1,-2,622
80,0,0,792079,0,absolute,node,5168,-1,-4,618
81,0,0,801980,0,absolute,node,6220,-1,-4,614
82,0,0,811881,0,absolute,node,5306,-1,-5,609
83,0,0,821782,0,absolute,node,20316,-1,-3,606
84,0,0,831683,0,absolute,node,18449,-1,-1,605
85,0,0,841584,0,absolute,node,3420,-1,4,609
86,0,0,851485,0,absolute,node,7953,-1,2,611
87,0,0,861386,0,absolute,node,5306,-1,2,613
88,0,0,871287,0,absolute,node,3937,-1,4,617
89,0,0,881188,0,absolute,node,10922,-1,-2,615
90,0,0,891089,0,absolute,node,24064,-1,4,619
91,0,0,900990,0,absolute,node,2339,-1,2,621
92,0,0,910891,0,absolute,node,25651,-1,3,624
93,0,0,920792,0,absolute,node,5243,-1,2,626
94,0,0,930693,0,absolute,node,12038,-1,-2,624
95,0,0,940594,0,absolute,node,4200,-1,-5,619
96,0,0,950495,0,absolute,node,24650,-1,1,620
97,0,0,960396,0,absolute,node,12783,-1,5,625
98,0,0,970297,0,absolute,node,17888,-1,2,627
99,0,0,980198,0,absolute,node,17661,-1,-1,626
100,0,0,990099,0,absolute,node,6223,-1,-1,625
