changeID,absoluteTime,evaluation,bitVector,distanceEvaluation,typeOfChange,affected,affectedID1,affectedID2,change,totalAfterChange
1,0,0,0,13157,absolute,node,16648,-1,2,868
2,0,0,0,26315,absolute,node,6581,-1,5,873
3,0,0,0,39473,absolute,node,15353,-1,5,878
4,0,0,0,52631,absolute,node,100,-1,-2,876
5,0,0,0,65789,absolute,node,19972,-1,-3,873
6,0,0,0,78947,absolute,node,21178,-1,2,875
7,0,0,0,92105,absolute,node,735,-1,-2,873
8,0,0,0,105263,absolute,node,9673,-1,4,877
9,0,0,0,118421,absolute,node,6426,-1,3,880
10,0,0,0,131578,absolute,node,7462,-1,-4,876
11,0,0,0,144736,absolute,node,11145,-1,3,879
12,0,0,0,157894,absolute,node,8377,-1,5,884
13,0,0,0,171052,absolute,node,24937,-1,4,888
14,0,0,0,184210,absolute,node,10906,-1,-5,883
15,0,0,0,197368,absolute,node,13322,-1,-1,882
16,0,0,0,210526,absolute,node,19106,-1,3,885
17,0,0,0,223684,absolute,node,13322,-1,3,888
18,0,0,0,236842,absolute,node,13837,-1,2,890
19,0,0,0,250000,absolute,node,14556,-1,-1,889
20,0,0,0,263157,absolute,node,24485,-1,-5,884
21,0,0,0,276315,absolute,node,24150,-1,-1,883
22,0,0,0,289473,absolute,node,1254,-1,2,885
23,0,0,0,302631,absolute,node,19972,-1,-1,884
24,0,0,0,315789,absolute,node,24937,-1,-4,880
25,0,0,0,328947,absolute,node,15210,-1,-5,875
26,0,0,0,342105,absolute,node,676,-1,-2,873
27,0,0,0,355263,absolute,node,6517,-1,-3,870
28,0,0,0,368421,absolute,node,19264,-1,3,873
29,0,0,0,381578,absolute,node,17137,-1,5,878
30,0,0,0,394736,absolute,node,9400,-1,4,882
31,0,0,0,407894,absolute,node,9400,-1,-4,878
32,0,0,0,421052,absolute,node,3348,-1,-4,874
33,0,0,0,434210,absolute,node,7746,-1,-1,873
34,0,0,0,447368,absolute,node,17451,-1,-3,870
35,0,0,0,460526,absolute,node,11145,-1,-3,867
36,0,0,0,473684,absolute,node,15405,-1,3,870
37,0,0,0,486842,absolute,node,24789,-1,-2,868
38,0,0,0,5e+05,absolute,node,10462,-1,3,871
39,0,0,0,513157,absolute,node,19679,-1,3,874
40,0,0,0,526315,absolute,node,4969,-1,3,877
41,0,0,0,539473,absolute,node,12517,-1,4,881
42,0,0,0,552631,absolute,node,9985,-1,3,884
43,0,0,0,565789,absolute,node,7462,-1,3,887
44,0,0,0,578947,absolute,node,15532,-1,2,889
45,0,0,0,592105,absolute,node,15405,-1,3,892
46,0,0,0,605263,absolute,node,22519,-1,-5,887
47,0,0,0,618421,absolute,node,23274,-1,3,890
48,0,0,0,631578,absolute,node,17070,-1,-4,886
49,0,0,0,644736,absolute,node,20907,-1,-1,885
50,0,0,0,657894,absolute,node,867,-1,-2,883
51,0,0,0,671052,absolute,node,14353,-1,2,885
52,0,0,0,684210,absolute,node,6426,-1,-2,883
53,0,0,0,697368,absolute,node,7746,-1,2,885
54,0,0,0,710526,absolute,node,10116,-1,4,889
55,0,0,0,723684,absolute,node,11503,-1,4,893
56,0,0,0,736842,absolute,node,12517,-1,3,896
57,0,0,0,750000,absolute,node,8878,-1,-1,895
58,0,0,0,763157,absolute,node,1580,-1,1,896
59,0,0,0,776315,absolute,node,14034,-1,-2,894
60,0,0,0,789473,absolute,node,1312,-1,4,898
61,0,0,0,802631,absolute,node,11694,-1,3,901
62,0,0,0,815789,absolute,node,19972,-1,-2,899
63,0,0,0,828947,absolute,node,19225,-1,-2,897
64,0,0,0,842105,absolute,node,344,-1,1,898
65,0,0,0,855263,absolute,node,21286,-1,2,900
66,0,0,0,868421,absolute,node,21186,-1,-5,895
67,0,0,0,881578,absolute,node,14556,-1,5,900
68,0,0,0,894736,absolute,node,11278,-1,-4,896
69,0,0,0,907894,absolute,node,23093,-1,1,897
70,0,0,0,921052,absolute,node,22906,-1,-4,893
71,0,0,0,934210,absolute,node,21186,-1,2,895
72,0,0,0,947368,absolute,node,11694,-1,-1,894
73,0,0,0,960526,absolute,node,23606,-1,1,895
74,0,0,0,973684,absolute,node,16899,-1,1,896
75,0,0,0,986842,absolute,node,5466,-1,2,898
