changeID,absoluteTime,evaluation,bitVector,distanceEvaluation,typeOfChange,affected,affectedID1,affectedID2,change,totalAfterChange
1,0,0,0,13157,absolute,node,64051,-1,5,772
2,0,0,0,26315,absolute,node,203519,-1,3,775
3,0,0,0,39473,absolute,node,48832,-1,-2,773
4,0,0,0,52631,absolute,node,70890,-1,-4,769
5,0,0,0,65789,absolute,node,210013,-1,5,774
6,0,0,0,78947,absolute,node,48832,-1,-2,772
7,0,0,0,92105,absolute,node,121495,-1,4,776
8,0,0,0,105263,absolute,node,112128,-1,-5,771
9,0,0,0,118421,absolute,node,64051,-1,-1,770
10,0,0,0,131578,absolute,node,141313,-1,-3,767
11,0,0,0,144736,absolute,node,43668,-1,1,768
12,0,0,0,157894,absolute,node,74135,-1,5,773
13,0,0,0,171052,absolute,node,155293,-1,-3,770
14,0,0,0,184210,absolute,node,39582,-1,3,773
15,0,0,0,197368,absolute,node,169681,-1,-3,770
16,0,0,0,210526,absolute,node,19781,-1,4,774
17,0,0,0,223684,absolute,node,149625,-1,5,779
18,0,0,0,236842,absolute,node,101599,-1,-4,775
19,0,0,0,250000,absolute,node,160132,-1,-3,772
20,0,0,0,263157,absolute,node,100514,-1,5,777
21,0,0,0,276315,absolute,node,97520,-1,3,780
22,0,0,0,289473,absolute,node,153123,-1,1,781
23,0,0,0,302631,absolute,node,32788,-1,-1,780
24,0,0,0,315789,absolute,node,135109,-1,2,782
25,0,0,0,328947,absolute,node,73481,-1,-1,781
26,0,0,0,342105,absolute,node,16024,-1,3,784
27,0,0,0,355263,absolute,node,169681,-1,4,788
28,0,0,0,368421,absolute,node,112128,-1,1,789
29,0,0,0,381578,absolute,node,79672,-1,2,791
30,0,0,0,394736,absolute,node,84908,-1,-3,788
31,0,0,0,407894,absolute,node,19781,-1,-2,786
32,0,0,0,421052,absolute,node,116519,-1,-2,784
33,0,0,0,434210,absolute,node,112128,-1,5,789
34,0,0,0,447368,absolute,node,113721,-1,2,791
35,0,0,0,460526,absolute,node,171809,-1,1,792
36,0,0,0,473684,absolute,node,112435,-1,3,795
37,0,0,0,486842,absolute,node,97701,-1,1,796
38,0,0,0,5e+05,absolute,node,162223,-1,-2,794
39,0,0,0,513157,absolute,node,116319,-1,-1,793
40,0,0,0,526315,absolute,node,101599,-1,2,795
41,0,0,0,539473,absolute,node,205615,-1,-1,794
42,0,0,0,552631,absolute,node,102854,-1,4,798
43,0,0,0,565789,absolute,node,171809,-1,3,801
44,0,0,0,578947,absolute,node,189614,-1,-3,798
45,0,0,0,592105,absolute,node,58078,-1,1,799
46,0,0,0,605263,absolute,node,64714,-1,2,801
47,0,0,0,618421,absolute,node,162297,-1,3,804
48,0,0,0,631578,absolute,node,209437,-1,-1,803
49,0,0,0,644736,absolute,node,152487,-1,-5,798
50,0,0,0,657894,absolute,node,80773,-1,-1,797
51,0,0,0,671052,absolute,node,90898,-1,4,801
52,0,0,0,684210,absolute,node,162751,-1,2,803
53,0,0,0,697368,absolute,node,207528,-1,-4,799
54,0,0,0,710526,absolute,node,2830,-1,4,803
55,0,0,0,723684,absolute,node,66490,-1,4,807
56,0,0,0,736842,absolute,node,70402,-1,-5,802
57,0,0,0,750000,absolute,node,85778,-1,-1,801
58,0,0,0,763157,absolute,node,64676,-1,4,805
59,0,0,0,776315,absolute,node,182030,-1,-2,803
60,0,0,0,789473,absolute,node,11368,-1,5,808
61,0,0,0,802631,absolute,node,183175,-1,5,813
62,0,0,0,815789,absolute,node,141313,-1,1,814
63,0,0,0,828947,absolute,node,39582,-1,5,819
64,0,0,0,842105,absolute,node,98226,-1,1,820
65,0,0,0,855263,absolute,node,9909,-1,4,824
66,0,0,0,868421,absolute,node,200531,-1,2,826
67,0,0,0,881578,absolute,node,113721,-1,5,831
68,0,0,0,894736,absolute,node,69721,-1,3,834
69,0,0,0,907894,absolute,node,102854,-1,-3,831
70,0,0,0,921052,absolute,node,209437,-1,2,833
71,0,0,0,934210,absolute,node,45077,-1,5,838
72,0,0,0,947368,absolute,node,182030,-1,-4,834
73,0,0,0,960526,absolute,node,18155,-1,-4,830
74,0,0,0,973684,absolute,node,123637,-1,3,833
75,0,0,0,986842,absolute,node,59187,-1,4,837
