changeID,absoluteTime,evaluation,bitVector,distanceEvaluation,typeOfChange,affected,affectedID1,affectedID2,change,totalAfterChange
1,0,0,6622,0,absolute,node,104417,-1,-1,786
2,0,0,13245,0,absolute,node,13097,-1,1,787
3,0,0,19867,0,absolute,node,54055,-1,-4,783
4,0,0,26490,0,absolute,node,179598,-1,-5,778
5,0,0,33112,0,absolute,node,206839,-1,2,780
6,0,0,39735,0,absolute,node,101966,-1,-3,777
7,0,0,46357,0,absolute,node,32989,-1,5,782
8,0,0,52980,0,absolute,node,34646,-1,-2,780
9,0,0,59602,0,absolute,node,4900,-1,3,783
10,0,0,66225,0,absolute,node,29479,-1,2,785
11,0,0,72847,0,absolute,node,62002,-1,3,788
12,0,0,79470,0,absolute,node,79798,-1,4,792
13,0,0,86092,0,absolute,node,95318,-1,4,796
14,0,0,92715,0,absolute,node,113489,-1,5,801
15,0,0,99337,0,absolute,node,38432,-1,3,804
16,0,0,105960,0,absolute,node,19165,-1,5,809
17,0,0,112582,0,absolute,node,199588,-1,2,811
18,0,0,119205,0,absolute,node,193251,-1,4,815
19,0,0,125827,0,absolute,node,140643,-1,-5,810
20,0,0,132450,0,absolute,node,54055,-1,1,811
21,0,0,139072,0,absolute,node,105132,-1,-3,808
22,0,0,145695,0,absolute,node,131076,-1,-2,806
23,0,0,152317,0,absolute,node,208567,-1,2,808
24,0,0,158940,0,absolute,node,32989,-1,4,812
25,0,0,165562,0,absolute,node,95860,-1,-1,811
26,0,0,172185,0,absolute,node,189744,-1,2,813
27,0,0,178807,0,absolute,node,36763,-1,1,814
28,0,0,185430,0,absolute,node,118300,-1,4,818
29,0,0,192052,0,absolute,node,116987,-1,4,822
30,0,0,198675,0,absolute,node,193251,-1,2,824
31,0,0,205298,0,absolute,node,73893,-1,2,826
32,0,0,211920,0,absolute,node,58108,-1,4,830
33,0,0,218543,0,absolute,node,85314,-1,-1,829
34,0,0,225165,0,absolute,node,41424,-1,-3,826
35,0,0,231788,0,absolute,node,199592,-1,-2,824
36,0,0,238410,0,absolute,node,41905,-1,-1,823
37,0,0,245033,0,absolute,node,21033,-1,-4,819
38,0,0,251655,0,absolute,node,41905,-1,-2,817
39,0,0,258278,0,absolute,node,97214,-1,-3,814
40,0,0,264900,0,absolute,node,73893,-1,2,816
41,0,0,271523,0,absolute,node,109034,-1,1,817
42,0,0,278145,0,absolute,node,210518,-1,1,818
43,0,0,284768,0,absolute,node,61484,-1,-2,816
44,0,0,291390,0,absolute,node,26700,-1,2,818
45,0,0,298013,0,absolute,node,206092,-1,3,821
46,0,0,304635,0,absolute,node,71992,-1,3,824
47,0,0,311258,0,absolute,node,173382,-1,5,829
48,0,0,317880,0,absolute,node,131076,-1,3,832
49,0,0,324503,0,absolute,node,118300,-1,1,833
50,0,0,331125,0,absolute,node,56631,-1,-2,831
51,0,0,337748,0,absolute,node,71992,-1,1,832
52,0,0,344370,0,absolute,node,103464,-1,-5,827
53,0,0,350993,0,absolute,node,166065,-1,-3,824
54,0,0,357615,0,absolute,node,116987,-1,-1,823
55,0,0,364238,0,absolute,node,169186,-1,-1,822
56,0,0,370860,0,absolute,node,129383,-1,1,823
57,0,0,377483,0,absolute,node,41424,-1,3,826
58,0,0,384105,0,absolute,node,52853,-1,4,830
59,0,0,390728,0,absolute,node,129383,-1,-1,829
60,0,0,397350,0,absolute,node,76127,-1,2,831
61,0,0,403973,0,absolute,node,66206,-1,5,836
62,0,0,410596,0,absolute,node,202955,-1,-2,834
63,0,0,417218,0,absolute,node,123343,-1,5,839
64,0,0,423841,0,absolute,node,157155,-1,-2,837
65,0,0,430463,0,absolute,node,21033,-1,1,838
66,0,0,437086,0,absolute,node,208567,-1,-4,834
67,0,0,443708,0,absolute,node,121521,-1,1,835
68,0,0,450331,0,absolute,node,66313,-1,-2,833
69,0,0,456953,0,absolute,node,136868,-1,1,834
70,0,0,463576,0,absolute,node,106911,-1,-1,833
71,0,0,470198,0,absolute,node,13097,-1,4,837
72,0,0,476821,0,absolute,node,73893,-1,4,841
73,0,0,483443,0,absolute,node,99769,-1,-1,840
74,0,0,490066,0,absolute,node,136868,-1,1,841
75,0,0,496688,0,absolute,node,24713,-1,-5,836
76,0,0,503311,0,absolute,node,10145,-1,-2,834
77,0,0,509933,0,absolute,node,7353,-1,5,839
78,0,0,516556,0,absolute,node,127026,-1,3,842
79,0,0,523178,0,absolute,node,52686,-1,2,844
80,0,0,529801,0,absolute,node,64853,-1,2,846
81,0,0,536423,0,absolute,node,52440,-1,-3,843
82,0,0,543046,0,absolute,node,56631,-1,-1,842
83,0,0,549668,0,absolute,node,189744,-1,1,843
84,0,0,556291,0,absolute,node,56740,-1,-1,842
85,0,0,562913,0,absolute,node,66206,-1,-1,841
86,0,0,569536,0,absolute,node,6278,-1,-1,840
87,0,0,576158,0,absolute,node,41905,-1,4,844
88,0,0,582781,0,absolute,node,52853,-1,3,847
89,0,0,589403,0,absolute,node,95860,-1,4,851
90,0,0,596026,0,absolute,node,174963,-1,-3,848
91,0,0,602649,0,absolute,node,183891,-1,4,852
92,0,0,609271,0,absolute,node,61484,-1,5,857
93,0,0,615894,0,absolute,node,166065,-1,-3,854
94,0,0,622516,0,absolute,node,157155,-1,2,856
95,0,0,629139,0,absolute,node,210518,-1,4,860
96,0,0,635761,0,absolute,node,101966,-1,5,865
97,0,0,642384,0,absolute,node,201296,-1,2,867
98,0,0,649006,0,absolute,node,66313,-1,2,869
99,0,0,655629,0,absolute,node,57017,-1,3,872
100,0,0,662251,0,absolute,node,36827,-1,-2,870
101,0,0,668874,0,absolute,node,103464,-1,4,874
102,0,0,675496,0,absolute,node,13097,-1,5,879
103,0,0,682119,0,absolute,node,109816,-1,1,880
104,0,0,688741,0,absolute,node,173436,-1,-2,878
105,0,0,695364,0,absolute,node,127026,-1,-2,876
106,0,0,701986,0,absolute,node,206839,-1,1,877
107,0,0,708609,0,absolute,node,41207,-1,5,882
108,0,0,715231,0,absolute,node,34066,-1,4,886
109,0,0,721854,0,absolute,node,35490,-1,-1,885
110,0,0,728476,0,absolute,node,21033,-1,4,889
111,0,0,735099,0,absolute,node,10605,-1,2,891
112,0,0,741721,0,absolute,node,109816,-1,3,894
113,0,0,748344,0,absolute,node,104417,-1,1,895
114,0,0,754966,0,absolute,node,196922,-1,3,898
115,0,0,761589,0,absolute,node,90361,-1,3,901
116,0,0,768211,0,absolute,node,173436,-1,-1,900
117,0,0,774834,0,absolute,node,76127,-1,2,902
118,0,0,781456,0,absolute,node,95860,-1,1,903
119,0,0,788079,0,absolute,node,200714,-1,-3,900
120,0,0,794701,0,absolute,node,174963,-1,-2,898
121,0,0,801324,0,absolute,node,179598,-1,-3,895
122,0,0,807947,0,absolute,node,157155,-1,5,900
123,0,0,814569,0,absolute,node,193251,-1,4,904
124,0,0,821192,0,absolute,node,106911,-1,1,905
125,0,0,827814,0,absolute,node,17668,-1,1,906
126,0,0,834437,0,absolute,node,7353,-1,-5,901
127,0,0,841059,0,absolute,node,109034,-1,-4,897
128,0,0,847682,0,absolute,node,26700,-1,-4,893
129,0,0,854304,0,absolute,node,1837,-1,4,897
130,0,0,860927,0,absolute,node,138969,-1,-2,895
131,0,0,867549,0,absolute,node,126780,-1,3,898
132,0,0,874172,0,absolute,node,95860,-1,3,901
133,0,0,880794,0,absolute,node,35336,-1,-4,897
134,0,0,887417,0,absolute,node,52853,-1,-3,894
135,0,0,894039,0,absolute,node,169186,-1,-1,893
136,0,0,900662,0,absolute,node,76127,-1,2,895
137,0,0,907284,0,absolute,node,105132,-1,5,900
138,0,0,913907,0,absolute,node,52440,-1,-2,898
139,0,0,920529,0,absolute,node,195269,-1,1,899
140,0,0,927152,0,absolute,node,73770,-1,1,900
141,0,0,933774,0,absolute,node,99131,-1,-2,898
142,0,0,940397,0,absolute,node,36763,-1,1,899
143,0,0,947019,0,absolute,node,66313,-1,2,901
144,0,0,953642,0,absolute,node,73893,-1,5,906
145,0,0,960264,0,absolute,node,208567,-1,-1,905
146,0,0,966887,0,absolute,node,166257,-1,-2,903
147,0,0,973509,0,absolute,node,26700,-1,2,905
148,0,0,980132,0,absolute,node,118191,-1,3,908
149,0,0,986754,0,absolute,node,13097,-1,1,909
150,0,0,993377,0,absolute,node,37494,-1,4,913
