changeID,absoluteTime,evaluation,bitVector,distanceEvaluation,typeOfChange,affected,affectedID1,affectedID2,change,totalAfterChange
1,0,0,0,13157,absolute,node,154312,-1,-2,785
2,0,0,0,26315,absolute,node,118191,-1,5,790
3,0,0,0,39473,absolute,node,154312,-1,1,791
4,0,0,0,52631,absolute,node,157155,-1,-4,787
5,0,0,0,65789,absolute,node,208567,-1,3,790
6,0,0,0,78947,absolute,node,123343,-1,2,792
7,0,0,0,92105,absolute,node,4900,-1,1,793
8,0,0,0,105263,absolute,node,113489,-1,3,796
9,0,0,0,118421,absolute,node,23117,-1,-3,793
10,0,0,0,131578,absolute,node,36763,-1,5,798
11,0,0,0,144736,absolute,node,206092,-1,-5,793
12,0,0,0,157894,absolute,node,443,-1,4,797
13,0,0,0,171052,absolute,node,9889,-1,-1,796
14,0,0,0,184210,absolute,node,443,-1,-1,795
15,0,0,0,197368,absolute,node,206092,-1,1,796
16,0,0,0,210526,absolute,node,55541,-1,-5,791
17,0,0,0,223684,absolute,node,10145,-1,5,796
18,0,0,0,236842,absolute,node,210518,-1,-4,792
19,0,0,0,250000,absolute,node,136369,-1,2,794
20,0,0,0,263157,absolute,node,201296,-1,-3,791
21,0,0,0,276315,absolute,node,129383,-1,-2,789
22,0,0,0,289473,absolute,node,99131,-1,3,792
23,0,0,0,302631,absolute,node,113489,-1,-5,787
24,0,0,0,315789,absolute,node,71992,-1,4,791
25,0,0,0,328947,absolute,node,196922,-1,3,794
26,0,0,0,342105,absolute,node,23117,-1,4,798
27,0,0,0,355263,absolute,node,60810,-1,-1,797
28,0,0,0,368421,absolute,node,115520,-1,2,799
29,0,0,0,381578,absolute,node,115520,-1,-2,797
30,0,0,0,394736,absolute,node,101006,-1,4,801
31,0,0,0,407894,absolute,node,4348,-1,4,805
32,0,0,0,421052,absolute,node,35336,-1,-2,803
33,0,0,0,434210,absolute,node,115520,-1,-3,800
34,0,0,0,447368,absolute,node,204373,-1,-2,798
35,0,0,0,460526,absolute,node,21033,-1,1,799
36,0,0,0,473684,absolute,node,4900,-1,5,804
37,0,0,0,486842,absolute,node,126780,-1,1,805
38,0,0,0,5e+05,absolute,node,106911,-1,-3,802
39,0,0,0,513157,absolute,node,34066,-1,1,803
40,0,0,0,526315,absolute,node,76127,-1,3,806
41,0,0,0,539473,absolute,node,115520,-1,4,810
42,0,0,0,552631,absolute,node,60810,-1,-1,809
43,0,0,0,565789,absolute,node,34066,-1,-5,804
44,0,0,0,578947,absolute,node,193251,-1,2,806
45,0,0,0,592105,absolute,node,157155,-1,1,807
46,0,0,0,605263,absolute,node,2372,-1,2,809
47,0,0,0,618421,absolute,node,55541,-1,1,810
48,0,0,0,631578,absolute,node,50489,-1,-2,808
49,0,0,0,644736,absolute,node,174963,-1,-2,806
50,0,0,0,657894,absolute,node,26085,-1,5,811
51,0,0,0,671052,absolute,node,61484,-1,4,815
52,0,0,0,684210,absolute,node,26700,-1,1,816
53,0,0,0,697368,absolute,node,66313,-1,-3,813
54,0,0,0,710526,absolute,node,57017,-1,5,818
55,0,0,0,723684,absolute,node,173436,-1,1,819
56,0,0,0,736842,absolute,node,23938,-1,-5,814
57,0,0,0,750000,absolute,node,99769,-1,5,819
58,0,0,0,763157,absolute,node,73893,-1,4,823
59,0,0,0,776315,absolute,node,85314,-1,-5,818
60,0,0,0,789473,absolute,node,189449,-1,-1,817
61,0,0,0,802631,absolute,node,54055,-1,5,822
62,0,0,0,815789,absolute,node,204373,-1,-2,820
63,0,0,0,828947,absolute,node,125316,-1,5,825
64,0,0,0,842105,absolute,node,106911,-1,5,830
65,0,0,0,855263,absolute,node,52686,-1,-2,828
66,0,0,0,868421,absolute,node,100875,-1,4,832
67,0,0,0,881578,absolute,node,111838,-1,-1,831
68,0,0,0,894736,absolute,node,62724,-1,4,835
69,0,0,0,907894,absolute,node,60810,-1,-2,833
70,0,0,0,921052,absolute,node,157155,-1,-2,831
71,0,0,0,934210,absolute,node,174963,-1,2,833
72,0,0,0,947368,absolute,node,99131,-1,5,838
73,0,0,0,960526,absolute,node,58108,-1,5,843
74,0,0,0,973684,absolute,node,52640,-1,1,844
75,0,0,0,986842,absolute,node,3508,-1,3,847
