changeID,absoluteTime,evaluation,bitVector,distanceEvaluation,typeOfChange,affected,affectedID1,affectedID2,change,totalAfterChange
1,0,0,0,13157,absolute,node,2098,-1,-5,773
2,0,0,0,26315,absolute,node,17865,-1,-1,772
3,0,0,0,39473,absolute,node,11407,-1,-5,767
4,0,0,0,52631,absolute,node,6327,-1,5,772
5,0,0,0,65789,absolute,node,15523,-1,-4,768
6,0,0,0,78947,absolute,node,3762,-1,-4,764
7,0,0,0,92105,absolute,node,23290,-1,-3,761
8,0,0,0,105263,absolute,node,6154,-1,1,762
9,0,0,0,118421,absolute,node,2691,-1,3,765
10,0,0,0,131578,absolute,node,20324,-1,3,768
11,0,0,0,144736,absolute,node,5954,-1,-3,765
12,0,0,0,157894,absolute,node,11873,-1,4,769
13,0,0,0,171052,absolute,node,17865,-1,4,773
14,0,0,0,184210,absolute,node,6576,-1,2,775
15,0,0,0,197368,absolute,node,3181,-1,5,780
16,0,0,0,210526,absolute,node,24945,-1,3,783
17,0,0,0,223684,absolute,node,16983,-1,-2,781
18,0,0,0,236842,absolute,node,1773,-1,1,782
19,0,0,0,250000,absolute,node,16653,-1,-3,779
20,0,0,0,263157,absolute,node,16062,-1,2,781
21,0,0,0,276315,absolute,node,25091,-1,2,783
22,0,0,0,289473,absolute,node,5125,-1,-2,781
23,0,0,0,302631,absolute,node,10694,-1,-1,780
24,0,0,0,315789,absolute,node,15782,-1,3,783
25,0,0,0,328947,absolute,node,15493,-1,2,785
26,0,0,0,342105,absolute,node,14250,-1,-4,781
27,0,0,0,355263,absolute,node,15493,-1,2,783
28,0,0,0,368421,absolute,node,25089,-1,-1,782
29,0,0,0,381578,absolute,node,6135,-1,-4,778
30,0,0,0,394736,absolute,node,3648,-1,1,779
31,0,0,0,407894,absolute,node,15770,-1,3,782
32,0,0,0,421052,absolute,node,6625,-1,-2,780
33,0,0,0,434210,absolute,node,3094,-1,5,785
34,0,0,0,447368,absolute,node,6597,-1,3,788
35,0,0,0,460526,absolute,node,13156,-1,3,791
36,0,0,0,473684,absolute,node,5583,-1,4,795
37,0,0,0,486842,absolute,node,12390,-1,2,797
38,0,0,0,5e+05,absolute,node,9078,-1,-5,792
39,0,0,0,513157,absolute,node,12390,-1,-1,791
40,0,0,0,526315,absolute,node,17316,-1,5,796
41,0,0,0,539473,absolute,node,17394,-1,4,800
42,0,0,0,552631,absolute,node,12239,-1,-5,795
43,0,0,0,565789,absolute,node,16905,-1,-1,794
44,0,0,0,578947,absolute,node,8282,-1,5,799
45,0,0,0,592105,absolute,node,16039,-1,3,802
46,0,0,0,605263,absolute,node,12239,-1,5,807
47,0,0,0,618421,absolute,node,18664,-1,-3,804
48,0,0,0,631578,absolute,node,10714,-1,5,809
49,0,0,0,644736,absolute,node,20324,-1,-5,804
50,0,0,0,657894,absolute,node,14341,-1,-1,803
51,0,0,0,671052,absolute,node,15782,-1,4,807
52,0,0,0,684210,absolute,node,20324,-1,-2,805
53,0,0,0,697368,absolute,node,765,-1,5,810
54,0,0,0,710526,absolute,node,5583,-1,-5,805
55,0,0,0,723684,absolute,node,24741,-1,-4,801
56,0,0,0,736842,absolute,node,980,-1,3,804
57,0,0,0,750000,absolute,node,25795,-1,2,806
58,0,0,0,763157,absolute,node,24945,-1,-4,802
59,0,0,0,776315,absolute,node,6625,-1,4,806
60,0,0,0,789473,absolute,node,16871,-1,-2,804
61,0,0,0,802631,absolute,node,11873,-1,-5,799
62,0,0,0,815789,absolute,node,13156,-1,1,800
63,0,0,0,828947,absolute,node,8282,-1,-5,795
64,0,0,0,842105,absolute,node,15782,-1,-5,790
65,0,0,0,855263,absolute,node,20468,-1,-3,787
66,0,0,0,868421,absolute,node,24261,-1,2,789
67,0,0,0,881578,absolute,node,5143,-1,3,792
68,0,0,0,894736,absolute,node,1911,-1,3,795
69,0,0,0,907894,absolute,node,2028,-1,-5,790
70,0,0,0,921052,absolute,node,13987,-1,-2,788
71,0,0,0,934210,absolute,node,15240,-1,-5,783
72,0,0,0,947368,absolute,node,19611,-1,-2,781
73,0,0,0,960526,absolute,node,20324,-1,3,784
74,0,0,0,973684,absolute,node,17865,-1,-1,783
75,0,0,0,986842,absolute,node,23220,-1,-2,781
