changeID,absoluteTime,evaluation,bitVector,distanceEvaluation,typeOfChange,affected,affectedID1,affectedID2,change,totalAfterChange
1,0,0,6622,0,absolute,node,1553,-1,1,858
2,0,0,13245,0,absolute,node,14840,-1,-4,854
3,0,0,19867,0,absolute,node,19295,-1,-4,850
4,0,0,26490,0,absolute,node,23530,-1,2,852
5,0,0,33112,0,absolute,node,10617,-1,5,857
6,0,0,39735,0,absolute,node,10617,-1,-4,853
7,0,0,46357,0,absolute,node,13135,-1,-5,848
8,0,0,52980,0,absolute,node,17413,-1,-1,847
9,0,0,59602,0,absolute,node,4705,-1,1,848
10,0,0,66225,0,absolute,node,14840,-1,3,851
11,0,0,72847,0,absolute,node,18848,-1,4,855
12,0,0,79470,0,absolute,node,17227,-1,-5,850
13,0,0,86092,0,absolute,node,12630,-1,2,852
14,0,0,92715,0,absolute,node,22661,-1,5,857
15,0,0,99337,0,absolute,node,24004,-1,5,862
16,0,0,105960,0,absolute,node,3850,-1,-2,860
17,0,0,112582,0,absolute,node,26101,-1,5,865
18,0,0,119205,0,absolute,node,1553,-1,5,870
19,0,0,125827,0,absolute,node,9177,-1,5,875
20,0,0,132450,0,absolute,node,22661,-1,4,879
21,0,0,139072,0,absolute,node,20240,-1,-3,876
22,0,0,145695,0,absolute,node,20855,-1,5,881
23,0,0,152317,0,absolute,node,7039,-1,-1,880
24,0,0,158940,0,absolute,node,10989,-1,-5,875
25,0,0,165562,0,absolute,node,19295,-1,2,877
26,0,0,172185,0,absolute,node,8117,-1,-1,876
27,0,0,178807,0,absolute,node,2785,-1,-2,874
28,0,0,185430,0,absolute,node,6846,-1,1,875
29,0,0,192052,0,absolute,node,5283,-1,3,878
30,0,0,198675,0,absolute,node,6776,-1,-5,873
31,0,0,205298,0,absolute,node,18885,-1,1,874
32,0,0,211920,0,absolute,node,14074,-1,3,877
33,0,0,218543,0,absolute,node,6776,-1,-1,876
34,0,0,225165,0,absolute,node,21227,-1,-3,873
35,0,0,231788,0,absolute,node,8578,-1,-1,872
36,0,0,238410,0,absolute,node,25586,-1,2,874
37,0,0,245033,0,absolute,node,8117,-1,3,877
38,0,0,251655,0,absolute,node,6262,-1,-2,875
39,0,0,258278,0,absolute,node,23180,-1,2,877
40,0,0,264900,0,absolute,node,19824,-1,-4,873
41,0,0,271523,0,absolute,node,25894,-1,-3,870
42,0,0,278145,0,absolute,node,20420,-1,-4,866
43,0,0,284768,0,absolute,node,23007,-1,-3,863
44,0,0,291390,0,absolute,node,22661,-1,5,868
45,0,0,298013,0,absolute,node,11818,-1,4,872
46,0,0,304635,0,absolute,node,23530,-1,3,875
47,0,0,311258,0,absolute,node,7516,-1,5,880
48,0,0,317880,0,absolute,node,23958,-1,2,882
49,0,0,324503,0,absolute,node,13727,-1,-5,877
50,0,0,331125,0,absolute,node,17548,-1,-5,872
51,0,0,337748,0,absolute,node,21463,-1,3,875
52,0,0,344370,0,absolute,node,12886,-1,-4,871
53,0,0,350993,0,absolute,node,17463,-1,-5,866
54,0,0,357615,0,absolute,node,26062,-1,1,867
55,0,0,364238,0,absolute,node,14074,-1,-2,865
56,0,0,370860,0,absolute,node,7286,-1,-4,861
57,0,0,377483,0,absolute,node,23906,-1,3,864
58,0,0,384105,0,absolute,node,5327,-1,3,867
59,0,0,390728,0,absolute,node,3850,-1,2,869
60,0,0,397350,0,absolute,node,20239,-1,-1,868
61,0,0,403973,0,absolute,node,6611,-1,4,872
62,0,0,410596,0,absolute,node,11271,-1,4,876
63,0,0,417218,0,absolute,node,21227,-1,2,878
64,0,0,423841,0,absolute,node,13902,-1,2,880
65,0,0,430463,0,absolute,node,23988,-1,3,883
66,0,0,437086,0,absolute,node,2754,-1,2,885
67,0,0,443708,0,absolute,node,24259,-1,-2,883
68,0,0,450331,0,absolute,node,24004,-1,1,884
69,0,0,456953,0,absolute,node,21942,-1,-3,881
70,0,0,463576,0,absolute,node,8117,-1,-2,879
71,0,0,470198,0,absolute,node,4705,-1,3,882
72,0,0,476821,0,absolute,node,703,-1,2,884
73,0,0,483443,0,absolute,node,21380,-1,4,888
74,0,0,490066,0,absolute,node,5327,-1,-3,885
75,0,0,496688,0,absolute,node,9928,-1,3,888
76,0,0,503311,0,absolute,node,10996,-1,-2,886
77,0,0,509933,0,absolute,node,5145,-1,2,888
78,0,0,516556,0,absolute,node,18236,-1,4,892
79,0,0,523178,0,absolute,node,17463,-1,5,897
80,0,0,529801,0,absolute,node,764,-1,-2,895
81,0,0,536423,0,absolute,node,16159,-1,-4,891
82,0,0,543046,0,absolute,node,18813,-1,-1,890
83,0,0,549668,0,absolute,node,17227,-1,5,895
84,0,0,556291,0,absolute,node,20956,-1,-3,892
85,0,0,562913,0,absolute,node,15327,-1,-3,889
86,0,0,569536,0,absolute,node,13644,-1,1,890
87,0,0,576158,0,absolute,node,20239,-1,1,891
88,0,0,582781,0,absolute,node,17548,-1,2,893
89,0,0,589403,0,absolute,node,17797,-1,4,897
90,0,0,596026,0,absolute,node,21227,-1,1,898
91,0,0,602649,0,absolute,node,20240,-1,5,903
92,0,0,609271,0,absolute,node,6776,-1,2,905
93,0,0,615894,0,absolute,node,25894,-1,3,908
94,0,0,622516,0,absolute,node,5675,-1,-2,906
95,0,0,629139,0,absolute,node,21942,-1,-4,902
96,0,0,635761,0,absolute,node,13192,-1,3,905
97,0,0,642384,0,absolute,node,23180,-1,-1,904
98,0,0,649006,0,absolute,node,14899,-1,-4,900
99,0,0,655629,0,absolute,node,12630,-1,3,903
100,0,0,662251,0,absolute,node,14274,-1,3,906
101,0,0,668874,0,absolute,node,24004,-1,-4,902
102,0,0,675496,0,absolute,node,16528,-1,4,906
103,0,0,682119,0,absolute,node,7834,-1,5,911
104,0,0,688741,0,absolute,node,14274,-1,3,914
105,0,0,695364,0,absolute,node,17854,-1,4,918
106,0,0,701986,0,absolute,node,8996,-1,-3,915
107,0,0,708609,0,absolute,node,20584,-1,2,917
108,0,0,715231,0,absolute,node,10434,-1,-1,916
109,0,0,721854,0,absolute,node,13360,-1,-5,911
110,0,0,728476,0,absolute,node,2643,-1,2,913
111,0,0,735099,0,absolute,node,17759,-1,5,918
112,0,0,741721,0,absolute,node,17058,-1,-1,917
113,0,0,748344,0,absolute,node,24259,-1,-4,913
114,0,0,754966,0,absolute,node,13727,-1,-3,910
115,0,0,761589,0,absolute,node,15552,-1,4,914
116,0,0,768211,0,absolute,node,16159,-1,-4,910
117,0,0,774834,0,absolute,node,6090,-1,4,914
118,0,0,781456,0,absolute,node,19824,-1,2,916
119,0,0,788079,0,absolute,node,23431,-1,4,920
120,0,0,794701,0,absolute,node,703,-1,3,923
121,0,0,801324,0,absolute,node,6262,-1,2,925
122,0,0,807947,0,absolute,node,8578,-1,4,929
123,0,0,814569,0,absolute,node,13644,-1,-5,924
124,0,0,821192,0,absolute,node,2331,-1,5,929
125,0,0,827814,0,absolute,node,14283,-1,-3,926
126,0,0,834437,0,absolute,node,17463,-1,-5,921
127,0,0,841059,0,absolute,node,12886,-1,1,922
128,0,0,847682,0,absolute,node,6776,-1,-1,921
129,0,0,854304,0,absolute,node,25601,-1,-1,920
130,0,0,860927,0,absolute,node,26062,-1,-1,919
131,0,0,867549,0,absolute,node,2785,-1,-1,918
132,0,0,874172,0,absolute,node,10434,-1,-4,914
133,0,0,880794,0,absolute,node,18393,-1,-4,910
134,0,0,887417,0,absolute,node,6846,-1,-2,908
135,0,0,894039,0,absolute,node,764,-1,-4,904
136,0,0,900662,0,absolute,node,20956,-1,-5,899
137,0,0,907284,0,absolute,node,15433,-1,1,900
138,0,0,913907,0,absolute,node,654,-1,1,901
139,0,0,920529,0,absolute,node,21380,-1,5,906
140,0,0,927152,0,absolute,node,21030,-1,-2,904
141,0,0,933774,0,absolute,node,169,-1,4,908
142,0,0,940397,0,absolute,node,22661,-1,3,911
143,0,0,947019,0,absolute,node,8117,-1,-1,910
144,0,0,953642,0,absolute,node,23727,-1,-1,909
145,0,0,960264,0,absolute,node,10966,-1,-2,907
146,0,0,966887,0,absolute,node,22661,-1,-4,903
147,0,0,973509,0,absolute,node,14274,-1,-3,900
148,0,0,980132,0,absolute,node,21022,-1,2,902
149,0,0,986754,0,absolute,node,10996,-1,3,905
150,0,0,993377,0,absolute,node,19563,-1,1,906
