changeID,absoluteTime,evaluation,bitVector,distanceEvaluation,typeOfChange,affected,affectedID1,affectedID2,change,totalAfterChange
1,0,0,9900,0,absolute,node,141530,-1,-3,518
2,0,0,19801,0,absolute,node,1408,-1,1,519
3,0,0,29702,0,absolute,node,141438,-1,-5,514
4,0,0,39603,0,absolute,node,171483,-1,4,518
5,0,0,49504,0,absolute,node,9155,-1,-2,516
6,0,0,59405,0,absolute,node,87033,-1,-2,514
7,0,0,69306,0,absolute,node,128868,-1,3,517
8,0,0,79207,0,absolute,node,38373,-1,4,521
9,0,0,89108,0,absolute,node,42751,-1,-5,516
10,0,0,99009,0,absolute,node,158495,-1,2,518
11,0,0,108910,0,absolute,node,87033,-1,-5,513
12,0,0,118811,0,absolute,node,128069,-1,3,516
13,0,0,128712,0,absolute,node,163010,-1,1,517
14,0,0,138613,0,absolute,node,140323,-1,-5,512
15,0,0,148514,0,absolute,node,101040,-1,-1,511
16,0,0,158415,0,absolute,node,87100,-1,-2,509
17,0,0,168316,0,absolute,node,8103,-1,-4,505
18,0,0,178217,0,absolute,node,111217,-1,-1,504
19,0,0,188118,0,absolute,node,29757,-1,2,506
20,0,0,198019,0,absolute,node,29757,-1,4,510
21,0,0,207920,0,absolute,node,25479,-1,3,513
22,0,0,217821,0,absolute,node,18026,-1,1,514
23,0,0,227722,0,absolute,node,87100,-1,-2,512
24,0,0,237623,0,absolute,node,210590,-1,4,516
25,0,0,247524,0,absolute,node,189364,-1,2,518
26,0,0,257425,0,absolute,node,10769,-1,4,522
27,0,0,267326,0,absolute,node,123578,-1,1,523
28,0,0,277227,0,absolute,node,200416,-1,-1,522
29,0,0,287128,0,absolute,node,1408,-1,-5,517
30,0,0,297029,0,absolute,node,18026,-1,-4,513
31,0,0,306930,0,absolute,node,173513,-1,4,517
32,0,0,316831,0,absolute,node,8662,-1,3,520
33,0,0,326732,0,absolute,node,18508,-1,4,524
34,0,0,336633,0,absolute,node,145672,-1,-2,522
35,0,0,346534,0,absolute,node,147922,-1,3,525
36,0,0,356435,0,absolute,node,87033,-1,1,526
37,0,0,366336,0,absolute,node,56335,-1,-3,523
38,0,0,376237,0,absolute,node,206379,-1,5,528
39,0,0,386138,0,absolute,node,201533,-1,2,530
40,0,0,396039,0,absolute,node,11401,-1,-5,525
41,0,0,405940,0,absolute,node,210351,-1,-3,522
42,0,0,415841,0,absolute,node,190136,-1,5,527
43,0,0,425742,0,absolute,node,155855,-1,-1,526
44,0,0,435643,0,absolute,node,171483,-1,-4,522
45,0,0,445544,0,absolute,node,91433,-1,-4,518
46,0,0,455445,0,absolute,node,91433,-1,2,520
47,0,0,465346,0,absolute,node,123578,-1,2,522
48,0,0,475247,0,absolute,node,25479,-1,-5,517
49,0,0,485148,0,absolute,node,19117,-1,1,518
50,0,0,495049,0,absolute,node,83571,-1,2,520
51,0,0,504950,0,absolute,node,159833,-1,-4,516
52,0,0,514851,0,absolute,node,18026,-1,5,521
53,0,0,524752,0,absolute,node,106966,-1,-2,519
54,0,0,534653,0,absolute,node,2951,-1,4,523
55,0,0,544554,0,absolute,node,166003,-1,-5,518
56,0,0,554455,0,absolute,node,20290,-1,4,522
57,0,0,564356,0,absolute,node,1568,-1,2,524
58,0,0,574257,0,absolute,node,87100,-1,4,528
59,0,0,584158,0,absolute,node,145672,-1,4,532
60,0,0,594059,0,absolute,node,141438,-1,4,536
61,0,0,603960,0,absolute,node,39028,-1,-5,531
62,0,0,613861,0,absolute,node,101040,-1,4,535
63,0,0,623762,0,absolute,node,53573,-1,-3,532
64,0,0,633663,0,absolute,node,147922,-1,5,537
65,0,0,643564,0,absolute,node,171483,-1,-2,535
66,0,0,653465,0,absolute,node,171483,-1,5,540
67,0,0,663366,0,absolute,node,210590,-1,-4,536
68,0,0,673267,0,absolute,node,56335,-1,3,539
69,0,0,683168,0,absolute,node,1568,-1,1,540
70,0,0,693069,0,absolute,node,189364,-1,-2,538
71,0,0,702970,0,absolute,node,192970,-1,-4,534
72,0,0,712871,0,absolute,node,42076,-1,5,539
73,0,0,722772,0,absolute,node,130098,-1,5,544
74,0,0,732673,0,absolute,node,137817,-1,2,546
75,0,0,742574,0,absolute,node,158495,-1,1,547
76,0,0,752475,0,absolute,node,19117,-1,-5,542
77,0,0,762376,0,absolute,node,42826,-1,3,545
78,0,0,772277,0,absolute,node,158495,-1,-4,541
79,0,0,782178,0,absolute,node,163010,-1,-2,539
80,0,0,792079,0,absolute,node,170819,-1,3,542
81,0,0,801980,0,absolute,node,42076,-1,-4,538
82,0,0,811881,0,absolute,node,111217,-1,2,540
83,0,0,821782,0,absolute,node,2951,-1,4,544
84,0,0,831683,0,absolute,node,206663,-1,2,546
85,0,0,841584,0,absolute,node,189534,-1,5,551
86,0,0,851485,0,absolute,node,137817,-1,-2,549
87,0,0,861386,0,absolute,node,206379,-1,2,551
88,0,0,871287,0,absolute,node,46592,-1,-1,550
89,0,0,881188,0,absolute,node,87100,-1,-2,548
90,0,0,891089,0,absolute,node,52756,-1,-1,547
91,0,0,900990,0,absolute,node,55573,-1,3,550
92,0,0,910891,0,absolute,node,141530,-1,4,554
93,0,0,920792,0,absolute,node,46592,-1,-4,550
94,0,0,930693,0,absolute,node,167806,-1,-1,549
95,0,0,940594,0,absolute,node,11401,-1,3,552
96,0,0,950495,0,absolute,node,132982,-1,-2,550
97,0,0,960396,0,absolute,node,83571,-1,4,554
98,0,0,970297,0,absolute,node,144856,-1,3,557
99,0,0,980198,0,absolute,node,101040,-1,-5,552
100,0,0,990099,0,absolute,node,126263,-1,1,553
