changeID,absoluteTime,evaluation,bitVector,distanceEvaluation,typeOfChange,affected,affectedID1,affectedID2,change,totalAfterChange
1,0,0,13157,0,absolute,node,13097,-1,3,790
2,0,0,26315,0,absolute,node,110508,-1,4,794
3,0,0,39473,0,absolute,node,26085,-1,2,796
4,0,0,52631,0,absolute,node,199592,-1,5,801
5,0,0,65789,0,absolute,node,176204,-1,3,804
6,0,0,78947,0,absolute,node,35336,-1,-4,800
7,0,0,92105,0,absolute,node,54055,-1,1,801
8,0,0,105263,0,absolute,node,209265,-1,3,804
9,0,0,118421,0,absolute,node,35336,-1,3,807
10,0,0,131578,0,absolute,node,61498,-1,1,808
11,0,0,144736,0,absolute,node,206092,-1,-1,807
12,0,0,157894,0,absolute,node,13097,-1,4,811
13,0,0,171052,0,absolute,node,103464,-1,-5,806
14,0,0,184210,0,absolute,node,189744,-1,3,809
15,0,0,197368,0,absolute,node,154312,-1,1,810
16,0,0,210526,0,absolute,node,129383,-1,-5,805
17,0,0,223684,0,absolute,node,211812,-1,-1,804
18,0,0,236842,0,absolute,node,73893,-1,3,807
19,0,0,250000,0,absolute,node,52440,-1,-2,805
20,0,0,263157,0,absolute,node,206092,-1,-1,804
21,0,0,276315,0,absolute,node,29479,-1,2,806
22,0,0,289473,0,absolute,node,47478,-1,5,811
23,0,0,302631,0,absolute,node,99769,-1,-2,809
24,0,0,315789,0,absolute,node,100875,-1,2,811
25,0,0,328947,0,absolute,node,61498,-1,2,813
26,0,0,342105,0,absolute,node,118300,-1,-2,811
27,0,0,355263,0,absolute,node,136989,-1,-2,809
28,0,0,368421,0,absolute,node,1837,-1,2,811
29,0,0,381578,0,absolute,node,73893,-1,-2,809
30,0,0,394736,0,absolute,node,199389,-1,3,812
31,0,0,407894,0,absolute,node,193251,-1,-5,807
32,0,0,421052,0,absolute,node,105132,-1,5,812
33,0,0,434210,0,absolute,node,7353,-1,2,814
34,0,0,447368,0,absolute,node,169186,-1,1,815
35,0,0,460526,0,absolute,node,90361,-1,-1,814
36,0,0,473684,0,absolute,node,56631,-1,4,818
37,0,0,486842,0,absolute,node,131076,-1,-4,814
38,0,0,5e+05,0,absolute,node,173382,-1,2,816
39,0,0,513157,0,absolute,node,162660,-1,3,819
40,0,0,526315,0,absolute,node,154312,-1,-2,817
41,0,0,539473,0,absolute,node,47478,-1,-1,816
42,0,0,552631,0,absolute,node,125316,-1,1,817
43,0,0,565789,0,absolute,node,67374,-1,4,821
44,0,0,578947,0,absolute,node,57017,-1,-4,817
45,0,0,592105,0,absolute,node,169186,-1,3,820
46,0,0,605263,0,absolute,node,122202,-1,-1,819
47,0,0,618421,0,absolute,node,209889,-1,3,822
48,0,0,631578,0,absolute,node,60810,-1,-3,819
49,0,0,644736,0,absolute,node,176204,-1,-1,818
50,0,0,657894,0,absolute,node,3508,-1,-2,816
51,0,0,671052,0,absolute,node,41424,-1,3,819
52,0,0,684210,0,absolute,node,71992,-1,-2,817
53,0,0,697368,0,absolute,node,52686,-1,-4,813
54,0,0,710526,0,absolute,node,73770,-1,4,817
55,0,0,723684,0,absolute,node,61498,-1,-3,814
56,0,0,736842,0,absolute,node,138969,-1,-1,813
57,0,0,750000,0,absolute,node,154312,-1,-1,812
58,0,0,763157,0,absolute,node,6278,-1,2,814
59,0,0,776315,0,absolute,node,193251,-1,1,815
60,0,0,789473,0,absolute,node,99769,-1,3,818
61,0,0,802631,0,absolute,node,202955,-1,5,823
62,0,0,815789,0,absolute,node,67374,-1,-1,822
63,0,0,828947,0,absolute,node,136868,-1,4,826
64,0,0,842105,0,absolute,node,3508,-1,-4,822
65,0,0,855263,0,absolute,node,92401,-1,-1,821
66,0,0,868421,0,absolute,node,9889,-1,3,824
67,0,0,881578,0,absolute,node,166065,-1,-5,819
68,0,0,894736,0,absolute,node,76127,-1,-1,818
69,0,0,907894,0,absolute,node,174963,-1,3,821
70,0,0,921052,0,absolute,node,166065,-1,-3,818
71,0,0,934210,0,absolute,node,154312,-1,5,823
72,0,0,947368,0,absolute,node,52853,-1,4,827
73,0,0,960526,0,absolute,node,121521,-1,3,830
74,0,0,973684,0,absolute,node,36827,-1,-2,828
75,0,0,986842,0,absolute,node,114248,-1,1,829
