changeID,absoluteTime,evaluation,bitVector,distanceEvaluation,typeOfChange,affected,affectedID1,affectedID2,change,totalAfterChange
1,0,0,9900,0,absolute,node,19254,-1,1,563
2,0,0,19801,0,absolute,node,20427,-1,1,564
3,0,0,29702,0,absolute,node,19599,-1,3,567
4,0,0,39603,0,absolute,node,18779,-1,2,569
5,0,0,49504,0,absolute,node,10984,-1,-1,568
6,0,0,59405,0,absolute,node,22213,-1,-3,565
7,0,0,69306,0,absolute,node,9577,-1,-1,564
8,0,0,79207,0,absolute,node,18056,-1,3,567
9,0,0,89108,0,absolute,node,21882,-1,-3,564
10,0,0,99009,0,absolute,node,12543,-1,-5,559
11,0,0,108910,0,absolute,node,22776,-1,-5,554
12,0,0,118811,0,absolute,node,9166,-1,3,557
13,0,0,128712,0,absolute,node,19458,-1,-2,555
14,0,0,138613,0,absolute,node,17845,-1,3,558
15,0,0,148514,0,absolute,node,9577,-1,1,559
16,0,0,158415,0,absolute,node,9670,-1,4,563
17,0,0,168316,0,absolute,node,24108,-1,4,567
18,0,0,178217,0,absolute,node,14357,-1,2,569
19,0,0,188118,0,absolute,node,23417,-1,3,572
20,0,0,198019,0,absolute,node,19577,-1,5,577
21,0,0,207920,0,absolute,node,15297,-1,-4,573
22,0,0,217821,0,absolute,node,24319,-1,3,576
23,0,0,227722,0,absolute,node,14066,-1,-2,574
24,0,0,237623,0,absolute,node,3124,-1,1,575
25,0,0,247524,0,absolute,node,19697,-1,2,577
26,0,0,257425,0,absolute,node,19723,-1,4,581
27,0,0,267326,0,absolute,node,1467,-1,5,586
28,0,0,277227,0,absolute,node,23682,-1,1,587
29,0,0,287128,0,absolute,node,19458,-1,-4,583
30,0,0,297029,0,absolute,node,15297,-1,4,587
31,0,0,306930,0,absolute,node,15463,-1,4,591
32,0,0,316831,0,absolute,node,3997,-1,2,593
33,0,0,326732,0,absolute,node,22776,-1,-3,590
34,0,0,336633,0,absolute,node,19694,-1,2,592
35,0,0,346534,0,absolute,node,15788,-1,-2,590
36,0,0,356435,0,absolute,node,25024,-1,4,594
37,0,0,366336,0,absolute,node,14894,-1,-1,593
38,0,0,376237,0,absolute,node,10096,-1,-2,591
39,0,0,386138,0,absolute,node,17344,-1,4,595
40,0,0,396039,0,absolute,node,19599,-1,1,596
41,0,0,405940,0,absolute,node,2548,-1,4,600
42,0,0,415841,0,absolute,node,2375,-1,5,605
43,0,0,425742,0,absolute,node,14640,-1,1,606
44,0,0,435643,0,absolute,node,14894,-1,2,608
45,0,0,445544,0,absolute,node,20427,-1,3,611
46,0,0,455445,0,absolute,node,24295,-1,2,613
47,0,0,465346,0,absolute,node,10433,-1,-1,612
48,0,0,475247,0,absolute,node,10503,-1,4,616
49,0,0,485148,0,absolute,node,8527,-1,-1,615
50,0,0,495049,0,absolute,node,7969,-1,2,617
51,0,0,504950,0,absolute,node,10433,-1,-2,615
52,0,0,514851,0,absolute,node,25024,-1,-2,613
53,0,0,524752,0,absolute,node,7081,-1,-4,609
54,0,0,534653,0,absolute,node,26004,-1,5,614
55,0,0,544554,0,absolute,node,19458,-1,2,616
56,0,0,554455,0,absolute,node,14357,-1,4,620
57,0,0,564356,0,absolute,node,18779,-1,-4,616
58,0,0,574257,0,absolute,node,26004,-1,-1,615
59,0,0,584158,0,absolute,node,3337,-1,-4,611
60,0,0,594059,0,absolute,node,23682,-1,-3,608
61,0,0,603960,0,absolute,node,14357,-1,5,613
62,0,0,613861,0,absolute,node,17845,-1,2,615
63,0,0,623762,0,absolute,node,21693,-1,-2,613
64,0,0,633663,0,absolute,node,9236,-1,-1,612
65,0,0,643564,0,absolute,node,26004,-1,-4,608
66,0,0,653465,0,absolute,node,1577,-1,-5,603
67,0,0,663366,0,absolute,node,9851,-1,4,607
68,0,0,673267,0,absolute,node,3337,-1,-1,606
69,0,0,683168,0,absolute,node,17344,-1,5,611
70,0,0,693069,0,absolute,node,9675,-1,-1,610
71,0,0,702970,0,absolute,node,2849,-1,4,614
72,0,0,712871,0,absolute,node,20991,-1,-3,611
73,0,0,722772,0,absolute,node,14357,-1,-2,609
74,0,0,732673,0,absolute,node,15788,-1,3,612
75,0,0,742574,0,absolute,node,19577,-1,4,616
76,0,0,752475,0,absolute,node,6437,-1,-5,611
77,0,0,762376,0,absolute,node,6437,-1,5,616
78,0,0,772277,0,absolute,node,3124,-1,-2,614
79,0,0,782178,0,absolute,node,6437,-1,3,617
80,0,0,792079,0,absolute,node,19487,-1,1,618
81,0,0,801980,0,absolute,node,10503,-1,4,622
82,0,0,811881,0,absolute,node,19487,-1,-2,620
83,0,0,821782,0,absolute,node,4563,-1,2,622
84,0,0,831683,0,absolute,node,25751,-1,-1,621
85,0,0,841584,0,absolute,node,11093,-1,-4,617
86,0,0,851485,0,absolute,node,9236,-1,-4,613
87,0,0,861386,0,absolute,node,24295,-1,-1,612
88,0,0,871287,0,absolute,node,3337,-1,2,614
89,0,0,881188,0,absolute,node,2548,-1,4,618
90,0,0,891089,0,absolute,node,7081,-1,2,620
91,0,0,900990,0,absolute,node,20991,-1,4,624
92,0,0,910891,0,absolute,node,10433,-1,2,626
93,0,0,920792,0,absolute,node,23682,-1,5,631
94,0,0,930693,0,absolute,node,17193,-1,3,634
95,0,0,940594,0,absolute,node,7969,-1,-3,631
96,0,0,950495,0,absolute,node,24295,-1,2,633
97,0,0,960396,0,absolute,node,24942,-1,1,634
98,0,0,970297,0,absolute,node,10503,-1,-4,630
99,0,0,980198,0,absolute,node,10984,-1,5,635
100,0,0,990099,0,absolute,node,5058,-1,-1,634
