changeID,absoluteTime,evaluation,bitVector,distanceEvaluation,typeOfChange,affected,affectedID1,affectedID2,change,totalAfterChange
1,0,0,13157,0,absolute,node,163969,-1,4,826
2,0,0,26315,0,absolute,node,30214,-1,-3,823
3,0,0,39473,0,absolute,node,201245,-1,4,827
4,0,0,52631,0,absolute,node,28610,-1,-5,822
5,0,0,65789,0,absolute,node,122305,-1,4,826
6,0,0,78947,0,absolute,node,36501,-1,4,830
7,0,0,92105,0,absolute,node,6061,-1,2,832
8,0,0,105263,0,absolute,node,1643,-1,3,835
9,0,0,118421,0,absolute,node,62843,-1,2,837
10,0,0,131578,0,absolute,node,16232,-1,1,838
11,0,0,144736,0,absolute,node,56441,-1,5,843
12,0,0,157894,0,absolute,node,83229,-1,1,844
13,0,0,171052,0,absolute,node,16526,-1,5,849
14,0,0,184210,0,absolute,node,103711,-1,-5,844
15,0,0,197368,0,absolute,node,4138,-1,1,845
16,0,0,210526,0,absolute,node,133636,-1,4,849
17,0,0,223684,0,absolute,node,83229,-1,-1,848
18,0,0,236842,0,absolute,node,205001,-1,-3,845
19,0,0,250000,0,absolute,node,193580,-1,4,849
20,0,0,263157,0,absolute,node,200665,-1,-3,846
21,0,0,276315,0,absolute,node,176333,-1,-2,844
22,0,0,289473,0,absolute,node,34458,-1,-1,843
23,0,0,302631,0,absolute,node,40133,-1,-1,842
24,0,0,315789,0,absolute,node,110559,-1,-1,841
25,0,0,328947,0,absolute,node,6061,-1,5,846
26,0,0,342105,0,absolute,node,107174,-1,1,847
27,0,0,355263,0,absolute,node,199785,-1,-4,843
28,0,0,368421,0,absolute,node,30214,-1,3,846
29,0,0,381578,0,absolute,node,153207,-1,2,848
30,0,0,394736,0,absolute,node,116046,-1,4,852
31,0,0,407894,0,absolute,node,100848,-1,-5,847
32,0,0,421052,0,absolute,node,201154,-1,3,850
33,0,0,434210,0,absolute,node,149425,-1,1,851
34,0,0,447368,0,absolute,node,138221,-1,4,855
35,0,0,460526,0,absolute,node,164749,-1,3,858
36,0,0,473684,0,absolute,node,183733,-1,5,863
37,0,0,486842,0,absolute,node,6228,-1,4,867
38,0,0,5e+05,0,absolute,node,83229,-1,-5,862
39,0,0,513157,0,absolute,node,200523,-1,-5,857
40,0,0,526315,0,absolute,node,28389,-1,-3,854
41,0,0,539473,0,absolute,node,109235,-1,-4,850
42,0,0,552631,0,absolute,node,210886,-1,-5,845
43,0,0,565789,0,absolute,node,88829,-1,5,850
44,0,0,578947,0,absolute,node,153207,-1,3,853
45,0,0,592105,0,absolute,node,110559,-1,-2,851
46,0,0,605263,0,absolute,node,150328,-1,-5,846
47,0,0,618421,0,absolute,node,21523,-1,5,851
48,0,0,631578,0,absolute,node,143659,-1,-5,846
49,0,0,644736,0,absolute,node,63841,-1,5,851
50,0,0,657894,0,absolute,node,169795,-1,5,856
51,0,0,671052,0,absolute,node,86880,-1,-3,853
52,0,0,684210,0,absolute,node,108915,-1,3,856
53,0,0,697368,0,absolute,node,40133,-1,-5,851
54,0,0,710526,0,absolute,node,127907,-1,5,856
55,0,0,723684,0,absolute,node,134353,-1,-4,852
56,0,0,736842,0,absolute,node,30214,-1,-3,849
57,0,0,750000,0,absolute,node,201154,-1,-5,844
58,0,0,763157,0,absolute,node,81069,-1,2,846
59,0,0,776315,0,absolute,node,123776,-1,-5,841
60,0,0,789473,0,absolute,node,138221,-1,3,844
61,0,0,802631,0,absolute,node,138221,-1,-4,840
62,0,0,815789,0,absolute,node,6228,-1,-1,839
63,0,0,828947,0,absolute,node,34955,-1,3,842
64,0,0,842105,0,absolute,node,116046,-1,-3,839
65,0,0,855263,0,absolute,node,47691,-1,2,841
66,0,0,868421,0,absolute,node,73730,-1,-2,839
67,0,0,881578,0,absolute,node,153207,-1,-5,834
68,0,0,894736,0,absolute,node,101002,-1,5,839
69,0,0,907894,0,absolute,node,103711,-1,-2,837
70,0,0,921052,0,absolute,node,193580,-1,2,839
71,0,0,934210,0,absolute,node,164749,-1,-1,838
72,0,0,947368,0,absolute,node,15705,-1,-2,836
73,0,0,960526,0,absolute,node,193580,-1,2,838
74,0,0,973684,0,absolute,node,143659,-1,1,839
75,0,0,986842,0,absolute,node,165769,-1,3,842
