changeID,absoluteTime,evaluation,bitVector,distanceEvaluation,typeOfChange,affected,affectedID1,affectedID2,change,totalAfterChange
1,0,0,13157,0,absolute,node,9909,-1,5,772
2,0,0,26315,0,absolute,node,124331,-1,-5,767
3,0,0,39473,0,absolute,node,73481,-1,-5,762
4,0,0,52631,0,absolute,node,130796,-1,2,764
5,0,0,65789,0,absolute,node,73481,-1,1,765
6,0,0,78947,0,absolute,node,203519,-1,1,766
7,0,0,92105,0,absolute,node,210013,-1,1,767
8,0,0,105263,0,absolute,node,90898,-1,1,768
9,0,0,118421,0,absolute,node,45033,-1,-1,767
10,0,0,131578,0,absolute,node,194773,-1,-2,765
11,0,0,144736,0,absolute,node,95564,-1,3,768
12,0,0,157894,0,absolute,node,204841,-1,-1,767
13,0,0,171052,0,absolute,node,145524,-1,-5,762
14,0,0,184210,0,absolute,node,9909,-1,-1,761
15,0,0,197368,0,absolute,node,121495,-1,2,763
16,0,0,210526,0,absolute,node,204841,-1,4,767
17,0,0,223684,0,absolute,node,97701,-1,-2,765
18,0,0,236842,0,absolute,node,73481,-1,4,769
19,0,0,250000,0,absolute,node,183175,-1,3,772
20,0,0,263157,0,absolute,node,76456,-1,4,776
21,0,0,276315,0,absolute,node,31871,-1,4,780
22,0,0,289473,0,absolute,node,49203,-1,3,783
23,0,0,302631,0,absolute,node,80773,-1,-4,779
24,0,0,315789,0,absolute,node,102833,-1,4,783
25,0,0,328947,0,absolute,node,102833,-1,2,785
26,0,0,342105,0,absolute,node,199276,-1,-3,782
27,0,0,355263,0,absolute,node,205615,-1,4,786
28,0,0,368421,0,absolute,node,76456,-1,5,791
29,0,0,381578,0,absolute,node,70402,-1,-1,790
30,0,0,394736,0,absolute,node,150705,-1,2,792
31,0,0,407894,0,absolute,node,9909,-1,-1,791
32,0,0,421052,0,absolute,node,58708,-1,3,794
33,0,0,434210,0,absolute,node,141313,-1,4,798
34,0,0,447368,0,absolute,node,155643,-1,3,801
35,0,0,460526,0,absolute,node,90898,-1,2,803
36,0,0,473684,0,absolute,node,114510,-1,-3,800
37,0,0,486842,0,absolute,node,14364,-1,3,803
38,0,0,5e+05,0,absolute,node,8733,-1,5,808
39,0,0,513157,0,absolute,node,59187,-1,1,809
40,0,0,526315,0,absolute,node,77442,-1,-2,807
41,0,0,539473,0,absolute,node,112022,-1,-2,805
42,0,0,552631,0,absolute,node,45033,-1,2,807
43,0,0,565789,0,absolute,node,125115,-1,-3,804
44,0,0,578947,0,absolute,node,11368,-1,1,805
45,0,0,592105,0,absolute,node,210013,-1,2,807
46,0,0,605263,0,absolute,node,19781,-1,-3,804
47,0,0,618421,0,absolute,node,84908,-1,-1,803
48,0,0,631578,0,absolute,node,123833,-1,-3,800
49,0,0,644736,0,absolute,node,150705,-1,5,805
50,0,0,657894,0,absolute,node,199276,-1,1,806
51,0,0,671052,0,absolute,node,14364,-1,5,811
52,0,0,684210,0,absolute,node,102854,-1,-2,809
53,0,0,697368,0,absolute,node,14364,-1,5,814
54,0,0,710526,0,absolute,node,76943,-1,-5,809
55,0,0,723684,0,absolute,node,20280,-1,4,813
56,0,0,736842,0,absolute,node,145524,-1,3,816
57,0,0,750000,0,absolute,node,162751,-1,-5,811
58,0,0,763157,0,absolute,node,27919,-1,2,813
59,0,0,776315,0,absolute,node,143163,-1,5,818
60,0,0,789473,0,absolute,node,20280,-1,4,822
61,0,0,802631,0,absolute,node,171809,-1,2,824
62,0,0,815789,0,absolute,node,209437,-1,5,829
63,0,0,828947,0,absolute,node,24858,-1,1,830
64,0,0,842105,0,absolute,node,210013,-1,3,833
65,0,0,855263,0,absolute,node,162751,-1,4,837
66,0,0,868421,0,absolute,node,11368,-1,-5,832
67,0,0,881578,0,absolute,node,27919,-1,5,837
68,0,0,894736,0,absolute,node,83744,-1,4,841
69,0,0,907894,0,absolute,node,16024,-1,-1,840
70,0,0,921052,0,absolute,node,2830,-1,1,841
71,0,0,934210,0,absolute,node,153123,-1,4,845
72,0,0,947368,0,absolute,node,145524,-1,3,848
73,0,0,960526,0,absolute,node,95564,-1,-1,847
74,0,0,973684,0,absolute,node,69721,-1,-4,843
75,0,0,986842,0,absolute,node,209437,-1,-3,840
