changeID,absoluteTime,evaluation,bitVector,distanceEvaluation,typeOfChange,affected,affectedID1,affectedID2,change,totalAfterChange
1,0,0,0,6622,absolute,node,6243,-1,5,871
2,0,0,0,13245,absolute,node,735,-1,5,876
3,0,0,0,19867,absolute,node,10116,-1,-2,874
4,0,0,0,26490,absolute,node,16648,-1,-3,871
5,0,0,0,33112,absolute,node,5934,-1,3,874
6,0,0,0,39735,absolute,node,10615,-1,1,875
7,0,0,0,46357,absolute,node,14962,-1,5,880
8,0,0,0,52980,absolute,node,14962,-1,-1,879
9,0,0,0,59602,absolute,node,7125,-1,-4,875
10,0,0,0,66225,absolute,node,11145,-1,2,877
11,0,0,0,72847,absolute,node,21731,-1,2,879
12,0,0,0,79470,absolute,node,9400,-1,-1,878
13,0,0,0,86092,absolute,node,8824,-1,1,879
14,0,0,0,92715,absolute,node,5466,-1,-2,877
15,0,0,0,99337,absolute,node,4800,-1,3,880
16,0,0,0,105960,absolute,node,2883,-1,-4,876
17,0,0,0,112582,absolute,node,11503,-1,-2,874
18,0,0,0,119205,absolute,node,13749,-1,-1,873
19,0,0,0,125827,absolute,node,5466,-1,1,874
20,0,0,0,132450,absolute,node,12739,-1,5,879
21,0,0,0,139072,absolute,node,8377,-1,-1,878
22,0,0,0,145695,absolute,node,11145,-1,-2,876
23,0,0,0,152317,absolute,node,3599,-1,-2,874
24,0,0,0,158940,absolute,node,8824,-1,-4,870
25,0,0,0,165562,absolute,node,24762,-1,3,873
26,0,0,0,172185,absolute,node,1580,-1,-1,872
27,0,0,0,178807,absolute,node,15749,-1,3,875
28,0,0,0,185430,absolute,node,24066,-1,1,876
29,0,0,0,192052,absolute,node,15213,-1,2,878
30,0,0,0,198675,absolute,node,15213,-1,3,881
31,0,0,0,205298,absolute,node,157,-1,2,883
32,0,0,0,211920,absolute,node,4969,-1,4,887
33,0,0,0,218543,absolute,node,100,-1,-2,885
34,0,0,0,225165,absolute,node,11278,-1,5,890
35,0,0,0,231788,absolute,node,21705,-1,5,895
36,0,0,0,238410,absolute,node,4989,-1,1,896
37,0,0,0,245033,absolute,node,16648,-1,3,899
38,0,0,0,251655,absolute,node,9400,-1,-2,897
39,0,0,0,258278,absolute,node,6517,-1,-2,895
40,0,0,0,264900,absolute,node,23274,-1,5,900
41,0,0,0,271523,absolute,node,12372,-1,5,905
42,0,0,0,278145,absolute,node,23093,-1,-5,900
43,0,0,0,284768,absolute,node,9673,-1,3,903
44,0,0,0,291390,absolute,node,12528,-1,-5,898
45,0,0,0,298013,absolute,node,14962,-1,5,903
46,0,0,0,304635,absolute,node,15210,-1,5,908
47,0,0,0,311258,absolute,node,4430,-1,2,910
48,0,0,0,317880,absolute,node,21186,-1,-4,906
49,0,0,0,324503,absolute,node,724,-1,2,908
50,0,0,0,331125,absolute,node,1829,-1,3,911
51,0,0,0,337748,absolute,node,6517,-1,5,916
52,0,0,0,344370,absolute,node,24485,-1,-5,911
53,0,0,0,350993,absolute,node,24789,-1,3,914
54,0,0,0,357615,absolute,node,14353,-1,-2,912
55,0,0,0,364238,absolute,node,20907,-1,-3,909
56,0,0,0,370860,absolute,node,10615,-1,-4,905
57,0,0,0,377483,absolute,node,11695,-1,-2,903
58,0,0,0,384105,absolute,node,2506,-1,4,907
59,0,0,0,390728,absolute,node,14556,-1,-3,904
60,0,0,0,397350,absolute,node,4430,-1,3,907
61,0,0,0,403973,absolute,node,10442,-1,-1,906
62,0,0,0,410596,absolute,node,24762,-1,-2,904
63,0,0,0,417218,absolute,node,5033,-1,3,907
64,0,0,0,423841,absolute,node,100,-1,4,911
65,0,0,0,430463,absolute,node,12991,-1,-5,906
66,0,0,0,437086,absolute,node,6243,-1,-3,903
67,0,0,0,443708,absolute,node,25393,-1,1,904
68,0,0,0,450331,absolute,node,13749,-1,2,906
69,0,0,0,456953,absolute,node,13829,-1,3,909
70,0,0,0,463576,absolute,node,5478,-1,2,911
71,0,0,0,470198,absolute,node,15974,-1,-2,909
72,0,0,0,476821,absolute,node,7462,-1,-2,907
73,0,0,0,483443,absolute,node,1394,-1,2,909
74,0,0,0,490066,absolute,node,11145,-1,2,911
75,0,0,0,496688,absolute,node,18143,-1,3,914
76,0,0,0,503311,absolute,node,5933,-1,-4,910
77,0,0,0,509933,absolute,node,9766,-1,5,915
78,0,0,0,516556,absolute,node,18847,-1,1,916
79,0,0,0,523178,absolute,node,4430,-1,-3,913
80,0,0,0,529801,absolute,node,13749,-1,-2,911
81,0,0,0,536423,absolute,node,4800,-1,3,914
82,0,0,0,543046,absolute,node,2537,-1,3,917
83,0,0,0,549668,absolute,node,4989,-1,-4,913
84,0,0,0,556291,absolute,node,25342,-1,-4,909
85,0,0,0,562913,absolute,node,10615,-1,-3,906
86,0,0,0,569536,absolute,node,6581,-1,2,908
87,0,0,0,576158,absolute,node,17070,-1,1,909
88,0,0,0,582781,absolute,node,12517,-1,3,912
89,0,0,0,589403,absolute,node,24150,-1,5,917
90,0,0,0,596026,absolute,node,14556,-1,-1,916
91,0,0,0,602649,absolute,node,11694,-1,-2,914
92,0,0,0,609271,absolute,node,867,-1,-5,909
93,0,0,0,615894,absolute,node,23093,-1,-1,908
94,0,0,0,622516,absolute,node,19264,-1,-1,907
95,0,0,0,629139,absolute,node,542,-1,5,912
96,0,0,0,635761,absolute,node,3425,-1,-5,907
97,0,0,0,642384,absolute,node,23606,-1,5,912
98,0,0,0,649006,absolute,node,9400,-1,5,917
99,0,0,0,655629,absolute,node,6517,-1,-2,915
100,0,0,0,662251,absolute,node,15353,-1,1,916
101,0,0,0,668874,absolute,node,2883,-1,5,921
102,0,0,0,675496,absolute,node,9673,-1,3,924
103,0,0,0,682119,absolute,node,21186,-1,3,927
104,0,0,0,688741,absolute,node,15974,-1,-2,925
105,0,0,0,695364,absolute,node,22906,-1,-4,921
106,0,0,0,701986,absolute,node,10442,-1,4,925
107,0,0,0,708609,absolute,node,1254,-1,5,930
108,0,0,0,715231,absolute,node,2842,-1,-5,925
109,0,0,0,721854,absolute,node,12517,-1,2,927
110,0,0,0,728476,absolute,node,1254,-1,-2,925
111,0,0,0,735099,absolute,node,9673,-1,5,930
112,0,0,0,741721,absolute,node,21784,-1,-1,929
113,0,0,0,748344,absolute,node,9766,-1,4,933
114,0,0,0,754966,absolute,node,13829,-1,2,935
115,0,0,0,761589,absolute,node,16696,-1,-2,933
116,0,0,0,768211,absolute,node,22906,-1,4,937
117,0,0,0,774834,absolute,node,24762,-1,-1,936
118,0,0,0,781456,absolute,node,15968,-1,2,938
119,0,0,0,788079,absolute,node,12310,-1,-2,936
120,0,0,0,794701,absolute,node,25677,-1,2,938
121,0,0,0,801324,absolute,node,17658,-1,-3,935
122,0,0,0,807947,absolute,node,23274,-1,-5,930
123,0,0,0,814569,absolute,node,2905,-1,3,933
124,0,0,0,821192,absolute,node,23274,-1,3,936
125,0,0,0,827814,absolute,node,12008,-1,-1,935
126,0,0,0,834437,absolute,node,9400,-1,-3,932
127,0,0,0,841059,absolute,node,4430,-1,-5,927
128,0,0,0,847682,absolute,node,15506,-1,-3,924
129,0,0,0,854304,absolute,node,24066,-1,-4,920
130,0,0,0,860927,absolute,node,25677,-1,-3,917
131,0,0,0,867549,absolute,node,8870,-1,2,919
132,0,0,0,874172,absolute,node,2718,-1,2,921
133,0,0,0,880794,absolute,node,23322,-1,4,925
134,0,0,0,887417,absolute,node,4969,-1,2,927
135,0,0,0,894039,absolute,node,4989,-1,2,929
136,0,0,0,900662,absolute,node,1580,-1,-2,927
137,0,0,0,907284,absolute,node,13950,-1,2,929
138,0,0,0,913907,absolute,node,14920,-1,4,933
139,0,0,0,920529,absolute,node,2905,-1,-5,928
140,0,0,0,927152,absolute,node,22906,-1,-5,923
141,0,0,0,933774,absolute,node,11145,-1,-1,922
142,0,0,0,940397,absolute,node,25159,-1,2,924
143,0,0,0,947019,absolute,node,12991,-1,2,926
144,0,0,0,953642,absolute,node,2883,-1,-4,922
145,0,0,0,960264,absolute,node,25393,-1,4,926
146,0,0,0,966887,absolute,node,15532,-1,2,928
147,0,0,0,973509,absolute,node,20015,-1,2,930
148,0,0,0,980132,absolute,node,1580,-1,-1,929
149,0,0,0,986754,absolute,node,11145,-1,-3,926
150,0,0,0,993377,absolute,node,11694,-1,3,929
