changeID,absoluteTime,evaluation,bitVector,distanceEvaluation,typeOfChange,affected,affectedID1,affectedID2,change,totalAfterChange
1,0,0,0,9900,absolute,node,126511,-1,-4,556
2,0,0,0,19801,absolute,node,184930,-1,-2,554
3,0,0,0,29702,absolute,node,181955,-1,4,558
4,0,0,0,39603,absolute,node,167837,-1,5,563
5,0,0,0,49504,absolute,node,183768,-1,4,567
6,0,0,0,59405,absolute,node,72544,-1,2,569
7,0,0,0,69306,absolute,node,93993,-1,-5,564
8,0,0,0,79207,absolute,node,177083,-1,-3,561
9,0,0,0,89108,absolute,node,178137,-1,5,566
10,0,0,0,99009,absolute,node,96368,-1,4,570
11,0,0,0,108910,absolute,node,183768,-1,-2,568
12,0,0,0,118811,absolute,node,158738,-1,-2,566
13,0,0,0,128712,absolute,node,210614,-1,5,571
14,0,0,0,138613,absolute,node,9463,-1,-1,570
15,0,0,0,148514,absolute,node,204448,-1,-1,569
16,0,0,0,158415,absolute,node,99645,-1,-2,567
17,0,0,0,168316,absolute,node,116583,-1,-2,565
18,0,0,0,178217,absolute,node,126511,-1,-5,560
19,0,0,0,188118,absolute,node,147235,-1,2,562
20,0,0,0,198019,absolute,node,165324,-1,-5,557
21,0,0,0,207920,absolute,node,166707,-1,1,558
22,0,0,0,217821,absolute,node,163578,-1,1,559
23,0,0,0,227722,absolute,node,107971,-1,4,563
24,0,0,0,237623,absolute,node,72544,-1,-4,559
25,0,0,0,247524,absolute,node,9643,-1,-2,557
26,0,0,0,257425,absolute,node,87244,-1,2,559
27,0,0,0,267326,absolute,node,181955,-1,3,562
28,0,0,0,277227,absolute,node,42122,-1,-2,560
29,0,0,0,287128,absolute,node,164558,-1,4,564
30,0,0,0,297029,absolute,node,113025,-1,5,569
31,0,0,0,306930,absolute,node,108311,-1,2,571
32,0,0,0,316831,absolute,node,164687,-1,-4,567
33,0,0,0,326732,absolute,node,52125,-1,2,569
34,0,0,0,336633,absolute,node,140976,-1,-2,567
35,0,0,0,346534,absolute,node,39570,-1,-5,562
36,0,0,0,356435,absolute,node,113025,-1,1,563
37,0,0,0,366336,absolute,node,97559,-1,-4,559
38,0,0,0,376237,absolute,node,194936,-1,-4,555
39,0,0,0,386138,absolute,node,52125,-1,-3,552
40,0,0,0,396039,absolute,node,42122,-1,4,556
41,0,0,0,405940,absolute,node,147235,-1,-5,551
42,0,0,0,415841,absolute,node,116583,-1,4,555
43,0,0,0,425742,absolute,node,42256,-1,3,558
44,0,0,0,435643,absolute,node,95859,-1,3,561
45,0,0,0,445544,absolute,node,95859,-1,5,566
46,0,0,0,455445,absolute,node,186052,-1,1,567
47,0,0,0,465346,absolute,node,177837,-1,-4,563
48,0,0,0,475247,absolute,node,172150,-1,5,568
49,0,0,0,485148,absolute,node,13731,-1,2,570
50,0,0,0,495049,absolute,node,72544,-1,2,572
51,0,0,0,504950,absolute,node,126511,-1,4,576
52,0,0,0,514851,absolute,node,157973,-1,4,580
53,0,0,0,524752,absolute,node,52879,-1,-3,577
54,0,0,0,534653,absolute,node,96444,-1,2,579
55,0,0,0,544554,absolute,node,130257,-1,1,580
56,0,0,0,554455,absolute,node,49861,-1,2,582
57,0,0,0,564356,absolute,node,110173,-1,5,587
58,0,0,0,574257,absolute,node,194936,-1,-2,585
59,0,0,0,584158,absolute,node,38595,-1,-4,581
60,0,0,0,594059,absolute,node,49861,-1,-2,579
61,0,0,0,603960,absolute,node,5413,-1,4,583
62,0,0,0,613861,absolute,node,164977,-1,-2,581
63,0,0,0,623762,absolute,node,78988,-1,3,584
64,0,0,0,633663,absolute,node,181955,-1,1,585
65,0,0,0,643564,absolute,node,59566,-1,4,589
66,0,0,0,653465,absolute,node,103328,-1,-2,587
67,0,0,0,663366,absolute,node,118299,-1,4,591
68,0,0,0,673267,absolute,node,133730,-1,5,596
69,0,0,0,683168,absolute,node,109393,-1,2,598
70,0,0,0,693069,absolute,node,206560,-1,4,602
71,0,0,0,702970,absolute,node,11042,-1,-2,600
72,0,0,0,712871,absolute,node,186052,-1,3,603
73,0,0,0,722772,absolute,node,58038,-1,4,607
74,0,0,0,732673,absolute,node,137474,-1,4,611
75,0,0,0,742574,absolute,node,38595,-1,5,616
76,0,0,0,752475,absolute,node,166707,-1,-3,613
77,0,0,0,762376,absolute,node,78988,-1,1,614
78,0,0,0,772277,absolute,node,58038,-1,5,619
79,0,0,0,782178,absolute,node,21604,-1,-1,618
80,0,0,0,792079,absolute,node,130257,-1,-3,615
81,0,0,0,801980,absolute,node,16250,-1,-2,613
82,0,0,0,811881,absolute,node,202115,-1,3,616
83,0,0,0,821782,absolute,node,158738,-1,-1,615
84,0,0,0,831683,absolute,node,96368,-1,-1,614
85,0,0,0,841584,absolute,node,49861,-1,-2,612
86,0,0,0,851485,absolute,node,184930,-1,-4,608
87,0,0,0,861386,absolute,node,167837,-1,-1,607
88,0,0,0,871287,absolute,node,178711,-1,4,611
89,0,0,0,881188,absolute,node,194936,-1,1,612
90,0,0,0,891089,absolute,node,23690,-1,2,614
91,0,0,0,900990,absolute,node,137474,-1,-2,612
92,0,0,0,910891,absolute,node,108311,-1,-1,611
93,0,0,0,920792,absolute,node,133730,-1,-1,610
94,0,0,0,930693,absolute,node,209373,-1,4,614
95,0,0,0,940594,absolute,node,76143,-1,-3,611
96,0,0,0,950495,absolute,node,84060,-1,-1,610
97,0,0,0,960396,absolute,node,31220,-1,1,611
98,0,0,0,970297,absolute,node,108858,-1,-4,607
99,0,0,0,980198,absolute,node,83952,-1,-2,605
100,0,0,0,990099,absolute,node,172150,-1,-4,601
