changeID,absoluteTime,evaluation,bitVector,distanceEvaluation,typeOfChange,affected,affectedID1,affectedID2,change,totalAfterChange
1,0,0,13157,0,absolute,node,13644,-1,-5,852
2,0,0,26315,0,absolute,node,6262,-1,-4,848
3,0,0,39473,0,absolute,node,15433,-1,-5,843
4,0,0,52631,0,absolute,node,16111,-1,1,844
5,0,0,65789,0,absolute,node,11818,-1,1,845
6,0,0,78947,0,absolute,node,12630,-1,4,849
7,0,0,92105,0,absolute,node,2944,-1,4,853
8,0,0,105263,0,absolute,node,14840,-1,-3,850
9,0,0,118421,0,absolute,node,21380,-1,5,855
10,0,0,131578,0,absolute,node,21227,-1,-3,852
11,0,0,144736,0,absolute,node,2778,-1,-1,851
12,0,0,157894,0,absolute,node,9177,-1,-1,850
13,0,0,171052,0,absolute,node,17413,-1,2,852
14,0,0,184210,0,absolute,node,19295,-1,2,854
15,0,0,197368,0,absolute,node,11033,-1,-1,853
16,0,0,210526,0,absolute,node,15940,-1,-1,852
17,0,0,223684,0,absolute,node,1141,-1,-5,847
18,0,0,236842,0,absolute,node,6905,-1,-3,844
19,0,0,250000,0,absolute,node,6880,-1,3,847
20,0,0,263157,0,absolute,node,12630,-1,-3,844
21,0,0,276315,0,absolute,node,18848,-1,-3,841
22,0,0,289473,0,absolute,node,17548,-1,5,846
23,0,0,302631,0,absolute,node,15433,-1,2,848
24,0,0,315789,0,absolute,node,23530,-1,4,852
25,0,0,328947,0,absolute,node,7686,-1,-3,849
26,0,0,342105,0,absolute,node,25586,-1,3,852
27,0,0,355263,0,absolute,node,6768,-1,1,853
28,0,0,368421,0,absolute,node,18393,-1,1,854
29,0,0,381578,0,absolute,node,15940,-1,3,857
30,0,0,394736,0,absolute,node,23958,-1,1,858
31,0,0,407894,0,absolute,node,654,-1,3,861
32,0,0,421052,0,absolute,node,25133,-1,-1,860
33,0,0,434210,0,absolute,node,14283,-1,-2,858
34,0,0,447368,0,absolute,node,6262,-1,1,859
35,0,0,460526,0,absolute,node,7834,-1,2,861
36,0,0,473684,0,absolute,node,1553,-1,3,864
37,0,0,486842,0,absolute,node,3150,-1,-5,859
38,0,0,5e+05,0,absolute,node,17854,-1,2,861
39,0,0,513157,0,absolute,node,6846,-1,4,865
40,0,0,526315,0,absolute,node,26101,-1,-3,862
41,0,0,539473,0,absolute,node,2864,-1,-3,859
42,0,0,552631,0,absolute,node,15433,-1,-3,856
43,0,0,565789,0,absolute,node,21380,-1,4,860
44,0,0,578947,0,absolute,node,5760,-1,-4,856
45,0,0,592105,0,absolute,node,19783,-1,1,857
46,0,0,605263,0,absolute,node,703,-1,3,860
47,0,0,618421,0,absolute,node,8578,-1,-5,855
48,0,0,631578,0,absolute,node,6905,-1,1,856
49,0,0,644736,0,absolute,node,6846,-1,-3,853
50,0,0,657894,0,absolute,node,5145,-1,2,855
51,0,0,671052,0,absolute,node,15552,-1,4,859
52,0,0,684210,0,absolute,node,2754,-1,4,863
53,0,0,697368,0,absolute,node,7981,-1,-5,858
54,0,0,710526,0,absolute,node,21227,-1,3,861
55,0,0,723684,0,absolute,node,5675,-1,-3,858
56,0,0,736842,0,absolute,node,17797,-1,2,860
57,0,0,750000,0,absolute,node,17413,-1,-2,858
58,0,0,763157,0,absolute,node,14593,-1,-4,854
59,0,0,776315,0,absolute,node,19934,-1,5,859
60,0,0,789473,0,absolute,node,15327,-1,-4,855
61,0,0,802631,0,absolute,node,11818,-1,-5,850
62,0,0,815789,0,absolute,node,7981,-1,1,851
63,0,0,828947,0,absolute,node,2864,-1,-2,849
64,0,0,842105,0,absolute,node,19295,-1,5,854
65,0,0,855263,0,absolute,node,8117,-1,3,857
66,0,0,868421,0,absolute,node,2864,-1,-1,856
67,0,0,881578,0,absolute,node,14074,-1,3,859
68,0,0,894736,0,absolute,node,23739,-1,4,863
69,0,0,907894,0,absolute,node,19824,-1,5,868
70,0,0,921052,0,absolute,node,21081,-1,2,870
71,0,0,934210,0,absolute,node,6313,-1,1,871
72,0,0,947368,0,absolute,node,16159,-1,-1,870
73,0,0,960526,0,absolute,node,8996,-1,1,871
74,0,0,973684,0,absolute,node,12630,-1,2,873
75,0,0,986842,0,absolute,node,8996,-1,-1,872
