changeID,absoluteTime,evaluation,bitVector,distanceEvaluation,typeOfChange,affected,affectedID1,affectedID2,change,totalAfterChange
1,0,0,0,6622,absolute,node,73770,-1,4,791
2,0,0,0,13245,absolute,node,97214,-1,5,796
3,0,0,0,19867,absolute,node,97214,-1,-2,794
4,0,0,0,26490,absolute,node,2372,-1,4,798
5,0,0,0,33112,absolute,node,1837,-1,2,800
6,0,0,0,39735,absolute,node,34066,-1,2,802
7,0,0,0,46357,absolute,node,76127,-1,4,806
8,0,0,0,52980,absolute,node,115520,-1,3,809
9,0,0,0,59602,absolute,node,47478,-1,-5,804
10,0,0,0,66225,absolute,node,162660,-1,3,807
11,0,0,0,72847,absolute,node,205149,-1,3,810
12,0,0,0,79470,absolute,node,85314,-1,4,814
13,0,0,0,86092,absolute,node,41424,-1,-3,811
14,0,0,0,92715,absolute,node,183891,-1,5,816
15,0,0,0,99337,absolute,node,56740,-1,2,818
16,0,0,0,105960,absolute,node,122202,-1,-3,815
17,0,0,0,112582,absolute,node,210518,-1,2,817
18,0,0,0,119205,absolute,node,200714,-1,3,820
19,0,0,0,125827,absolute,node,26700,-1,2,822
20,0,0,0,132450,absolute,node,85314,-1,5,827
21,0,0,0,139072,absolute,node,92401,-1,4,831
22,0,0,0,145695,absolute,node,95318,-1,4,835
23,0,0,0,152317,absolute,node,131076,-1,-1,834
24,0,0,0,158940,absolute,node,110508,-1,2,836
25,0,0,0,165562,absolute,node,17777,-1,-1,835
26,0,0,0,172185,absolute,node,106911,-1,3,838
27,0,0,0,178807,absolute,node,32989,-1,5,843
28,0,0,0,185430,absolute,node,79798,-1,-4,839
29,0,0,0,192052,absolute,node,56631,-1,3,842
30,0,0,0,198675,absolute,node,91082,-1,4,846
31,0,0,0,205298,absolute,node,99769,-1,-5,841
32,0,0,0,211920,absolute,node,127026,-1,-2,839
33,0,0,0,218543,absolute,node,162660,-1,-4,835
34,0,0,0,225165,absolute,node,34066,-1,-4,831
35,0,0,0,231788,absolute,node,176204,-1,5,836
36,0,0,0,238410,absolute,node,150870,-1,5,841
37,0,0,0,245033,absolute,node,192012,-1,4,845
38,0,0,0,251655,absolute,node,168282,-1,5,850
39,0,0,0,258278,absolute,node,61498,-1,-1,849
40,0,0,0,264900,absolute,node,52640,-1,4,853
41,0,0,0,271523,absolute,node,114248,-1,-1,852
42,0,0,0,278145,absolute,node,183891,-1,4,856
43,0,0,0,284768,absolute,node,202955,-1,1,857
44,0,0,0,291390,absolute,node,136868,-1,4,861
45,0,0,0,298013,absolute,node,85221,-1,1,862
46,0,0,0,304635,absolute,node,50489,-1,-2,860
47,0,0,0,311258,absolute,node,29479,-1,-2,858
48,0,0,0,317880,absolute,node,125316,-1,-2,856
49,0,0,0,324503,absolute,node,103464,-1,-2,854
50,0,0,0,331125,absolute,node,74255,-1,-1,853
51,0,0,0,337748,absolute,node,210518,-1,-2,851
52,0,0,0,344370,absolute,node,64853,-1,1,852
53,0,0,0,350993,absolute,node,157155,-1,3,855
54,0,0,0,357615,absolute,node,200714,-1,2,857
55,0,0,0,364238,absolute,node,122202,-1,-2,855
56,0,0,0,370860,absolute,node,36827,-1,-1,854
57,0,0,0,377483,absolute,node,157155,-1,-4,850
58,0,0,0,384105,absolute,node,105132,-1,-2,848
59,0,0,0,390728,absolute,node,23117,-1,3,851
60,0,0,0,397350,absolute,node,138969,-1,-2,849
61,0,0,0,403973,absolute,node,61484,-1,-1,848
62,0,0,0,410596,absolute,node,1837,-1,5,853
63,0,0,0,417218,absolute,node,16234,-1,3,856
64,0,0,0,423841,absolute,node,122202,-1,3,859
65,0,0,0,430463,absolute,node,206839,-1,-1,858
66,0,0,0,437086,absolute,node,150870,-1,-3,855
67,0,0,0,443708,absolute,node,105132,-1,-4,851
68,0,0,0,450331,absolute,node,29479,-1,3,854
69,0,0,0,456953,absolute,node,56631,-1,2,856
70,0,0,0,463576,absolute,node,109816,-1,-4,852
71,0,0,0,470198,absolute,node,136369,-1,3,855
72,0,0,0,476821,absolute,node,176204,-1,-3,852
73,0,0,0,483443,absolute,node,37067,-1,3,855
74,0,0,0,490066,absolute,node,155155,-1,5,860
75,0,0,0,496688,absolute,node,10145,-1,5,865
76,0,0,0,503311,absolute,node,24713,-1,-2,863
77,0,0,0,509933,absolute,node,92401,-1,-2,861
78,0,0,0,516556,absolute,node,103464,-1,5,866
79,0,0,0,523178,absolute,node,61498,-1,2,868
80,0,0,0,529801,absolute,node,206092,-1,4,872
81,0,0,0,536423,absolute,node,118191,-1,5,877
82,0,0,0,543046,absolute,node,176204,-1,-2,875
83,0,0,0,549668,absolute,node,54055,-1,-2,873
84,0,0,0,556291,absolute,node,54055,-1,-4,869
85,0,0,0,562913,absolute,node,206839,-1,5,874
86,0,0,0,569536,absolute,node,12297,-1,-5,869
87,0,0,0,576158,absolute,node,118300,-1,3,872
88,0,0,0,582781,absolute,node,61498,-1,-3,869
89,0,0,0,589403,absolute,node,155155,-1,-3,866
90,0,0,0,596026,absolute,node,169186,-1,5,871
91,0,0,0,602649,absolute,node,79798,-1,-1,870
92,0,0,0,609271,absolute,node,4348,-1,5,875
93,0,0,0,615894,absolute,node,205149,-1,-2,873
94,0,0,0,622516,absolute,node,173436,-1,-1,872
95,0,0,0,629139,absolute,node,154789,-1,5,877
96,0,0,0,635761,absolute,node,35490,-1,-5,872
97,0,0,0,642384,absolute,node,203247,-1,-2,870
98,0,0,0,649006,absolute,node,24713,-1,3,873
99,0,0,0,655629,absolute,node,71992,-1,-2,871
100,0,0,0,662251,absolute,node,20622,-1,3,874
101,0,0,0,668874,absolute,node,199588,-1,5,879
102,0,0,0,675496,absolute,node,10605,-1,4,883
103,0,0,0,682119,absolute,node,66206,-1,4,887
104,0,0,0,688741,absolute,node,97214,-1,1,888
105,0,0,0,695364,absolute,node,60810,-1,-5,883
106,0,0,0,701986,absolute,node,136868,-1,1,884
107,0,0,0,708609,absolute,node,61484,-1,2,886
108,0,0,0,715231,absolute,node,62724,-1,3,889
109,0,0,0,721854,absolute,node,174963,-1,-2,887
110,0,0,0,728476,absolute,node,100875,-1,-4,883
111,0,0,0,735099,absolute,node,99131,-1,-2,881
112,0,0,0,741721,absolute,node,206839,-1,-1,880
113,0,0,0,748344,absolute,node,125316,-1,3,883
114,0,0,0,754966,absolute,node,109034,-1,-3,880
115,0,0,0,761589,absolute,node,118191,-1,-5,875
116,0,0,0,768211,absolute,node,203247,-1,1,876
117,0,0,0,774834,absolute,node,64853,-1,-4,872
118,0,0,0,781456,absolute,node,56740,-1,2,874
119,0,0,0,788079,absolute,node,16234,-1,5,879
120,0,0,0,794701,absolute,node,106911,-1,-4,875
121,0,0,0,801324,absolute,node,92401,-1,-3,872
122,0,0,0,807947,absolute,node,100875,-1,-4,868
123,0,0,0,814569,absolute,node,23117,-1,1,869
124,0,0,0,821192,absolute,node,41424,-1,1,870
125,0,0,0,827814,absolute,node,179598,-1,-1,869
126,0,0,0,834437,absolute,node,26899,-1,3,872
127,0,0,0,841059,absolute,node,209265,-1,4,876
128,0,0,0,847682,absolute,node,61498,-1,-2,874
129,0,0,0,854304,absolute,node,169186,-1,-5,869
130,0,0,0,860927,absolute,node,12297,-1,1,870
131,0,0,0,867549,absolute,node,34646,-1,2,872
132,0,0,0,874172,absolute,node,57017,-1,3,875
133,0,0,0,880794,absolute,node,4900,-1,2,877
134,0,0,0,887417,absolute,node,154312,-1,-1,876
135,0,0,0,894039,absolute,node,3508,-1,1,877
136,0,0,0,900662,absolute,node,203247,-1,-3,874
137,0,0,0,907284,absolute,node,41424,-1,4,878
138,0,0,0,913907,absolute,node,115520,-1,4,882
139,0,0,0,920529,absolute,node,109034,-1,-1,881
140,0,0,0,927152,absolute,node,9889,-1,1,882
141,0,0,0,933774,absolute,node,200995,-1,-4,878
142,0,0,0,940397,absolute,node,116987,-1,1,879
143,0,0,0,947019,absolute,node,118191,-1,-2,877
144,0,0,0,953642,absolute,node,118300,-1,-3,874
145,0,0,0,960264,absolute,node,79798,-1,-2,872
146,0,0,0,966887,absolute,node,97214,-1,1,873
147,0,0,0,973509,absolute,node,105132,-1,5,878
148,0,0,0,980132,absolute,node,95318,-1,-3,875
149,0,0,0,986754,absolute,node,29479,-1,-1,874
150,0,0,0,993377,absolute,node,52686,-1,3,877
