changeID,absoluteTime,evaluation,bitVector,distanceEvaluation,typeOfChange,affected,affectedID1,affectedID2,change,totalAfterChange
1,0,0,13157,0,absolute,node,21705,-1,3,869
2,0,0,26315,0,absolute,node,10462,-1,5,874
3,0,0,39473,0,absolute,node,8870,-1,2,876
4,0,0,52631,0,absolute,node,2537,-1,-2,874
5,0,0,65789,0,absolute,node,25826,-1,5,879
6,0,0,78947,0,absolute,node,1580,-1,3,882
7,0,0,92105,0,absolute,node,9766,-1,1,883
8,0,0,105263,0,absolute,node,6517,-1,2,885
9,0,0,118421,0,absolute,node,2506,-1,-5,880
10,0,0,131578,0,absolute,node,9178,-1,5,885
11,0,0,144736,0,absolute,node,542,-1,-2,883
12,0,0,157894,0,absolute,node,19264,-1,-3,880
13,0,0,171052,0,absolute,node,4989,-1,-3,877
14,0,0,184210,0,absolute,node,25159,-1,-3,874
15,0,0,197368,0,absolute,node,16696,-1,-3,871
16,0,0,210526,0,absolute,node,21994,-1,3,874
17,0,0,223684,0,absolute,node,12991,-1,-1,873
18,0,0,236842,0,absolute,node,15405,-1,-3,870
19,0,0,250000,0,absolute,node,8824,-1,1,871
20,0,0,263157,0,absolute,node,16575,-1,5,876
21,0,0,276315,0,absolute,node,22516,-1,2,878
22,0,0,289473,0,absolute,node,14920,-1,-3,875
23,0,0,302631,0,absolute,node,17658,-1,-5,870
24,0,0,315789,0,absolute,node,15532,-1,5,875
25,0,0,328947,0,absolute,node,19225,-1,3,878
26,0,0,342105,0,absolute,node,1580,-1,-5,873
27,0,0,355263,0,absolute,node,10116,-1,-3,870
28,0,0,368421,0,absolute,node,13749,-1,5,875
29,0,0,381578,0,absolute,node,867,-1,-4,871
30,0,0,394736,0,absolute,node,12517,-1,-4,867
31,0,0,407894,0,absolute,node,10442,-1,3,870
32,0,0,421052,0,absolute,node,4969,-1,-1,869
33,0,0,434210,0,absolute,node,12008,-1,-4,865
34,0,0,447368,0,absolute,node,22516,-1,-3,862
35,0,0,460526,0,absolute,node,19679,-1,1,863
36,0,0,473684,0,absolute,node,8377,-1,3,866
37,0,0,486842,0,absolute,node,542,-1,3,869
38,0,0,5e+05,0,absolute,node,6426,-1,-3,866
39,0,0,513157,0,absolute,node,4989,-1,3,869
40,0,0,526315,0,absolute,node,17137,-1,4,873
41,0,0,539473,0,absolute,node,14353,-1,1,874
42,0,0,552631,0,absolute,node,21994,-1,1,875
43,0,0,565789,0,absolute,node,1254,-1,2,877
44,0,0,578947,0,absolute,node,21705,-1,-1,876
45,0,0,592105,0,absolute,node,4742,-1,3,879
46,0,0,605263,0,absolute,node,15968,-1,-3,876
47,0,0,618421,0,absolute,node,5934,-1,2,878
48,0,0,631578,0,absolute,node,24150,-1,-5,873
49,0,0,644736,0,absolute,node,25826,-1,-4,869
50,0,0,657894,0,absolute,node,20978,-1,2,871
51,0,0,671052,0,absolute,node,16648,-1,-5,866
52,0,0,684210,0,absolute,node,16899,-1,-1,865
53,0,0,697368,0,absolute,node,13444,-1,-4,861
54,0,0,710526,0,absolute,node,25159,-1,5,866
55,0,0,723684,0,absolute,node,5037,-1,-2,864
56,0,0,736842,0,absolute,node,19225,-1,-5,859
57,0,0,750000,0,absolute,node,15405,-1,1,860
58,0,0,763157,0,absolute,node,13444,-1,-2,858
59,0,0,776315,0,absolute,node,4742,-1,3,861
60,0,0,789473,0,absolute,node,20015,-1,2,863
61,0,0,802631,0,absolute,node,4969,-1,5,868
62,0,0,815789,0,absolute,node,2883,-1,2,870
63,0,0,828947,0,absolute,node,8878,-1,3,873
64,0,0,842105,0,absolute,node,25159,-1,-4,869
65,0,0,855263,0,absolute,node,15405,-1,1,870
66,0,0,868421,0,absolute,node,8377,-1,1,871
67,0,0,881578,0,absolute,node,21731,-1,5,876
68,0,0,894736,0,absolute,node,2883,-1,4,880
69,0,0,907894,0,absolute,node,17137,-1,4,884
70,0,0,921052,0,absolute,node,9673,-1,5,889
71,0,0,934210,0,absolute,node,15213,-1,4,893
72,0,0,947368,0,absolute,node,10462,-1,-2,891
73,0,0,960526,0,absolute,node,15405,-1,-4,887
74,0,0,973684,0,absolute,node,25159,-1,2,889
75,0,0,986842,0,absolute,node,12739,-1,4,893
