changeID,absoluteTime,evaluation,bitVector,distanceEvaluation,typeOfChange,affected,affectedID1,affectedID2,change,totalAfterChange
1,0,0,0,9900,absolute,node,9966,-1,5,540
2,0,0,0,19801,absolute,node,24239,-1,-3,537
3,0,0,0,29702,absolute,node,7797,-1,3,540
4,0,0,0,39603,absolute,node,12783,-1,1,541
5,0,0,0,49504,absolute,node,5306,-1,4,545
6,0,0,0,59405,absolute,node,5306,-1,-2,543
7,0,0,0,69306,absolute,node,3593,-1,-1,542
8,0,0,0,79207,absolute,node,2339,-1,1,543
9,0,0,0,89108,absolute,node,6499,-1,1,544
10,0,0,0,99009,absolute,node,17201,-1,3,547
11,0,0,0,108910,absolute,node,24988,-1,2,549
12,0,0,0,118811,absolute,node,15550,-1,3,552
13,0,0,0,128712,absolute,node,20316,-1,-2,550
14,0,0,0,138613,absolute,node,13742,-1,-5,545
15,0,0,0,148514,absolute,node,6040,-1,-5,540
16,0,0,0,158415,absolute,node,22050,-1,-2,538
17,0,0,0,168316,absolute,node,15313,-1,-4,534
18,0,0,0,178217,absolute,node,1801,-1,-3,531
19,0,0,0,188118,absolute,node,21439,-1,-3,528
20,0,0,0,198019,absolute,node,5405,-1,-1,527
21,0,0,0,207920,absolute,node,4698,-1,1,528
22,0,0,0,217821,absolute,node,21825,-1,4,532
23,0,0,0,227722,absolute,node,1262,-1,-4,528
24,0,0,0,237623,absolute,node,15989,-1,5,533
25,0,0,0,247524,absolute,node,2339,-1,3,536
26,0,0,0,257425,absolute,node,3426,-1,4,540
27,0,0,0,267326,absolute,node,8606,-1,5,545
28,0,0,0,277227,absolute,node,1622,-1,1,546
29,0,0,0,287128,absolute,node,10295,-1,-2,544
30,0,0,0,297029,absolute,node,15550,-1,4,548
31,0,0,0,306930,absolute,node,18291,-1,3,551
32,0,0,0,316831,absolute,node,9202,-1,2,553
33,0,0,0,326732,absolute,node,19607,-1,-1,552
34,0,0,0,336633,absolute,node,17262,-1,1,553
35,0,0,0,346534,absolute,node,24064,-1,4,557
36,0,0,0,356435,absolute,node,153,-1,4,561
37,0,0,0,366336,absolute,node,21691,-1,4,565
38,0,0,0,376237,absolute,node,18333,-1,1,566
39,0,0,0,386138,absolute,node,5016,-1,3,569
40,0,0,0,396039,absolute,node,9202,-1,5,574
41,0,0,0,405940,absolute,node,2202,-1,-4,570
42,0,0,0,415841,absolute,node,3426,-1,4,574
43,0,0,0,425742,absolute,node,7481,-1,-2,572
44,0,0,0,435643,absolute,node,2202,-1,4,576
45,0,0,0,445544,absolute,node,7481,-1,1,577
46,0,0,0,455445,absolute,node,7797,-1,-4,573
47,0,0,0,465346,absolute,node,3593,-1,1,574
48,0,0,0,475247,absolute,node,12380,-1,-1,573
49,0,0,0,485148,absolute,node,11893,-1,-1,572
50,0,0,0,495049,absolute,node,9202,-1,-2,570
51,0,0,0,504950,absolute,node,26018,-1,-4,566
52,0,0,0,514851,absolute,node,14737,-1,4,570
53,0,0,0,524752,absolute,node,9262,-1,-1,569
54,0,0,0,534653,absolute,node,7953,-1,2,571
55,0,0,0,544554,absolute,node,5017,-1,5,576
56,0,0,0,554455,absolute,node,7134,-1,-2,574
57,0,0,0,564356,absolute,node,25651,-1,2,576
58,0,0,0,574257,absolute,node,6040,-1,3,579
59,0,0,0,584158,absolute,node,7481,-1,1,580
60,0,0,0,594059,absolute,node,19485,-1,-5,575
61,0,0,0,603960,absolute,node,8632,-1,1,576
62,0,0,0,613861,absolute,node,13903,-1,2,578
63,0,0,0,623762,absolute,node,23231,-1,-2,576
64,0,0,0,633663,absolute,node,5740,-1,-1,575
65,0,0,0,643564,absolute,node,1433,-1,-3,572
66,0,0,0,653465,absolute,node,18333,-1,5,577
67,0,0,0,663366,absolute,node,5016,-1,5,582
68,0,0,0,673267,absolute,node,3777,-1,-1,581
69,0,0,0,683168,absolute,node,9202,-1,1,582
70,0,0,0,693069,absolute,node,18449,-1,2,584
71,0,0,0,702970,absolute,node,2202,-1,-1,583
72,0,0,0,712871,absolute,node,11011,-1,2,585
73,0,0,0,722772,absolute,node,25293,-1,3,588
74,0,0,0,732673,absolute,node,1622,-1,1,589
75,0,0,0,742574,absolute,node,25089,-1,4,593
76,0,0,0,752475,absolute,node,18063,-1,1,594
77,0,0,0,762376,absolute,node,20316,-1,2,596
78,0,0,0,772277,absolute,node,7966,-1,5,601
79,0,0,0,782178,absolute,node,1433,-1,-5,596
80,0,0,0,792079,absolute,node,25651,-1,4,600
81,0,0,0,801980,absolute,node,12941,-1,3,603
82,0,0,0,811881,absolute,node,5016,-1,1,604
83,0,0,0,821782,absolute,node,5243,-1,5,609
84,0,0,0,831683,absolute,node,22050,-1,1,610
85,0,0,0,841584,absolute,node,15600,-1,-1,609
86,0,0,0,851485,absolute,node,18333,-1,-2,607
87,0,0,0,861386,absolute,node,8632,-1,4,611
88,0,0,0,871287,absolute,node,25044,-1,-1,610
89,0,0,0,881188,absolute,node,25293,-1,2,612
90,0,0,0,891089,absolute,node,7134,-1,3,615
91,0,0,0,900990,absolute,node,17888,-1,4,619
92,0,0,0,910891,absolute,node,25068,-1,2,621
93,0,0,0,920792,absolute,node,5168,-1,1,622
94,0,0,0,930693,absolute,node,1262,-1,-3,619
95,0,0,0,940594,absolute,node,3420,-1,-1,618
96,0,0,0,950495,absolute,node,20407,-1,5,623
97,0,0,0,960396,absolute,node,7713,-1,-1,622
98,0,0,0,970297,absolute,node,153,-1,-5,617
99,0,0,0,980198,absolute,node,7713,-1,-2,615
100,0,0,0,990099,absolute,node,21825,-1,4,619
