changeID,absoluteTime,evaluation,bitVector,distanceEvaluation,typeOfChange,affected,affectedID1,affectedID2,change,totalAfterChange
1,0,0,9900,0,absolute,node,75208,-1,5,565
2,0,0,19801,0,absolute,node,173499,-1,1,566
3,0,0,29702,0,absolute,node,90239,-1,-5,561
4,0,0,39603,0,absolute,node,37625,-1,4,565
5,0,0,49504,0,absolute,node,99645,-1,3,568
6,0,0,59405,0,absolute,node,75066,-1,1,569
7,0,0,69306,0,absolute,node,118299,-1,1,570
8,0,0,79207,0,absolute,node,52879,-1,-2,568
9,0,0,89108,0,absolute,node,153463,-1,1,569
10,0,0,99009,0,absolute,node,158738,-1,-1,568
11,0,0,108910,0,absolute,node,151133,-1,-3,565
12,0,0,118811,0,absolute,node,167837,-1,3,568
13,0,0,128712,0,absolute,node,37625,-1,-5,563
14,0,0,138613,0,absolute,node,118299,-1,1,564
15,0,0,148514,0,absolute,node,158738,-1,5,569
16,0,0,158415,0,absolute,node,75066,-1,2,571
17,0,0,168316,0,absolute,node,21601,-1,4,575
18,0,0,178217,0,absolute,node,9463,-1,-2,573
19,0,0,188118,0,absolute,node,178711,-1,1,574
20,0,0,198019,0,absolute,node,108858,-1,5,579
21,0,0,207920,0,absolute,node,11042,-1,-3,576
22,0,0,217821,0,absolute,node,9463,-1,5,581
23,0,0,227722,0,absolute,node,23690,-1,-5,576
24,0,0,237623,0,absolute,node,154121,-1,-5,571
25,0,0,247524,0,absolute,node,703,-1,3,574
26,0,0,257425,0,absolute,node,153463,-1,-3,571
27,0,0,267326,0,absolute,node,164977,-1,3,574
28,0,0,277227,0,absolute,node,158738,-1,3,577
29,0,0,287128,0,absolute,node,157973,-1,5,582
30,0,0,297029,0,absolute,node,177837,-1,-4,578
31,0,0,306930,0,absolute,node,177083,-1,-4,574
32,0,0,316831,0,absolute,node,158738,-1,2,576
33,0,0,326732,0,absolute,node,181955,-1,5,581
34,0,0,336633,0,absolute,node,150898,-1,3,584
35,0,0,346534,0,absolute,node,42256,-1,3,587
36,0,0,356435,0,absolute,node,192608,-1,1,588
37,0,0,366336,0,absolute,node,37625,-1,5,593
38,0,0,376237,0,absolute,node,96444,-1,2,595
39,0,0,386138,0,absolute,node,186052,-1,1,596
40,0,0,396039,0,absolute,node,23690,-1,-3,593
41,0,0,405940,0,absolute,node,116583,-1,-3,590
42,0,0,415841,0,absolute,node,192608,-1,2,592
43,0,0,425742,0,absolute,node,203320,-1,-3,589
44,0,0,435643,0,absolute,node,147235,-1,2,591
45,0,0,445544,0,absolute,node,78988,-1,-1,590
46,0,0,455445,0,absolute,node,157973,-1,-2,588
47,0,0,465346,0,absolute,node,147334,-1,-5,583
48,0,0,475247,0,absolute,node,58038,-1,1,584
49,0,0,485148,0,absolute,node,150898,-1,-4,580
50,0,0,495049,0,absolute,node,137474,-1,-2,578
51,0,0,504950,0,absolute,node,150898,-1,-2,576
52,0,0,514851,0,absolute,node,84060,-1,-4,572
53,0,0,524752,0,absolute,node,177837,-1,4,576
54,0,0,534653,0,absolute,node,1544,-1,1,577
55,0,0,544554,0,absolute,node,192608,-1,2,579
56,0,0,554455,0,absolute,node,52125,-1,4,583
57,0,0,564356,0,absolute,node,103328,-1,3,586
58,0,0,574257,0,absolute,node,72544,-1,-1,585
59,0,0,584158,0,absolute,node,76932,-1,5,590
60,0,0,594059,0,absolute,node,9463,-1,3,593
61,0,0,603960,0,absolute,node,113025,-1,2,595
62,0,0,613861,0,absolute,node,77291,-1,-1,594
63,0,0,623762,0,absolute,node,96686,-1,4,598
64,0,0,633663,0,absolute,node,133730,-1,3,601
65,0,0,643564,0,absolute,node,164687,-1,-4,597
66,0,0,653465,0,absolute,node,5413,-1,5,602
67,0,0,663366,0,absolute,node,83952,-1,-3,599
68,0,0,673267,0,absolute,node,95859,-1,3,602
69,0,0,683168,0,absolute,node,184930,-1,-3,599
70,0,0,693069,0,absolute,node,163578,-1,1,600
71,0,0,702970,0,absolute,node,97559,-1,-4,596
72,0,0,712871,0,absolute,node,5413,-1,-1,595
73,0,0,722772,0,absolute,node,109393,-1,1,596
74,0,0,732673,0,absolute,node,210614,-1,-2,594
75,0,0,742574,0,absolute,node,181955,-1,-5,589
76,0,0,752475,0,absolute,node,13731,-1,2,591
77,0,0,762376,0,absolute,node,147334,-1,1,592
78,0,0,772277,0,absolute,node,52125,-1,1,593
79,0,0,782178,0,absolute,node,109393,-1,-2,591
80,0,0,792079,0,absolute,node,54663,-1,-1,590
81,0,0,801980,0,absolute,node,167837,-1,-2,588
82,0,0,811881,0,absolute,node,23690,-1,4,592
83,0,0,821782,0,absolute,node,52879,-1,-3,589
84,0,0,831683,0,absolute,node,209373,-1,1,590
85,0,0,841584,0,absolute,node,75066,-1,5,595
86,0,0,851485,0,absolute,node,204448,-1,-4,591
87,0,0,861386,0,absolute,node,172150,-1,-4,587
88,0,0,871287,0,absolute,node,48982,-1,2,589
89,0,0,881188,0,absolute,node,109393,-1,4,593
90,0,0,891089,0,absolute,node,96444,-1,2,595
91,0,0,900990,0,absolute,node,95859,-1,3,598
92,0,0,910891,0,absolute,node,140976,-1,2,600
93,0,0,920792,0,absolute,node,202115,-1,-2,598
94,0,0,930693,0,absolute,node,39570,-1,-4,594
95,0,0,940594,0,absolute,node,96368,-1,-3,591
96,0,0,950495,0,absolute,node,12329,-1,4,595
97,0,0,960396,0,absolute,node,172150,-1,-2,593
98,0,0,970297,0,absolute,node,99645,-1,4,597
99,0,0,980198,0,absolute,node,87244,-1,-4,593
100,0,0,990099,0,absolute,node,157973,-1,3,596
