changeID,absoluteTime,evaluation,bitVector,distanceEvaluation,typeOfChange,affected,affectedID1,affectedID2,change,totalAfterChange
1,0,0,0,13157,absolute,node,17058,-1,-1,856
2,0,0,0,26315,absolute,node,22536,-1,-2,854
3,0,0,0,39473,absolute,node,19295,-1,-2,852
4,0,0,0,52631,absolute,node,11033,-1,2,854
5,0,0,0,65789,absolute,node,14283,-1,-1,853
6,0,0,0,78947,absolute,node,22049,-1,1,854
7,0,0,0,92105,absolute,node,5283,-1,-2,852
8,0,0,0,105263,absolute,node,2050,-1,-1,851
9,0,0,0,118421,absolute,node,24259,-1,-1,850
10,0,0,0,131578,absolute,node,10434,-1,-1,849
11,0,0,0,144736,absolute,node,6953,-1,3,852
12,0,0,0,157894,absolute,node,11806,-1,-5,847
13,0,0,0,171052,absolute,node,8117,-1,1,848
14,0,0,0,184210,absolute,node,6917,-1,-5,843
15,0,0,0,197368,absolute,node,13727,-1,-4,839
16,0,0,0,210526,absolute,node,24004,-1,4,843
17,0,0,0,223684,absolute,node,23906,-1,5,848
18,0,0,0,236842,absolute,node,8657,-1,3,851
19,0,0,0,250000,absolute,node,6917,-1,-2,849
20,0,0,0,263157,absolute,node,14840,-1,3,852
21,0,0,0,276315,absolute,node,16111,-1,5,857
22,0,0,0,289473,absolute,node,17463,-1,-5,852
23,0,0,0,302631,absolute,node,15305,-1,4,856
24,0,0,0,315789,absolute,node,14626,-1,2,858
25,0,0,0,328947,absolute,node,10434,-1,-2,856
26,0,0,0,342105,absolute,node,6905,-1,3,859
27,0,0,0,355263,absolute,node,25894,-1,-2,857
28,0,0,0,368421,absolute,node,6768,-1,1,858
29,0,0,0,381578,absolute,node,5145,-1,3,861
30,0,0,0,394736,absolute,node,2864,-1,4,865
31,0,0,0,407894,absolute,node,6776,-1,-1,864
32,0,0,0,421052,absolute,node,6905,-1,-2,862
33,0,0,0,434210,absolute,node,3150,-1,-2,860
34,0,0,0,447368,absolute,node,13902,-1,1,861
35,0,0,0,460526,absolute,node,10617,-1,5,866
36,0,0,0,473684,absolute,node,26062,-1,-1,865
37,0,0,0,486842,absolute,node,14899,-1,-1,864
38,0,0,0,5e+05,absolute,node,23727,-1,-1,863
39,0,0,0,513157,absolute,node,21030,-1,2,865
40,0,0,0,526315,absolute,node,15327,-1,5,870
41,0,0,0,539473,absolute,node,26062,-1,-1,869
42,0,0,0,552631,absolute,node,6768,-1,2,871
43,0,0,0,565789,absolute,node,24004,-1,-5,866
44,0,0,0,578947,absolute,node,12630,-1,1,867
45,0,0,0,592105,absolute,node,11033,-1,5,872
46,0,0,0,605263,absolute,node,20239,-1,-2,870
47,0,0,0,618421,absolute,node,25133,-1,5,875
48,0,0,0,631578,absolute,node,20420,-1,-4,871
49,0,0,0,644736,absolute,node,3150,-1,3,874
50,0,0,0,657894,absolute,node,17797,-1,-1,873
51,0,0,0,671052,absolute,node,24310,-1,-3,870
52,0,0,0,684210,absolute,node,764,-1,-1,869
53,0,0,0,697368,absolute,node,13360,-1,5,874
54,0,0,0,710526,absolute,node,17413,-1,2,876
55,0,0,0,723684,absolute,node,6611,-1,-2,874
56,0,0,0,736842,absolute,node,11271,-1,-3,871
57,0,0,0,750000,absolute,node,23007,-1,2,873
58,0,0,0,763157,absolute,node,8117,-1,2,875
59,0,0,0,776315,absolute,node,21081,-1,-5,870
60,0,0,0,789473,absolute,node,13902,-1,4,874
61,0,0,0,802631,absolute,node,2778,-1,1,875
62,0,0,0,815789,absolute,node,6846,-1,1,876
63,0,0,0,828947,absolute,node,1553,-1,-1,875
64,0,0,0,842105,absolute,node,8690,-1,-2,873
65,0,0,0,855263,absolute,node,14626,-1,2,875
66,0,0,0,868421,absolute,node,15433,-1,-3,872
67,0,0,0,881578,absolute,node,23007,-1,-5,867
68,0,0,0,894736,absolute,node,169,-1,-3,864
69,0,0,0,907894,absolute,node,5283,-1,5,869
70,0,0,0,921052,absolute,node,11806,-1,1,870
71,0,0,0,934210,absolute,node,10996,-1,4,874
72,0,0,0,947368,absolute,node,8996,-1,-1,873
73,0,0,0,960526,absolute,node,9177,-1,-3,870
74,0,0,0,973684,absolute,node,23958,-1,-4,866
75,0,0,0,986842,absolute,node,18885,-1,2,868
