changeID,absoluteTime,evaluation,bitVector,distanceEvaluation,typeOfChange,affected,affectedID1,affectedID2,change,totalAfterChange
1,0,0,0,6622,absolute,node,96329,-1,5,772
2,0,0,0,13245,absolute,node,153123,-1,-4,768
3,0,0,0,19867,absolute,node,6549,-1,-1,767
4,0,0,0,26490,absolute,node,155643,-1,1,768
5,0,0,0,33112,absolute,node,154096,-1,-4,764
6,0,0,0,39735,absolute,node,112435,-1,1,765
7,0,0,0,46357,absolute,node,65741,-1,2,767
8,0,0,0,52980,absolute,node,203519,-1,4,771
9,0,0,0,59602,absolute,node,183233,-1,5,776
10,0,0,0,66225,absolute,node,168311,-1,-1,775
11,0,0,0,72847,absolute,node,70890,-1,5,780
12,0,0,0,79470,absolute,node,155293,-1,-4,776
13,0,0,0,86092,absolute,node,162297,-1,4,780
14,0,0,0,92715,absolute,node,64714,-1,2,782
15,0,0,0,99337,absolute,node,70637,-1,3,785
16,0,0,0,105960,absolute,node,162223,-1,4,789
17,0,0,0,112582,absolute,node,45033,-1,-3,786
18,0,0,0,119205,absolute,node,125115,-1,-2,784
19,0,0,0,125827,absolute,node,153123,-1,3,787
20,0,0,0,132450,absolute,node,37286,-1,1,788
21,0,0,0,139072,absolute,node,130796,-1,4,792
22,0,0,0,145695,absolute,node,145524,-1,-4,788
23,0,0,0,152317,absolute,node,115186,-1,3,791
24,0,0,0,158940,absolute,node,85778,-1,5,796
25,0,0,0,165562,absolute,node,166130,-1,-1,795
26,0,0,0,172185,absolute,node,182030,-1,4,799
27,0,0,0,178807,absolute,node,158926,-1,-1,798
28,0,0,0,185430,absolute,node,124331,-1,2,800
29,0,0,0,192052,absolute,node,59187,-1,1,801
30,0,0,0,198675,absolute,node,69721,-1,4,805
31,0,0,0,205298,absolute,node,76423,-1,3,808
32,0,0,0,211920,absolute,node,54620,-1,-2,806
33,0,0,0,218543,absolute,node,2830,-1,2,808
34,0,0,0,225165,absolute,node,112022,-1,1,809
35,0,0,0,231788,absolute,node,176999,-1,4,813
36,0,0,0,238410,absolute,node,183175,-1,3,816
37,0,0,0,245033,absolute,node,160132,-1,4,820
38,0,0,0,251655,absolute,node,14364,-1,-2,818
39,0,0,0,258278,absolute,node,18155,-1,-5,813
40,0,0,0,264900,absolute,node,155643,-1,-1,812
41,0,0,0,271523,absolute,node,116307,-1,2,814
42,0,0,0,278145,absolute,node,186432,-1,4,818
43,0,0,0,284768,absolute,node,61867,-1,1,819
44,0,0,0,291390,absolute,node,154096,-1,1,820
45,0,0,0,298013,absolute,node,49203,-1,3,823
46,0,0,0,304635,absolute,node,200531,-1,-2,821
47,0,0,0,311258,absolute,node,114510,-1,2,823
48,0,0,0,317880,absolute,node,98226,-1,5,828
49,0,0,0,324503,absolute,node,123912,-1,1,829
50,0,0,0,331125,absolute,node,71947,-1,-2,827
51,0,0,0,337748,absolute,node,113721,-1,-5,822
52,0,0,0,344370,absolute,node,111439,-1,-1,821
53,0,0,0,350993,absolute,node,119762,-1,3,824
54,0,0,0,357615,absolute,node,100514,-1,4,828
55,0,0,0,364238,absolute,node,64714,-1,-2,826
56,0,0,0,370860,absolute,node,65741,-1,-3,823
57,0,0,0,377483,absolute,node,116319,-1,-3,820
58,0,0,0,384105,absolute,node,24858,-1,-3,817
59,0,0,0,390728,absolute,node,100514,-1,2,819
60,0,0,0,397350,absolute,node,123912,-1,-4,815
61,0,0,0,403973,absolute,node,83744,-1,-1,814
62,0,0,0,410596,absolute,node,84908,-1,-3,811
63,0,0,0,417218,absolute,node,112022,-1,3,814
64,0,0,0,423841,absolute,node,79672,-1,4,818
65,0,0,0,430463,absolute,node,64676,-1,-1,817
66,0,0,0,437086,absolute,node,84908,-1,1,818
67,0,0,0,443708,absolute,node,210013,-1,4,822
68,0,0,0,450331,absolute,node,52574,-1,2,824
69,0,0,0,456953,absolute,node,9520,-1,2,826
70,0,0,0,463576,absolute,node,58078,-1,2,828
71,0,0,0,470198,absolute,node,90898,-1,2,830
72,0,0,0,476821,absolute,node,141313,-1,4,834
73,0,0,0,483443,absolute,node,145524,-1,5,839
74,0,0,0,490066,absolute,node,117783,-1,5,844
75,0,0,0,496688,absolute,node,141313,-1,-3,841
76,0,0,0,503311,absolute,node,88322,-1,-5,836
77,0,0,0,509933,absolute,node,155643,-1,-1,835
78,0,0,0,516556,absolute,node,9268,-1,-4,831
79,0,0,0,523178,absolute,node,8911,-1,1,832
80,0,0,0,529801,absolute,node,16024,-1,4,836
81,0,0,0,536423,absolute,node,155643,-1,5,841
82,0,0,0,543046,absolute,node,9520,-1,2,843
83,0,0,0,549668,absolute,node,102854,-1,-1,842
84,0,0,0,556291,absolute,node,16024,-1,-1,841
85,0,0,0,562913,absolute,node,116319,-1,-1,840
86,0,0,0,569536,absolute,node,80773,-1,3,843
87,0,0,0,576158,absolute,node,64051,-1,2,845
88,0,0,0,582781,absolute,node,112128,-1,-2,843
89,0,0,0,589403,absolute,node,123824,-1,-2,841
90,0,0,0,596026,absolute,node,210013,-1,5,846
91,0,0,0,602649,absolute,node,141371,-1,-1,845
92,0,0,0,609271,absolute,node,74135,-1,1,846
93,0,0,0,615894,absolute,node,102833,-1,1,847
94,0,0,0,622516,absolute,node,130796,-1,2,849
95,0,0,0,629139,absolute,node,178634,-1,-5,844
96,0,0,0,635761,absolute,node,9268,-1,4,848
97,0,0,0,642384,absolute,node,11368,-1,4,852
98,0,0,0,649006,absolute,node,73481,-1,4,856
99,0,0,0,655629,absolute,node,49203,-1,5,861
100,0,0,0,662251,absolute,node,18155,-1,-3,858
101,0,0,0,668874,absolute,node,202688,-1,-3,855
102,0,0,0,675496,absolute,node,70890,-1,-4,851
103,0,0,0,682119,absolute,node,52574,-1,4,855
104,0,0,0,688741,absolute,node,162223,-1,-4,851
105,0,0,0,695364,absolute,node,124331,-1,-1,850
106,0,0,0,701986,absolute,node,30785,-1,1,851
107,0,0,0,708609,absolute,node,135109,-1,-2,849
108,0,0,0,715231,absolute,node,64051,-1,-3,846
109,0,0,0,721854,absolute,node,207528,-1,4,850
110,0,0,0,728476,absolute,node,123637,-1,-3,847
111,0,0,0,735099,absolute,node,95564,-1,4,851
112,0,0,0,741721,absolute,node,58078,-1,-5,846
113,0,0,0,748344,absolute,node,23482,-1,2,848
114,0,0,0,754966,absolute,node,16024,-1,-5,843
115,0,0,0,761589,absolute,node,9520,-1,-1,842
116,0,0,0,768211,absolute,node,165006,-1,-1,841
117,0,0,0,774834,absolute,node,97520,-1,1,842
118,0,0,0,781456,absolute,node,183233,-1,-5,837
119,0,0,0,788079,absolute,node,54620,-1,3,840
120,0,0,0,794701,absolute,node,95564,-1,-2,838
121,0,0,0,801324,absolute,node,83744,-1,4,842
122,0,0,0,807947,absolute,node,2830,-1,2,844
123,0,0,0,814569,absolute,node,14364,-1,1,845
124,0,0,0,821192,absolute,node,162297,-1,-4,841
125,0,0,0,827814,absolute,node,79637,-1,-2,839
126,0,0,0,834437,absolute,node,66490,-1,3,842
127,0,0,0,841059,absolute,node,11368,-1,-4,838
128,0,0,0,847682,absolute,node,37432,-1,2,840
129,0,0,0,854304,absolute,node,117427,-1,-1,839
130,0,0,0,860927,absolute,node,207096,-1,-4,835
131,0,0,0,867549,absolute,node,152487,-1,-3,832
132,0,0,0,874172,absolute,node,155293,-1,2,834
133,0,0,0,880794,absolute,node,76456,-1,3,837
134,0,0,0,887417,absolute,node,207528,-1,-5,832
135,0,0,0,894039,absolute,node,19781,-1,3,835
136,0,0,0,900662,absolute,node,149625,-1,3,838
137,0,0,0,907284,absolute,node,95564,-1,-1,837
138,0,0,0,913907,absolute,node,119762,-1,-5,832
139,0,0,0,920529,absolute,node,97785,-1,-3,829
140,0,0,0,927152,absolute,node,114510,-1,5,834
141,0,0,0,933774,absolute,node,74135,-1,-4,830
142,0,0,0,940397,absolute,node,115186,-1,5,835
143,0,0,0,947019,absolute,node,79637,-1,1,836
144,0,0,0,953642,absolute,node,24858,-1,-4,832
145,0,0,0,960264,absolute,node,160132,-1,-3,829
146,0,0,0,966887,absolute,node,155293,-1,2,831
147,0,0,0,973509,absolute,node,83883,-1,-2,829
148,0,0,0,980132,absolute,node,163327,-1,5,834
149,0,0,0,986754,absolute,node,18155,-1,2,836
150,0,0,0,993377,absolute,node,98226,-1,4,840
