changeID,absoluteTime,evaluation,bitVector,distanceEvaluation,typeOfChange,affected,affectedID1,affectedID2,change,totalAfterChange
1,0,0,0,9900,absolute,node,132982,-1,2,523
2,0,0,0,19801,absolute,node,104038,-1,-2,521
3,0,0,0,29702,absolute,node,162272,-1,1,522
4,0,0,0,39603,absolute,node,206663,-1,3,525
5,0,0,0,49504,absolute,node,1568,-1,4,529
6,0,0,0,59405,absolute,node,29757,-1,-1,528
7,0,0,0,69306,absolute,node,186701,-1,3,531
8,0,0,0,79207,absolute,node,44970,-1,1,532
9,0,0,0,89108,absolute,node,140569,-1,3,535
10,0,0,0,99009,absolute,node,145672,-1,3,538
11,0,0,0,108910,absolute,node,154007,-1,-1,537
12,0,0,0,118811,absolute,node,11322,-1,-4,533
13,0,0,0,128712,absolute,node,153787,-1,-1,532
14,0,0,0,138613,absolute,node,20476,-1,1,533
15,0,0,0,148514,absolute,node,206663,-1,3,536
16,0,0,0,158415,absolute,node,14420,-1,1,537
17,0,0,0,168316,absolute,node,106966,-1,2,539
18,0,0,0,178217,absolute,node,24394,-1,4,543
19,0,0,0,188118,absolute,node,11322,-1,3,546
20,0,0,0,198019,absolute,node,42826,-1,1,547
21,0,0,0,207920,absolute,node,25479,-1,-3,544
22,0,0,0,217821,absolute,node,183912,-1,4,548
23,0,0,0,227722,absolute,node,56335,-1,5,553
24,0,0,0,237623,absolute,node,20476,-1,2,555
25,0,0,0,247524,absolute,node,131893,-1,-1,554
26,0,0,0,257425,absolute,node,55912,-1,2,556
27,0,0,0,267326,absolute,node,87033,-1,-4,552
28,0,0,0,277227,absolute,node,91433,-1,-5,547
29,0,0,0,287128,absolute,node,183912,-1,-5,542
30,0,0,0,297029,absolute,node,37269,-1,5,547
31,0,0,0,306930,absolute,node,155855,-1,-4,543
32,0,0,0,316831,absolute,node,18508,-1,3,546
33,0,0,0,326732,absolute,node,24394,-1,-1,545
34,0,0,0,336633,absolute,node,181377,-1,-4,541
35,0,0,0,346534,absolute,node,189364,-1,4,545
36,0,0,0,356435,absolute,node,144856,-1,-1,544
37,0,0,0,366336,absolute,node,10769,-1,5,549
38,0,0,0,376237,absolute,node,190136,-1,1,550
39,0,0,0,386138,absolute,node,206663,-1,-2,548
40,0,0,0,396039,absolute,node,19117,-1,1,549
41,0,0,0,405940,absolute,node,130098,-1,3,552
42,0,0,0,415841,absolute,node,183912,-1,2,554
43,0,0,0,425742,absolute,node,42076,-1,2,556
44,0,0,0,435643,absolute,node,190136,-1,-4,552
45,0,0,0,445544,absolute,node,147922,-1,-2,550
46,0,0,0,455445,absolute,node,207885,-1,5,555
47,0,0,0,465346,absolute,node,52853,-1,-1,554
48,0,0,0,475247,absolute,node,42751,-1,1,555
49,0,0,0,485148,absolute,node,11322,-1,1,556
50,0,0,0,495049,absolute,node,167806,-1,-1,555
51,0,0,0,504950,absolute,node,163010,-1,-1,554
52,0,0,0,514851,absolute,node,46592,-1,3,557
53,0,0,0,524752,absolute,node,210351,-1,4,561
54,0,0,0,534653,absolute,node,171483,-1,5,566
55,0,0,0,544554,absolute,node,147922,-1,1,567
56,0,0,0,554455,absolute,node,191033,-1,-2,565
57,0,0,0,564356,absolute,node,206379,-1,-3,562
58,0,0,0,574257,absolute,node,1568,-1,3,565
59,0,0,0,584158,absolute,node,154007,-1,-5,560
60,0,0,0,594059,absolute,node,17037,-1,1,561
61,0,0,0,603960,absolute,node,83571,-1,2,563
62,0,0,0,613861,absolute,node,141530,-1,1,564
63,0,0,0,623762,absolute,node,1408,-1,-5,559
64,0,0,0,633663,absolute,node,206663,-1,1,560
65,0,0,0,643564,absolute,node,37269,-1,2,562
66,0,0,0,653465,absolute,node,162272,-1,-3,559
67,0,0,0,663366,absolute,node,153787,-1,-3,556
68,0,0,0,673267,absolute,node,162272,-1,-1,555
69,0,0,0,683168,absolute,node,192970,-1,5,560
70,0,0,0,693069,absolute,node,42076,-1,-3,557
71,0,0,0,702970,absolute,node,159833,-1,-3,554
72,0,0,0,712871,absolute,node,207885,-1,1,555
73,0,0,0,722772,absolute,node,206663,-1,-5,550
74,0,0,0,732673,absolute,node,162272,-1,2,552
75,0,0,0,742574,absolute,node,165680,-1,-1,551
76,0,0,0,752475,absolute,node,201533,-1,-1,550
77,0,0,0,762376,absolute,node,106966,-1,-4,546
78,0,0,0,772277,absolute,node,87033,-1,2,548
79,0,0,0,782178,absolute,node,55573,-1,-2,546
80,0,0,0,792079,absolute,node,166003,-1,-3,543
81,0,0,0,801980,absolute,node,138338,-1,-1,542
82,0,0,0,811881,absolute,node,52245,-1,5,547
83,0,0,0,821782,absolute,node,106966,-1,3,550
84,0,0,0,831683,absolute,node,91433,-1,3,553
85,0,0,0,841584,absolute,node,1568,-1,5,558
86,0,0,0,851485,absolute,node,18026,-1,4,562
87,0,0,0,861386,absolute,node,58529,-1,2,564
88,0,0,0,871287,absolute,node,171483,-1,-2,562
89,0,0,0,881188,absolute,node,144856,-1,2,564
90,0,0,0,891089,absolute,node,207885,-1,4,568
91,0,0,0,900990,absolute,node,144856,-1,5,573
92,0,0,0,910891,absolute,node,39028,-1,-3,570
93,0,0,0,920792,absolute,node,137817,-1,1,571
94,0,0,0,930693,absolute,node,11401,-1,5,576
95,0,0,0,940594,absolute,node,69420,-1,-1,575
96,0,0,0,950495,absolute,node,18026,-1,-3,572
97,0,0,0,960396,absolute,node,44970,-1,3,575
98,0,0,0,970297,absolute,node,165327,-1,1,576
99,0,0,0,980198,absolute,node,42076,-1,4,580
100,0,0,0,990099,absolute,node,87100,-1,3,583
