changeID,absoluteTime,evaluation,bitVector,distanceEvaluation,typeOfChange,affected,affectedID1,affectedID2,change,totalAfterChange
1,0,0,0,6622,absolute,node,11818,-1,-1,856
2,0,0,0,13245,absolute,node,12886,-1,5,861
3,0,0,0,19867,absolute,node,23180,-1,-4,857
4,0,0,0,26490,absolute,node,17854,-1,5,862
5,0,0,0,33112,absolute,node,23431,-1,1,863
6,0,0,0,39735,absolute,node,7286,-1,5,868
7,0,0,0,46357,absolute,node,8117,-1,1,869
8,0,0,0,52980,absolute,node,18848,-1,-1,868
9,0,0,0,59602,absolute,node,25586,-1,-2,866
10,0,0,0,66225,absolute,node,15327,-1,3,869
11,0,0,0,72847,absolute,node,1553,-1,3,872
12,0,0,0,79470,absolute,node,25586,-1,-1,871
13,0,0,0,86092,absolute,node,22661,-1,3,874
14,0,0,0,92715,absolute,node,22492,-1,5,879
15,0,0,0,99337,absolute,node,23431,-1,2,881
16,0,0,0,105960,absolute,node,6776,-1,-4,877
17,0,0,0,112582,absolute,node,11033,-1,3,880
18,0,0,0,119205,absolute,node,24004,-1,4,884
19,0,0,0,125827,absolute,node,14074,-1,-2,882
20,0,0,0,132450,absolute,node,20420,-1,1,883
21,0,0,0,139072,absolute,node,24259,-1,-4,879
22,0,0,0,145695,absolute,node,10434,-1,2,881
23,0,0,0,152317,absolute,node,23988,-1,-4,877
24,0,0,0,158940,absolute,node,22492,-1,1,878
25,0,0,0,165562,absolute,node,23530,-1,-3,875
26,0,0,0,172185,absolute,node,11271,-1,-3,872
27,0,0,0,178807,absolute,node,6905,-1,4,876
28,0,0,0,185430,absolute,node,7981,-1,1,877
29,0,0,0,192052,absolute,node,21942,-1,-2,875
30,0,0,0,198675,absolute,node,19563,-1,3,878
31,0,0,0,205298,absolute,node,3127,-1,-5,873
32,0,0,0,211920,absolute,node,17854,-1,-4,869
33,0,0,0,218543,absolute,node,20584,-1,2,871
34,0,0,0,225165,absolute,node,11033,-1,-2,869
35,0,0,0,231788,absolute,node,17413,-1,-1,868
36,0,0,0,238410,absolute,node,169,-1,2,870
37,0,0,0,245033,absolute,node,24259,-1,-5,865
38,0,0,0,251655,absolute,node,2331,-1,-1,864
39,0,0,0,258278,absolute,node,15552,-1,2,866
40,0,0,0,264900,absolute,node,16159,-1,1,867
41,0,0,0,271523,absolute,node,25586,-1,5,872
42,0,0,0,278145,absolute,node,23530,-1,4,876
43,0,0,0,284768,absolute,node,169,-1,-5,871
44,0,0,0,291390,absolute,node,11033,-1,5,876
45,0,0,0,298013,absolute,node,7981,-1,-5,871
46,0,0,0,304635,absolute,node,11818,-1,-1,870
47,0,0,0,311258,absolute,node,5145,-1,1,871
48,0,0,0,317880,absolute,node,169,-1,1,872
49,0,0,0,324503,absolute,node,7039,-1,1,873
50,0,0,0,331125,absolute,node,20584,-1,-5,868
51,0,0,0,337748,absolute,node,4705,-1,4,872
52,0,0,0,344370,absolute,node,22049,-1,5,877
53,0,0,0,350993,absolute,node,23431,-1,5,882
54,0,0,0,357615,absolute,node,2778,-1,2,884
55,0,0,0,364238,absolute,node,20584,-1,3,887
56,0,0,0,370860,absolute,node,3850,-1,-4,883
57,0,0,0,377483,absolute,node,25133,-1,3,886
58,0,0,0,384105,absolute,node,8657,-1,5,891
59,0,0,0,390728,absolute,node,8117,-1,-1,890
60,0,0,0,397350,absolute,node,15305,-1,-1,889
61,0,0,0,403973,absolute,node,1141,-1,-2,887
62,0,0,0,410596,absolute,node,21030,-1,1,888
63,0,0,0,417218,absolute,node,764,-1,-5,883
64,0,0,0,423841,absolute,node,7981,-1,2,885
65,0,0,0,430463,absolute,node,19824,-1,1,886
66,0,0,0,437086,absolute,node,18848,-1,5,891
67,0,0,0,443708,absolute,node,17759,-1,-1,890
68,0,0,0,450331,absolute,node,1141,-1,-1,889
69,0,0,0,456953,absolute,node,20240,-1,3,892
70,0,0,0,463576,absolute,node,15903,-1,4,896
71,0,0,0,470198,absolute,node,8275,-1,4,900
72,0,0,0,476821,absolute,node,7516,-1,-1,899
73,0,0,0,483443,absolute,node,6917,-1,3,902
74,0,0,0,490066,absolute,node,25894,-1,-5,897
75,0,0,0,496688,absolute,node,18393,-1,-5,892
76,0,0,0,503311,absolute,node,16968,-1,5,897
77,0,0,0,509933,absolute,node,8657,-1,-4,893
78,0,0,0,516556,absolute,node,20855,-1,2,895
79,0,0,0,523178,absolute,node,13135,-1,-4,891
80,0,0,0,529801,absolute,node,14274,-1,5,896
81,0,0,0,536423,absolute,node,15327,-1,3,899
82,0,0,0,543046,absolute,node,12886,-1,1,900
83,0,0,0,549668,absolute,node,15552,-1,-1,899
84,0,0,0,556291,absolute,node,2331,-1,5,904
85,0,0,0,562913,absolute,node,169,-1,5,909
86,0,0,0,569536,absolute,node,703,-1,3,912
87,0,0,0,576158,absolute,node,20584,-1,1,913
88,0,0,0,582781,absolute,node,10516,-1,-4,909
89,0,0,0,589403,absolute,node,2601,-1,-2,907
90,0,0,0,596026,absolute,node,26101,-1,-5,902
91,0,0,0,602649,absolute,node,6412,-1,-5,897
92,0,0,0,609271,absolute,node,21919,-1,5,902
93,0,0,0,615894,absolute,node,8690,-1,1,903
94,0,0,0,622516,absolute,node,15327,-1,-3,900
95,0,0,0,629139,absolute,node,13135,-1,-1,899
96,0,0,0,635761,absolute,node,12071,-1,5,904
97,0,0,0,642384,absolute,node,16159,-1,1,905
98,0,0,0,649006,absolute,node,21380,-1,-3,902
99,0,0,0,655629,absolute,node,8996,-1,4,906
100,0,0,0,662251,absolute,node,11806,-1,-4,902
101,0,0,0,668874,absolute,node,6262,-1,-2,900
102,0,0,0,675496,absolute,node,654,-1,2,902
103,0,0,0,682119,absolute,node,20239,-1,4,906
104,0,0,0,688741,absolute,node,21919,-1,5,911
105,0,0,0,695364,absolute,node,18848,-1,-5,906
106,0,0,0,701986,absolute,node,23431,-1,5,911
107,0,0,0,708609,absolute,node,25133,-1,-1,910
108,0,0,0,715231,absolute,node,6611,-1,-4,906
109,0,0,0,721854,absolute,node,11818,-1,-4,902
110,0,0,0,728476,absolute,node,20420,-1,2,904
111,0,0,0,735099,absolute,node,11271,-1,4,908
112,0,0,0,741721,absolute,node,6880,-1,5,913
113,0,0,0,748344,absolute,node,2331,-1,-1,912
114,0,0,0,754966,absolute,node,764,-1,-3,909
115,0,0,0,761589,absolute,node,24004,-1,1,910
116,0,0,0,768211,absolute,node,2331,-1,2,912
117,0,0,0,774834,absolute,node,22661,-1,2,914
118,0,0,0,781456,absolute,node,18393,-1,2,916
119,0,0,0,788079,absolute,node,23739,-1,4,920
120,0,0,0,794701,absolute,node,16392,-1,5,925
121,0,0,0,801324,absolute,node,17058,-1,5,930
122,0,0,0,807947,absolute,node,22536,-1,-5,925
123,0,0,0,814569,absolute,node,11033,-1,2,927
124,0,0,0,821192,absolute,node,23727,-1,-4,923
125,0,0,0,827814,absolute,node,6768,-1,-1,922
126,0,0,0,834437,absolute,node,18393,-1,2,924
127,0,0,0,841059,absolute,node,10996,-1,-3,921
128,0,0,0,847682,absolute,node,19783,-1,-1,920
129,0,0,0,854304,absolute,node,17548,-1,3,923
130,0,0,0,860927,absolute,node,1553,-1,-2,921
131,0,0,0,867549,absolute,node,19295,-1,5,926
132,0,0,0,874172,absolute,node,19934,-1,2,928
133,0,0,0,880794,absolute,node,21227,-1,-3,925
134,0,0,0,887417,absolute,node,7039,-1,-3,922
135,0,0,0,894039,absolute,node,5327,-1,2,924
136,0,0,0,900662,absolute,node,13902,-1,2,926
137,0,0,0,907284,absolute,node,23180,-1,1,927
138,0,0,0,913907,absolute,node,8690,-1,2,929
139,0,0,0,920529,absolute,node,14626,-1,3,932
140,0,0,0,927152,absolute,node,6880,-1,-4,928
141,0,0,0,933774,absolute,node,16112,-1,-4,924
142,0,0,0,940397,absolute,node,17058,-1,5,929
143,0,0,0,947019,absolute,node,6846,-1,-1,928
144,0,0,0,953642,absolute,node,2864,-1,-5,923
145,0,0,0,960264,absolute,node,9177,-1,1,924
146,0,0,0,966887,absolute,node,13192,-1,4,928
147,0,0,0,973509,absolute,node,14899,-1,-1,927
148,0,0,0,980132,absolute,node,13192,-1,3,930
149,0,0,0,986754,absolute,node,7834,-1,2,932
150,0,0,0,993377,absolute,node,17797,-1,5,937
