changeID,absoluteTime,evaluation,bitVector,distanceEvaluation,typeOfChange,affected,affectedID1,affectedID2,change,totalAfterChange
1,0,0,13157,0,absolute,node,17494,-1,-1,777
2,0,0,26315,0,absolute,node,17227,-1,1,778
3,0,0,39473,0,absolute,node,18664,-1,-3,775
4,0,0,52631,0,absolute,node,20365,-1,-1,774
5,0,0,65789,0,absolute,node,2098,-1,-2,772
6,0,0,78947,0,absolute,node,13427,-1,-5,767
7,0,0,92105,0,absolute,node,14573,-1,-2,765
8,0,0,105263,0,absolute,node,8956,-1,2,767
9,0,0,118421,0,absolute,node,11833,-1,-3,764
10,0,0,131578,0,absolute,node,1773,-1,5,769
11,0,0,144736,0,absolute,node,3989,-1,-3,766
12,0,0,157894,0,absolute,node,13027,-1,-1,765
13,0,0,171052,0,absolute,node,23540,-1,2,767
14,0,0,184210,0,absolute,node,14341,-1,-4,763
15,0,0,197368,0,absolute,node,12873,-1,-2,761
16,0,0,210526,0,absolute,node,20365,-1,1,762
17,0,0,223684,0,absolute,node,704,-1,1,763
18,0,0,236842,0,absolute,node,19611,-1,-4,759
19,0,0,250000,0,absolute,node,1869,-1,2,761
20,0,0,263157,0,absolute,node,5125,-1,-1,760
21,0,0,276315,0,absolute,node,17865,-1,1,761
22,0,0,289473,0,absolute,node,16039,-1,2,763
23,0,0,302631,0,absolute,node,16983,-1,3,766
24,0,0,315789,0,absolute,node,4586,-1,-1,765
25,0,0,328947,0,absolute,node,24947,-1,3,768
26,0,0,342105,0,absolute,node,15885,-1,5,773
27,0,0,355263,0,absolute,node,6227,-1,-5,768
28,0,0,368421,0,absolute,node,6227,-1,-1,767
29,0,0,381578,0,absolute,node,12353,-1,4,771
30,0,0,394736,0,absolute,node,5143,-1,4,775
31,0,0,407894,0,absolute,node,24947,-1,-1,774
32,0,0,421052,0,absolute,node,8956,-1,-3,771
33,0,0,434210,0,absolute,node,3203,-1,-3,768
34,0,0,447368,0,absolute,node,18664,-1,-2,766
35,0,0,460526,0,absolute,node,6597,-1,-3,763
36,0,0,473684,0,absolute,node,2512,-1,-1,762
37,0,0,486842,0,absolute,node,10714,-1,1,763
38,0,0,5e+05,0,absolute,node,704,-1,4,767
39,0,0,513157,0,absolute,node,1911,-1,5,772
40,0,0,526315,0,absolute,node,6327,-1,-2,770
41,0,0,539473,0,absolute,node,22041,-1,1,771
42,0,0,552631,0,absolute,node,11264,-1,1,772
43,0,0,565789,0,absolute,node,2692,-1,2,774
44,0,0,578947,0,absolute,node,18257,-1,1,775
45,0,0,592105,0,absolute,node,11407,-1,-3,772
46,0,0,605263,0,absolute,node,8957,-1,4,776
47,0,0,618421,0,absolute,node,5125,-1,3,779
48,0,0,631578,0,absolute,node,22698,-1,-2,777
49,0,0,644736,0,absolute,node,765,-1,-2,775
50,0,0,657894,0,absolute,node,20173,-1,-1,774
51,0,0,671052,0,absolute,node,24841,-1,5,779
52,0,0,684210,0,absolute,node,14573,-1,5,784
53,0,0,697368,0,absolute,node,19611,-1,5,789
54,0,0,710526,0,absolute,node,16039,-1,3,792
55,0,0,723684,0,absolute,node,2571,-1,4,796
56,0,0,736842,0,absolute,node,26013,-1,4,800
57,0,0,750000,0,absolute,node,7703,-1,3,803
58,0,0,763157,0,absolute,node,12353,-1,-4,799
59,0,0,776315,0,absolute,node,14250,-1,-5,794
60,0,0,789473,0,absolute,node,24325,-1,2,796
61,0,0,802631,0,absolute,node,20324,-1,1,797
62,0,0,815789,0,absolute,node,8282,-1,4,801
63,0,0,828947,0,absolute,node,23220,-1,-2,799
64,0,0,842105,0,absolute,node,19611,-1,1,800
65,0,0,855263,0,absolute,node,15765,-1,4,804
66,0,0,868421,0,absolute,node,8095,-1,-2,802
67,0,0,881578,0,absolute,node,25758,-1,5,807
68,0,0,894736,0,absolute,node,5125,-1,-1,806
69,0,0,907894,0,absolute,node,26013,-1,4,810
70,0,0,921052,0,absolute,node,17865,-1,3,813
71,0,0,934210,0,absolute,node,15885,-1,-1,812
72,0,0,947368,0,absolute,node,25758,-1,-2,810
73,0,0,960526,0,absolute,node,24261,-1,2,812
74,0,0,973684,0,absolute,node,25089,-1,-1,811
75,0,0,986842,0,absolute,node,12854,-1,-1,810
