changeID,absoluteTime,evaluation,bitVector,distanceEvaluation,typeOfChange,affected,affectedID1,affectedID2,change,totalAfterChange
1,0,0,0,6622,absolute,node,132463,-1,-1,821
2,0,0,0,13245,absolute,node,211226,-1,5,826
3,0,0,0,19867,absolute,node,75025,-1,5,831
4,0,0,0,26490,absolute,node,169795,-1,2,833
5,0,0,0,33112,absolute,node,110158,-1,1,834
6,0,0,0,39735,absolute,node,74446,-1,-4,830
7,0,0,0,46357,absolute,node,67764,-1,4,834
8,0,0,0,52980,absolute,node,193580,-1,1,835
9,0,0,0,59602,absolute,node,34955,-1,-4,831
10,0,0,0,66225,absolute,node,75025,-1,4,835
11,0,0,0,72847,absolute,node,143118,-1,3,838
12,0,0,0,79470,absolute,node,110966,-1,4,842
13,0,0,0,86092,absolute,node,150328,-1,-1,841
14,0,0,0,92715,absolute,node,128836,-1,5,846
15,0,0,0,99337,absolute,node,82871,-1,3,849
16,0,0,0,105960,absolute,node,201245,-1,3,852
17,0,0,0,112582,absolute,node,81069,-1,2,854
18,0,0,0,119205,absolute,node,126569,-1,1,855
19,0,0,0,125827,absolute,node,176373,-1,-5,850
20,0,0,0,132450,absolute,node,107224,-1,-5,845
21,0,0,0,139072,absolute,node,71891,-1,1,846
22,0,0,0,145695,absolute,node,56441,-1,5,851
23,0,0,0,152317,absolute,node,35169,-1,-5,846
24,0,0,0,158940,absolute,node,28610,-1,-1,845
25,0,0,0,165562,absolute,node,78491,-1,1,846
26,0,0,0,172185,absolute,node,140275,-1,-3,843
27,0,0,0,178807,absolute,node,6228,-1,1,844
28,0,0,0,185430,absolute,node,124267,-1,1,845
29,0,0,0,192052,absolute,node,71195,-1,-4,841
30,0,0,0,198675,absolute,node,35098,-1,3,844
31,0,0,0,205298,absolute,node,128836,-1,2,846
32,0,0,0,211920,absolute,node,34458,-1,3,849
33,0,0,0,218543,absolute,node,53126,-1,-5,844
34,0,0,0,225165,absolute,node,21439,-1,-4,840
35,0,0,0,231788,absolute,node,40133,-1,-3,837
36,0,0,0,238410,absolute,node,143118,-1,1,838
37,0,0,0,245033,absolute,node,67764,-1,1,839
38,0,0,0,251655,absolute,node,35169,-1,-1,838
39,0,0,0,258278,absolute,node,28389,-1,3,841
40,0,0,0,264900,absolute,node,35169,-1,4,845
41,0,0,0,271523,absolute,node,200523,-1,-3,842
42,0,0,0,278145,absolute,node,211530,-1,4,846
43,0,0,0,284768,absolute,node,75618,-1,-3,843
44,0,0,0,291390,absolute,node,56441,-1,4,847
45,0,0,0,298013,absolute,node,47691,-1,-1,846
46,0,0,0,304635,absolute,node,22674,-1,3,849
47,0,0,0,311258,absolute,node,176333,-1,5,854
48,0,0,0,317880,absolute,node,199785,-1,-3,851
49,0,0,0,324503,absolute,node,86880,-1,1,852
50,0,0,0,331125,absolute,node,116325,-1,-4,848
51,0,0,0,337748,absolute,node,116325,-1,3,851
52,0,0,0,344370,absolute,node,108915,-1,-1,850
53,0,0,0,350993,absolute,node,16526,-1,5,855
54,0,0,0,357615,absolute,node,30214,-1,-5,850
55,0,0,0,364238,absolute,node,21523,-1,5,855
56,0,0,0,370860,absolute,node,124267,-1,-2,853
57,0,0,0,377483,absolute,node,114513,-1,2,855
58,0,0,0,384105,absolute,node,34458,-1,5,860
59,0,0,0,390728,absolute,node,163226,-1,5,865
60,0,0,0,397350,absolute,node,116046,-1,-3,862
61,0,0,0,403973,absolute,node,103711,-1,2,864
62,0,0,0,410596,absolute,node,16232,-1,-4,860
63,0,0,0,417218,absolute,node,140186,-1,1,861
64,0,0,0,423841,absolute,node,149254,-1,3,864
65,0,0,0,430463,absolute,node,191610,-1,-5,859
66,0,0,0,437086,absolute,node,28389,-1,-3,856
67,0,0,0,443708,absolute,node,179253,-1,5,861
68,0,0,0,450331,absolute,node,140669,-1,5,866
69,0,0,0,456953,absolute,node,47978,-1,5,871
70,0,0,0,463576,absolute,node,200523,-1,5,876
71,0,0,0,470198,absolute,node,30214,-1,-3,873
72,0,0,0,476821,absolute,node,93246,-1,2,875
73,0,0,0,483443,absolute,node,163226,-1,5,880
74,0,0,0,490066,absolute,node,53126,-1,1,881
75,0,0,0,496688,absolute,node,15705,-1,3,884
76,0,0,0,503311,absolute,node,138551,-1,-2,882
77,0,0,0,509933,absolute,node,6061,-1,5,887
78,0,0,0,516556,absolute,node,34955,-1,1,888
79,0,0,0,523178,absolute,node,165513,-1,1,889
80,0,0,0,529801,absolute,node,159774,-1,3,892
81,0,0,0,536423,absolute,node,22871,-1,5,897
82,0,0,0,543046,absolute,node,133636,-1,2,899
83,0,0,0,549668,absolute,node,67764,-1,3,902
84,0,0,0,556291,absolute,node,150328,-1,2,904
85,0,0,0,562913,absolute,node,29834,-1,1,905
86,0,0,0,569536,absolute,node,35098,-1,-3,902
87,0,0,0,576158,absolute,node,131283,-1,3,905
88,0,0,0,582781,absolute,node,153207,-1,-2,903
89,0,0,0,589403,absolute,node,191115,-1,-4,899
90,0,0,0,596026,absolute,node,163226,-1,-4,895
91,0,0,0,602649,absolute,node,22871,-1,4,899
92,0,0,0,609271,absolute,node,29834,-1,1,900
93,0,0,0,615894,absolute,node,24736,-1,3,903
94,0,0,0,622516,absolute,node,83229,-1,3,906
95,0,0,0,629139,absolute,node,82871,-1,-5,901
96,0,0,0,635761,absolute,node,73730,-1,1,902
97,0,0,0,642384,absolute,node,183909,-1,-1,901
98,0,0,0,649006,absolute,node,134353,-1,-3,898
99,0,0,0,655629,absolute,node,21683,-1,-1,897
100,0,0,0,662251,absolute,node,24736,-1,1,898
101,0,0,0,668874,absolute,node,146893,-1,3,901
102,0,0,0,675496,absolute,node,71141,-1,-2,899
103,0,0,0,682119,absolute,node,30214,-1,5,904
104,0,0,0,688741,absolute,node,36501,-1,-4,900
105,0,0,0,695364,absolute,node,63841,-1,-3,897
106,0,0,0,701986,absolute,node,105209,-1,-4,893
107,0,0,0,708609,absolute,node,34955,-1,5,898
108,0,0,0,715231,absolute,node,165513,-1,-3,895
109,0,0,0,721854,absolute,node,157475,-1,-4,891
110,0,0,0,728476,absolute,node,206508,-1,3,894
111,0,0,0,735099,absolute,node,153207,-1,2,896
112,0,0,0,741721,absolute,node,69982,-1,-2,894
113,0,0,0,748344,absolute,node,115091,-1,2,896
114,0,0,0,754966,absolute,node,183733,-1,-1,895
115,0,0,0,761589,absolute,node,15705,-1,-1,894
116,0,0,0,768211,absolute,node,200665,-1,-4,890
117,0,0,0,774834,absolute,node,47978,-1,-3,887
118,0,0,0,781456,absolute,node,169795,-1,-1,886
119,0,0,0,788079,absolute,node,124267,-1,2,888
120,0,0,0,794701,absolute,node,115091,-1,-1,887
121,0,0,0,801324,absolute,node,129342,-1,-1,886
122,0,0,0,807947,absolute,node,165513,-1,3,889
123,0,0,0,814569,absolute,node,132382,-1,-1,888
124,0,0,0,821192,absolute,node,165769,-1,-2,886
125,0,0,0,827814,absolute,node,29834,-1,3,889
126,0,0,0,834437,absolute,node,133636,-1,4,893
127,0,0,0,841059,absolute,node,108915,-1,1,894
128,0,0,0,847682,absolute,node,108915,-1,2,896
129,0,0,0,854304,absolute,node,107174,-1,-3,893
130,0,0,0,860927,absolute,node,211264,-1,-2,891
131,0,0,0,867549,absolute,node,6228,-1,2,893
132,0,0,0,874172,absolute,node,9102,-1,2,895
133,0,0,0,880794,absolute,node,15705,-1,-1,894
134,0,0,0,887417,absolute,node,56068,-1,-3,891
135,0,0,0,894039,absolute,node,15705,-1,4,895
136,0,0,0,900662,absolute,node,143659,-1,2,897
137,0,0,0,907284,absolute,node,22871,-1,1,898
138,0,0,0,913907,absolute,node,113397,-1,-3,895
139,0,0,0,920529,absolute,node,69982,-1,3,898
140,0,0,0,927152,absolute,node,159774,-1,-4,894
141,0,0,0,933774,absolute,node,66023,-1,1,895
142,0,0,0,940397,absolute,node,176333,-1,-4,891
143,0,0,0,947019,absolute,node,143118,-1,-4,887
144,0,0,0,953642,absolute,node,165769,-1,3,890
145,0,0,0,960264,absolute,node,211530,-1,-1,889
146,0,0,0,966887,absolute,node,16526,-1,-3,886
147,0,0,0,973509,absolute,node,62843,-1,5,891
148,0,0,0,980132,absolute,node,132463,-1,3,894
149,0,0,0,986754,absolute,node,88829,-1,3,897
150,0,0,0,993377,absolute,node,193580,-1,1,898
