changeID,absoluteTime,evaluation,bitVector,distanceEvaluation,typeOfChange,affected,affectedID1,affectedID2,change,totalAfterChange
0,0,0,0,0,,,-1,-1,0,530
1,0,0,90909,0,absolute,node,3428,-1,1,530
2,0,0,90909,0,absolute,node,23046,-1,-1,530
3,0,0,90909,0,absolute,node,142568,-1,1,530
4,0,0,90909,0,absolute,node,152840,-1,-1,530
5,0,0,90909,0,absolute,node,17230,-1,1,530
6,0,0,90909,0,absolute,node,196471,-1,-1,530
7,0,0,90909,0,absolute,node,48067,-1,3,530
8,0,0,90909,0,absolute,node,21919,-1,-3,530
9,0,0,181818,0,absolute,node,206943,-1,1,530
10,0,0,181818,0,absolute,node,95753,-1,-1,530
11,0,0,181818,0,absolute,node,122505,-1,1,530
12,0,0,181818,0,absolute,node,468,-1,-1,530
13,0,0,181818,0,absolute,node,58608,-1,5,530
14,0,0,181818,0,absolute,node,15693,-1,-5,530
15,0,0,181818,0,absolute,node,187315,-1,2,530
16,0,0,181818,0,absolute,node,138688,-1,-2,530
17,0,0,272727,0,absolute,node,67613,-1,1,530
18,0,0,272727,0,absolute,node,161091,-1,-1,530
19,0,0,272727,0,absolute,node,197252,-1,3,530
20,0,0,272727,0,absolute,node,48067,-1,-3,530
21,0,0,272727,0,absolute,node,28637,-1,1,530
22,0,0,272727,0,absolute,node,122505,-1,-1,530
23,0,0,272727,0,absolute,node,187315,-1,2,530
24,0,0,272727,0,absolute,node,73349,-1,-2,530
25,0,0,363636,0,absolute,node,43350,-1,1,530
26,0,0,363636,0,absolute,node,152321,-1,-1,530
27,0,0,363636,0,absolute,node,74385,-1,2,530
28,0,0,363636,0,absolute,node,156486,-1,-2,530
29,0,0,363636,0,absolute,node,206943,-1,1,530
30,0,0,363636,0,absolute,node,185722,-1,-1,530
31,0,0,363636,0,absolute,node,60047,-1,1,530
32,0,0,363636,0,absolute,node,109194,-1,-1,530
33,0,0,454545,0,absolute,node,109194,-1,4,530
34,0,0,454545,0,absolute,node,95438,-1,-4,530
35,0,0,454545,0,absolute,node,41682,-1,5,530
36,0,0,454545,0,absolute,node,17230,-1,-5,530
37,0,0,454545,0,absolute,node,9289,-1,3,530
38,0,0,454545,0,absolute,node,117786,-1,-3,530
39,0,0,454545,0,absolute,node,168155,-1,1,530
40,0,0,454545,0,absolute,node,113163,-1,-1,530
41,0,0,545454,0,absolute,node,99996,-1,2,530
42,0,0,545454,0,absolute,node,43841,-1,-2,530
43,0,0,545454,0,absolute,node,207201,-1,2,530
44,0,0,545454,0,absolute,node,116531,-1,-2,530
45,0,0,545454,0,absolute,node,28637,-1,2,530
46,0,0,545454,0,absolute,node,21919,-1,-2,530
47,0,0,545454,0,absolute,node,128220,-1,1,530
48,0,0,545454,0,absolute,node,180827,-1,-1,530
49,0,0,636363,0,absolute,node,41682,-1,2,530
50,0,0,636363,0,absolute,node,25612,-1,-2,530
51,0,0,636363,0,absolute,node,196471,-1,1,530
52,0,0,636363,0,absolute,node,58031,-1,-1,530
53,0,0,636363,0,absolute,node,14298,-1,2,530
54,0,0,636363,0,absolute,node,110914,-1,-2,530
55,0,0,636363,0,absolute,node,74429,-1,2,530
56,0,0,636363,0,absolute,node,33204,-1,-2,530
57,0,0,727272,0,absolute,node,55703,-1,1,530
58,0,0,727272,0,absolute,node,164631,-1,-1,530
59,0,0,727272,0,absolute,node,71677,-1,1,530
60,0,0,727272,0,absolute,node,116531,-1,-1,530
61,0,0,727272,0,absolute,node,21919,-1,1,530
62,0,0,727272,0,absolute,node,120860,-1,-1,530
63,0,0,727272,0,absolute,node,75655,-1,1,530
64,0,0,727272,0,absolute,node,9289,-1,-1,530
65,0,0,818181,0,absolute,node,41682,-1,4,530
66,0,0,818181,0,absolute,node,74378,-1,-4,530
67,0,0,818181,0,absolute,node,187315,-1,1,530
68,0,0,818181,0,absolute,node,9289,-1,-1,530
69,0,0,818181,0,absolute,node,61200,-1,1,530
70,0,0,818181,0,absolute,node,80085,-1,-1,530
71,0,0,818181,0,absolute,node,153007,-1,4,530
72,0,0,818181,0,absolute,node,150232,-1,-4,530
73,0,0,909090,0,absolute,node,80085,-1,1,530
74,0,0,909090,0,absolute,node,6423,-1,-1,530
75,0,0,909090,0,absolute,node,377,-1,1,530
76,0,0,909090,0,absolute,node,139823,-1,-1,530
77,0,0,909090,0,absolute,node,95854,-1,2,530
78,0,0,909090,0,absolute,node,48067,-1,-2,530
79,0,0,909090,0,absolute,node,17230,-1,1,530
80,0,0,909090,0,absolute,node,37862,-1,-1,530
