changeID,absoluteTime,evaluation,bitVector,distanceEvaluation,typeOfChange,affected,affectedID1,affectedID2,change,totalAfterChange
0,0,0,0,0,,,-1,-1,0,560
1,0,0,19607,0,absolute,node,72544,-1,1,560
2,0,0,19607,0,absolute,node,140976,-1,-1,560
3,0,0,19607,0,absolute,node,194936,-1,1,560
4,0,0,19607,0,absolute,node,157973,-1,-1,560
5,0,0,39215,0,absolute,node,181955,-1,3,560
6,0,0,39215,0,absolute,node,140976,-1,-3,560
7,0,0,39215,0,absolute,node,137474,-1,1,560
8,0,0,39215,0,absolute,node,130257,-1,-1,560
9,0,0,58823,0,absolute,node,150898,-1,3,560
10,0,0,58823,0,absolute,node,108311,-1,-3,560
11,0,0,58823,0,absolute,node,109393,-1,1,560
12,0,0,58823,0,absolute,node,42256,-1,-1,560
13,0,0,78431,0,absolute,node,117113,-1,1,560
14,0,0,78431,0,absolute,node,164977,-1,-1,560
15,0,0,78431,0,absolute,node,84060,-1,4,560
16,0,0,78431,0,absolute,node,83952,-1,-4,560
17,0,0,98039,0,absolute,node,164558,-1,4,560
18,0,0,98039,0,absolute,node,126511,-1,-4,560
19,0,0,98039,0,absolute,node,93993,-1,1,560
20,0,0,98039,0,absolute,node,163578,-1,-1,560
21,0,0,117647,0,absolute,node,703,-1,3,560
22,0,0,117647,0,absolute,node,130257,-1,-3,560
23,0,0,117647,0,absolute,node,78604,-1,1,560
24,0,0,117647,0,absolute,node,96444,-1,-1,560
25,0,0,137254,0,absolute,node,1544,-1,2,560
26,0,0,137254,0,absolute,node,9643,-1,-2,560
27,0,0,137254,0,absolute,node,192608,-1,2,560
28,0,0,137254,0,absolute,node,52879,-1,-2,560
29,0,0,156862,0,absolute,node,172150,-1,1,560
30,0,0,156862,0,absolute,node,21601,-1,-1,560
31,0,0,156862,0,absolute,node,39570,-1,1,560
32,0,0,156862,0,absolute,node,174026,-1,-1,560
33,0,0,176470,0,absolute,node,83952,-1,1,560
34,0,0,176470,0,absolute,node,166707,-1,-1,560
35,0,0,176470,0,absolute,node,153463,-1,5,560
36,0,0,176470,0,absolute,node,15205,-1,-5,560
37,0,0,196078,0,absolute,node,84060,-1,4,560
38,0,0,196078,0,absolute,node,210614,-1,-4,560
39,0,0,196078,0,absolute,node,83952,-1,1,560
40,0,0,196078,0,absolute,node,12329,-1,-1,560
41,0,0,215686,0,absolute,node,49861,-1,1,560
42,0,0,215686,0,absolute,node,87244,-1,-1,560
43,0,0,215686,0,absolute,node,54663,-1,1,560
44,0,0,215686,0,absolute,node,16250,-1,-1,560
45,0,0,235294,0,absolute,node,107971,-1,1,560
46,0,0,235294,0,absolute,node,52879,-1,-1,560
47,0,0,235294,0,absolute,node,38595,-1,3,560
48,0,0,235294,0,absolute,node,75208,-1,-3,560
49,0,0,254901,0,absolute,node,186052,-1,3,560
50,0,0,254901,0,absolute,node,107971,-1,-3,560
51,0,0,254901,0,absolute,node,177837,-1,4,560
52,0,0,254901,0,absolute,node,140976,-1,-4,560
53,0,0,274509,0,absolute,node,13731,-1,1,560
54,0,0,274509,0,absolute,node,134693,-1,-1,560
55,0,0,274509,0,absolute,node,54663,-1,2,560
56,0,0,274509,0,absolute,node,113025,-1,-2,560
57,0,0,294117,0,absolute,node,113025,-1,1,560
58,0,0,294117,0,absolute,node,42256,-1,-1,560
59,0,0,294117,0,absolute,node,137474,-1,1,560
60,0,0,294117,0,absolute,node,96368,-1,-1,560
61,0,0,313725,0,absolute,node,110173,-1,1,560
62,0,0,313725,0,absolute,node,52879,-1,-1,560
63,0,0,313725,0,absolute,node,37625,-1,3,560
64,0,0,313725,0,absolute,node,172150,-1,-3,560
65,0,0,333333,0,absolute,node,172150,-1,1,560
66,0,0,333333,0,absolute,node,126511,-1,-1,560
67,0,0,333333,0,absolute,node,21604,-1,1,560
68,0,0,333333,0,absolute,node,147235,-1,-1,560
69,0,0,352941,0,absolute,node,147334,-1,2,560
70,0,0,352941,0,absolute,node,31220,-1,-2,560
71,0,0,352941,0,absolute,node,23690,-1,3,560
72,0,0,352941,0,absolute,node,150898,-1,-3,560
73,0,0,372549,0,absolute,node,77291,-1,2,560
74,0,0,372549,0,absolute,node,31220,-1,-2,560
75,0,0,372549,0,absolute,node,137474,-1,2,560
76,0,0,372549,0,absolute,node,164687,-1,-2,560
77,0,0,392156,0,absolute,node,96368,-1,1,560
78,0,0,392156,0,absolute,node,163578,-1,-1,560
79,0,0,392156,0,absolute,node,134343,-1,1,560
80,0,0,392156,0,absolute,node,108858,-1,-1,560
81,0,0,411764,0,absolute,node,184930,-1,1,560
82,0,0,411764,0,absolute,node,12329,-1,-1,560
83,0,0,411764,0,absolute,node,96686,-1,1,560
84,0,0,411764,0,absolute,node,13731,-1,-1,560
85,0,0,431372,0,absolute,node,174026,-1,1,560
86,0,0,431372,0,absolute,node,186052,-1,-1,560
87,0,0,431372,0,absolute,node,76143,-1,1,560
88,0,0,431372,0,absolute,node,99645,-1,-1,560
89,0,0,450980,0,absolute,node,87244,-1,2,560
90,0,0,450980,0,absolute,node,15205,-1,-2,560
91,0,0,450980,0,absolute,node,177083,-1,2,560
92,0,0,450980,0,absolute,node,184930,-1,-2,560
93,0,0,470588,0,absolute,node,204448,-1,2,560
94,0,0,470588,0,absolute,node,116583,-1,-2,560
95,0,0,470588,0,absolute,node,31220,-1,1,560
96,0,0,470588,0,absolute,node,206560,-1,-1,560
97,0,0,490196,0,absolute,node,166707,-1,5,560
98,0,0,490196,0,absolute,node,210614,-1,-5,560
99,0,0,490196,0,absolute,node,164558,-1,1,560
100,0,0,490196,0,absolute,node,147235,-1,-1,560
101,0,0,509803,0,absolute,node,166707,-1,2,560
102,0,0,509803,0,absolute,node,116583,-1,-2,560
103,0,0,509803,0,absolute,node,9643,-1,1,560
104,0,0,509803,0,absolute,node,12329,-1,-1,560
105,0,0,529411,0,absolute,node,147235,-1,1,560
106,0,0,529411,0,absolute,node,181955,-1,-1,560
107,0,0,529411,0,absolute,node,158738,-1,1,560
108,0,0,529411,0,absolute,node,186052,-1,-1,560
109,0,0,549019,0,absolute,node,172150,-1,1,560
110,0,0,549019,0,absolute,node,134693,-1,-1,560
111,0,0,549019,0,absolute,node,167837,-1,1,560
112,0,0,549019,0,absolute,node,116583,-1,-1,560
113,0,0,568627,0,absolute,node,206560,-1,1,560
114,0,0,568627,0,absolute,node,134693,-1,-1,560
115,0,0,568627,0,absolute,node,42122,-1,3,560
116,0,0,568627,0,absolute,node,21604,-1,-3,560
117,0,0,588235,0,absolute,node,174026,-1,3,560
118,0,0,588235,0,absolute,node,87244,-1,-3,560
119,0,0,588235,0,absolute,node,192608,-1,1,560
120,0,0,588235,0,absolute,node,38595,-1,-1,560
121,0,0,607843,0,absolute,node,157973,-1,2,560
122,0,0,607843,0,absolute,node,49861,-1,-2,560
123,0,0,607843,0,absolute,node,77291,-1,1,560
124,0,0,607843,0,absolute,node,173499,-1,-1,560
125,0,0,627450,0,absolute,node,110173,-1,3,560
126,0,0,627450,0,absolute,node,107971,-1,-3,560
127,0,0,627450,0,absolute,node,178137,-1,1,560
128,0,0,627450,0,absolute,node,164977,-1,-1,560
129,0,0,647058,0,absolute,node,108858,-1,2,560
130,0,0,647058,0,absolute,node,108311,-1,-2,560
131,0,0,647058,0,absolute,node,15205,-1,2,560
132,0,0,647058,0,absolute,node,147334,-1,-2,560
133,0,0,666666,0,absolute,node,206560,-1,2,560
134,0,0,666666,0,absolute,node,154121,-1,-2,560
135,0,0,666666,0,absolute,node,177083,-1,2,560
136,0,0,666666,0,absolute,node,5413,-1,-2,560
137,0,0,686274,0,absolute,node,163578,-1,3,560
138,0,0,686274,0,absolute,node,52125,-1,-3,560
139,0,0,686274,0,absolute,node,110173,-1,1,560
140,0,0,686274,0,absolute,node,75208,-1,-1,560
141,0,0,705882,0,absolute,node,97559,-1,1,560
142,0,0,705882,0,absolute,node,153463,-1,-1,560
143,0,0,705882,0,absolute,node,84060,-1,1,560
144,0,0,705882,0,absolute,node,108858,-1,-1,560
145,0,0,725490,0,absolute,node,151133,-1,1,560
146,0,0,725490,0,absolute,node,183768,-1,-1,560
147,0,0,725490,0,absolute,node,59566,-1,1,560
148,0,0,725490,0,absolute,node,209373,-1,-1,560
149,0,0,745098,0,absolute,node,163578,-1,1,560
150,0,0,745098,0,absolute,node,103328,-1,-1,560
151,0,0,745098,0,absolute,node,133730,-1,3,560
152,0,0,745098,0,absolute,node,39570,-1,-3,560
153,0,0,764705,0,absolute,node,118299,-1,3,560
154,0,0,764705,0,absolute,node,76143,-1,-3,560
155,0,0,764705,0,absolute,node,96368,-1,1,560
156,0,0,764705,0,absolute,node,59566,-1,-1,560
157,0,0,784313,0,absolute,node,192608,-1,4,560
158,0,0,784313,0,absolute,node,54663,-1,-4,560
159,0,0,784313,0,absolute,node,116583,-1,1,560
160,0,0,784313,0,absolute,node,21604,-1,-1,560
161,0,0,803921,0,absolute,node,109393,-1,1,560
162,0,0,803921,0,absolute,node,97559,-1,-1,560
163,0,0,803921,0,absolute,node,126511,-1,3,560
164,0,0,803921,0,absolute,node,184930,-1,-3,560
165,0,0,823529,0,absolute,node,164977,-1,1,560
166,0,0,823529,0,absolute,node,206560,-1,-1,560
167,0,0,823529,0,absolute,node,58038,-1,2,560
168,0,0,823529,0,absolute,node,147334,-1,-2,560
169,0,0,843137,0,absolute,node,109393,-1,2,560
170,0,0,843137,0,absolute,node,52125,-1,-2,560
171,0,0,843137,0,absolute,node,177837,-1,1,560
172,0,0,843137,0,absolute,node,164687,-1,-1,560
173,0,0,862745,0,absolute,node,12329,-1,1,560
174,0,0,862745,0,absolute,node,167837,-1,-1,560
175,0,0,862745,0,absolute,node,164977,-1,4,560
176,0,0,862745,0,absolute,node,23690,-1,-4,560
177,0,0,882352,0,absolute,node,109393,-1,1,560
178,0,0,882352,0,absolute,node,72544,-1,-1,560
179,0,0,882352,0,absolute,node,92467,-1,1,560
180,0,0,882352,0,absolute,node,21604,-1,-1,560
181,0,0,901960,0,absolute,node,103328,-1,1,560
182,0,0,901960,0,absolute,node,126511,-1,-1,560
183,0,0,901960,0,absolute,node,75208,-1,1,560
184,0,0,901960,0,absolute,node,52879,-1,-1,560
185,0,0,921568,0,absolute,node,108311,-1,3,560
186,0,0,921568,0,absolute,node,134343,-1,-3,560
187,0,0,921568,0,absolute,node,87244,-1,2,560
188,0,0,921568,0,absolute,node,48982,-1,-2,560
189,0,0,941176,0,absolute,node,166707,-1,4,560
190,0,0,941176,0,absolute,node,15205,-1,-4,560
191,0,0,941176,0,absolute,node,90239,-1,2,560
192,0,0,941176,0,absolute,node,703,-1,-2,560
193,0,0,960784,0,absolute,node,184930,-1,1,560
194,0,0,960784,0,absolute,node,48982,-1,-1,560
195,0,0,960784,0,absolute,node,110173,-1,1,560
196,0,0,960784,0,absolute,node,84060,-1,-1,560
197,0,0,980392,0,absolute,node,109393,-1,2,560
198,0,0,980392,0,absolute,node,177083,-1,-2,560
199,0,0,980392,0,absolute,node,164558,-1,1,560
200,0,0,980392,0,absolute,node,126511,-1,-1,560
