changeID,absoluteTime,evaluation,bitVector,distanceEvaluation,typeOfChange,affected,affectedID1,affectedID2,change,totalAfterChange
0,0,0,0,0,,,-1,-1,0,521
1,0,0,90909,0,absolute,node,10660,-1,4,521
2,0,0,90909,0,absolute,node,18252,-1,-4,521
3,0,0,90909,0,absolute,node,255,-1,2,521
4,0,0,90909,0,absolute,node,21138,-1,-2,521
5,0,0,90909,0,absolute,node,16161,-1,1,521
6,0,0,90909,0,absolute,node,7241,-1,-1,521
7,0,0,90909,0,absolute,node,20847,-1,1,521
8,0,0,90909,0,absolute,node,21663,-1,-1,521
9,0,0,90909,0,absolute,node,4804,-1,4,521
10,0,0,90909,0,absolute,node,15343,-1,-4,521
11,0,0,90909,0,absolute,node,15516,-1,1,521
12,0,0,90909,0,absolute,node,13711,-1,-1,521
13,0,0,90909,0,absolute,node,14706,-1,1,521
14,0,0,90909,0,absolute,node,19879,-1,-1,521
15,0,0,90909,0,absolute,node,5455,-1,1,521
16,0,0,90909,0,absolute,node,22185,-1,-1,521
17,0,0,90909,0,absolute,node,11197,-1,1,521
18,0,0,90909,0,absolute,node,21292,-1,-1,521
19,0,0,90909,0,absolute,node,14926,-1,2,521
20,0,0,90909,0,absolute,node,7886,-1,-2,521
21,0,0,90909,0,absolute,node,20971,-1,1,521
22,0,0,90909,0,absolute,node,14213,-1,-1,521
23,0,0,90909,0,absolute,node,11686,-1,2,521
24,0,0,90909,0,absolute,node,8537,-1,-2,521
25,0,0,90909,0,absolute,node,2244,-1,1,521
26,0,0,90909,0,absolute,node,14424,-1,-1,521
27,0,0,90909,0,absolute,node,2262,-1,2,521
28,0,0,90909,0,absolute,node,10052,-1,-2,521
29,0,0,90909,0,absolute,node,12505,-1,1,521
30,0,0,90909,0,absolute,node,18112,-1,-1,521
31,0,0,90909,0,absolute,node,25500,-1,1,521
32,0,0,90909,0,absolute,node,12819,-1,-1,521
33,0,0,90909,0,absolute,node,10535,-1,1,521
34,0,0,90909,0,absolute,node,13955,-1,-1,521
35,0,0,90909,0,absolute,node,11559,-1,4,521
36,0,0,90909,0,absolute,node,19333,-1,-4,521
37,0,0,90909,0,absolute,node,1483,-1,3,521
38,0,0,90909,0,absolute,node,2858,-1,-3,521
39,0,0,90909,0,absolute,node,12725,-1,1,521
40,0,0,90909,0,absolute,node,16163,-1,-1,521
41,0,0,90909,0,absolute,node,16343,-1,5,521
42,0,0,90909,0,absolute,node,17860,-1,-5,521
43,0,0,90909,0,absolute,node,8420,-1,1,521
44,0,0,90909,0,absolute,node,7784,-1,-1,521
45,0,0,90909,0,absolute,node,2595,-1,3,521
46,0,0,90909,0,absolute,node,21030,-1,-3,521
47,0,0,90909,0,absolute,node,15190,-1,1,521
48,0,0,90909,0,absolute,node,11682,-1,-1,521
49,0,0,181818,0,absolute,node,10535,-1,1,521
50,0,0,181818,0,absolute,node,7258,-1,-1,521
51,0,0,181818,0,absolute,node,5730,-1,1,521
52,0,0,181818,0,absolute,node,17883,-1,-1,521
53,0,0,181818,0,absolute,node,26067,-1,1,521
54,0,0,181818,0,absolute,node,2128,-1,-1,521
55,0,0,181818,0,absolute,node,21030,-1,1,521
56,0,0,181818,0,absolute,node,7241,-1,-1,521
57,0,0,181818,0,absolute,node,9185,-1,2,521
58,0,0,181818,0,absolute,node,14213,-1,-2,521
59,0,0,181818,0,absolute,node,7886,-1,1,521
60,0,0,181818,0,absolute,node,21292,-1,-1,521
61,0,0,181818,0,absolute,node,1483,-1,2,521
62,0,0,181818,0,absolute,node,11559,-1,-2,521
63,0,0,181818,0,absolute,node,6135,-1,1,521
64,0,0,181818,0,absolute,node,16461,-1,-1,521
65,0,0,181818,0,absolute,node,20971,-1,1,521
66,0,0,181818,0,absolute,node,7784,-1,-1,521
67,0,0,181818,0,absolute,node,2657,-1,2,521
68,0,0,181818,0,absolute,node,11682,-1,-2,521
69,0,0,181818,0,absolute,node,24922,-1,1,521
70,0,0,181818,0,absolute,node,12505,-1,-1,521
71,0,0,181818,0,absolute,node,22185,-1,1,521
72,0,0,181818,0,absolute,node,10660,-1,-1,521
73,0,0,181818,0,absolute,node,2262,-1,1,521
74,0,0,181818,0,absolute,node,10316,-1,-1,521
75,0,0,181818,0,absolute,node,982,-1,4,521
76,0,0,181818,0,absolute,node,15343,-1,-4,521
77,0,0,181818,0,absolute,node,4182,-1,2,521
78,0,0,181818,0,absolute,node,10052,-1,-2,521
79,0,0,181818,0,absolute,node,9998,-1,4,521
80,0,0,181818,0,absolute,node,7241,-1,-4,521
81,0,0,181818,0,absolute,node,14926,-1,1,521
82,0,0,181818,0,absolute,node,9819,-1,-1,521
83,0,0,181818,0,absolute,node,18112,-1,1,521
84,0,0,181818,0,absolute,node,13459,-1,-1,521
85,0,0,181818,0,absolute,node,255,-1,1,521
86,0,0,181818,0,absolute,node,14873,-1,-1,521
87,0,0,181818,0,absolute,node,19333,-1,1,521
88,0,0,181818,0,absolute,node,7748,-1,-1,521
89,0,0,181818,0,absolute,node,16343,-1,2,521
90,0,0,181818,0,absolute,node,21138,-1,-2,521
91,0,0,181818,0,absolute,node,8537,-1,2,521
92,0,0,181818,0,absolute,node,25169,-1,-2,521
93,0,0,181818,0,absolute,node,16161,-1,4,521
94,0,0,181818,0,absolute,node,25336,-1,-4,521
95,0,0,181818,0,absolute,node,2244,-1,4,521
96,0,0,181818,0,absolute,node,17860,-1,-4,521
97,0,0,272727,0,absolute,node,14014,-1,1,521
98,0,0,272727,0,absolute,node,5730,-1,-1,521
99,0,0,272727,0,absolute,node,16163,-1,1,521
100,0,0,272727,0,absolute,node,22185,-1,-1,521
101,0,0,272727,0,absolute,node,4804,-1,1,521
102,0,0,272727,0,absolute,node,14926,-1,-1,521
103,0,0,272727,0,absolute,node,16478,-1,1,521
104,0,0,272727,0,absolute,node,13693,-1,-1,521
105,0,0,272727,0,absolute,node,19333,-1,1,521
106,0,0,272727,0,absolute,node,2657,-1,-1,521
107,0,0,272727,0,absolute,node,7886,-1,1,521
108,0,0,272727,0,absolute,node,15638,-1,-1,521
109,0,0,272727,0,absolute,node,2225,-1,2,521
110,0,0,272727,0,absolute,node,16225,-1,-2,521
111,0,0,272727,0,absolute,node,12505,-1,1,521
112,0,0,272727,0,absolute,node,13955,-1,-1,521
113,0,0,272727,0,absolute,node,7258,-1,2,521
114,0,0,272727,0,absolute,node,10052,-1,-2,521
115,0,0,272727,0,absolute,node,24922,-1,2,521
116,0,0,272727,0,absolute,node,11559,-1,-2,521
117,0,0,272727,0,absolute,node,5796,-1,2,521
118,0,0,272727,0,absolute,node,20162,-1,-2,521
119,0,0,272727,0,absolute,node,20971,-1,1,521
120,0,0,272727,0,absolute,node,16461,-1,-1,521
121,0,0,272727,0,absolute,node,2938,-1,4,521
122,0,0,272727,0,absolute,node,18252,-1,-4,521
123,0,0,272727,0,absolute,node,8420,-1,3,521
124,0,0,272727,0,absolute,node,2262,-1,-3,521
125,0,0,272727,0,absolute,node,3700,-1,1,521
126,0,0,272727,0,absolute,node,22185,-1,-1,521
127,0,0,272727,0,absolute,node,14873,-1,1,521
128,0,0,272727,0,absolute,node,255,-1,-1,521
129,0,0,272727,0,absolute,node,11686,-1,1,521
130,0,0,272727,0,absolute,node,3741,-1,-1,521
131,0,0,272727,0,absolute,node,15516,-1,4,521
132,0,0,272727,0,absolute,node,10535,-1,-4,521
133,0,0,272727,0,absolute,node,2595,-1,1,521
134,0,0,272727,0,absolute,node,10316,-1,-1,521
135,0,0,272727,0,absolute,node,7784,-1,2,521
136,0,0,272727,0,absolute,node,2657,-1,-2,521
137,0,0,272727,0,absolute,node,25549,-1,2,521
138,0,0,272727,0,absolute,node,2262,-1,-2,521
139,0,0,272727,0,absolute,node,14213,-1,3,521
140,0,0,272727,0,absolute,node,18333,-1,-3,521
141,0,0,272727,0,absolute,node,12819,-1,1,521
142,0,0,272727,0,absolute,node,10660,-1,-1,521
143,0,0,272727,0,absolute,node,5210,-1,1,521
144,0,0,272727,0,absolute,node,7241,-1,-1,521
145,0,0,363636,0,absolute,node,15343,-1,1,521
146,0,0,363636,0,absolute,node,16161,-1,-1,521
147,0,0,363636,0,absolute,node,4804,-1,1,521
148,0,0,363636,0,absolute,node,2787,-1,-1,521
149,0,0,363636,0,absolute,node,7241,-1,1,521
150,0,0,363636,0,absolute,node,7866,-1,-1,521
151,0,0,363636,0,absolute,node,10839,-1,1,521
152,0,0,363636,0,absolute,node,9998,-1,-1,521
153,0,0,363636,0,absolute,node,16343,-1,1,521
154,0,0,363636,0,absolute,node,7886,-1,-1,521
155,0,0,363636,0,absolute,node,9819,-1,1,521
156,0,0,363636,0,absolute,node,6961,-1,-1,521
157,0,0,363636,0,absolute,node,21030,-1,1,521
158,0,0,363636,0,absolute,node,21634,-1,-1,521
159,0,0,363636,0,absolute,node,255,-1,2,521
160,0,0,363636,0,absolute,node,9185,-1,-2,521
161,0,0,363636,0,absolute,node,2573,-1,2,521
162,0,0,363636,0,absolute,node,2858,-1,-2,521
163,0,0,363636,0,absolute,node,14424,-1,3,521
164,0,0,363636,0,absolute,node,25336,-1,-3,521
165,0,0,363636,0,absolute,node,19210,-1,2,521
166,0,0,363636,0,absolute,node,18333,-1,-2,521
167,0,0,363636,0,absolute,node,982,-1,1,521
168,0,0,363636,0,absolute,node,9998,-1,-1,521
169,0,0,363636,0,absolute,node,3700,-1,1,521
170,0,0,363636,0,absolute,node,13711,-1,-1,521
171,0,0,363636,0,absolute,node,5176,-1,1,521
172,0,0,363636,0,absolute,node,14213,-1,-1,521
173,0,0,363636,0,absolute,node,4823,-1,1,521
174,0,0,363636,0,absolute,node,6961,-1,-1,521
175,0,0,363636,0,absolute,node,14014,-1,2,521
176,0,0,363636,0,absolute,node,6135,-1,-2,521
177,0,0,363636,0,absolute,node,3741,-1,1,521
178,0,0,363636,0,absolute,node,14926,-1,-1,521
179,0,0,363636,0,absolute,node,10316,-1,2,521
180,0,0,363636,0,absolute,node,5210,-1,-2,521
181,0,0,363636,0,absolute,node,18252,-1,1,521
182,0,0,363636,0,absolute,node,2657,-1,-1,521
183,0,0,363636,0,absolute,node,13955,-1,1,521
184,0,0,363636,0,absolute,node,7258,-1,-1,521
185,0,0,363636,0,absolute,node,11559,-1,1,521
186,0,0,363636,0,absolute,node,12819,-1,-1,521
187,0,0,363636,0,absolute,node,25169,-1,3,521
188,0,0,363636,0,absolute,node,20971,-1,-3,521
189,0,0,363636,0,absolute,node,10052,-1,1,521
190,0,0,363636,0,absolute,node,2428,-1,-1,521
191,0,0,363636,0,absolute,node,2938,-1,1,521
192,0,0,363636,0,absolute,node,8694,-1,-1,521
193,0,0,454545,0,absolute,node,7784,-1,3,521
194,0,0,454545,0,absolute,node,5210,-1,-3,521
195,0,0,454545,0,absolute,node,5176,-1,2,521
196,0,0,454545,0,absolute,node,10176,-1,-2,521
197,0,0,454545,0,absolute,node,15343,-1,3,521
198,0,0,454545,0,absolute,node,20561,-1,-3,521
199,0,0,454545,0,absolute,node,21663,-1,2,521
200,0,0,454545,0,absolute,node,5455,-1,-2,521
201,0,0,454545,0,absolute,node,16478,-1,1,521
202,0,0,454545,0,absolute,node,17883,-1,-1,521
203,0,0,454545,0,absolute,node,16225,-1,3,521
204,0,0,454545,0,absolute,node,2938,-1,-3,521
205,0,0,454545,0,absolute,node,21292,-1,2,521
206,0,0,454545,0,absolute,node,9185,-1,-2,521
207,0,0,454545,0,absolute,node,4823,-1,1,521
208,0,0,454545,0,absolute,node,14014,-1,-1,521
209,0,0,454545,0,absolute,node,2428,-1,2,521
210,0,0,454545,0,absolute,node,10052,-1,-2,521
211,0,0,454545,0,absolute,node,2128,-1,3,521
212,0,0,454545,0,absolute,node,25549,-1,-3,521
213,0,0,454545,0,absolute,node,24922,-1,1,521
214,0,0,454545,0,absolute,node,22185,-1,-1,521
215,0,0,454545,0,absolute,node,16163,-1,1,521
216,0,0,454545,0,absolute,node,9998,-1,-1,521
217,0,0,454545,0,absolute,node,14873,-1,1,521
218,0,0,454545,0,absolute,node,18112,-1,-1,521
219,0,0,454545,0,absolute,node,3700,-1,2,521
220,0,0,454545,0,absolute,node,5210,-1,-2,521
221,0,0,454545,0,absolute,node,11682,-1,1,521
222,0,0,454545,0,absolute,node,8968,-1,-1,521
223,0,0,454545,0,absolute,node,21634,-1,4,521
224,0,0,454545,0,absolute,node,1483,-1,-4,521
225,0,0,454545,0,absolute,node,21030,-1,1,521
226,0,0,454545,0,absolute,node,982,-1,-1,521
227,0,0,454545,0,absolute,node,4182,-1,2,521
228,0,0,454545,0,absolute,node,14428,-1,-2,521
229,0,0,454545,0,absolute,node,6135,-1,1,521
230,0,0,454545,0,absolute,node,9819,-1,-1,521
231,0,0,454545,0,absolute,node,7886,-1,1,521
232,0,0,454545,0,absolute,node,8078,-1,-1,521
233,0,0,454545,0,absolute,node,5796,-1,1,521
234,0,0,454545,0,absolute,node,7258,-1,-1,521
235,0,0,454545,0,absolute,node,11686,-1,1,521
236,0,0,454545,0,absolute,node,7258,-1,-1,521
237,0,0,454545,0,absolute,node,14424,-1,2,521
238,0,0,454545,0,absolute,node,20561,-1,-2,521
239,0,0,454545,0,absolute,node,2244,-1,2,521
240,0,0,454545,0,absolute,node,14428,-1,-2,521
241,0,0,545454,0,absolute,node,15638,-1,2,521
242,0,0,545454,0,absolute,node,5796,-1,-2,521
243,0,0,545454,0,absolute,node,8968,-1,3,521
244,0,0,545454,0,absolute,node,5455,-1,-3,521
245,0,0,545454,0,absolute,node,24922,-1,1,521
246,0,0,545454,0,absolute,node,21634,-1,-1,521
247,0,0,545454,0,absolute,node,17883,-1,1,521
248,0,0,545454,0,absolute,node,7748,-1,-1,521
249,0,0,545454,0,absolute,node,10660,-1,1,521
250,0,0,545454,0,absolute,node,2573,-1,-1,521
251,0,0,545454,0,absolute,node,16161,-1,2,521
252,0,0,545454,0,absolute,node,982,-1,-2,521
253,0,0,545454,0,absolute,node,19333,-1,2,521
254,0,0,545454,0,absolute,node,2428,-1,-2,521
255,0,0,545454,0,absolute,node,11197,-1,1,521
256,0,0,545454,0,absolute,node,12725,-1,-1,521
257,0,0,545454,0,absolute,node,13459,-1,3,521
258,0,0,545454,0,absolute,node,20162,-1,-3,521
259,0,0,545454,0,absolute,node,8420,-1,5,521
260,0,0,545454,0,absolute,node,6961,-1,-5,521
261,0,0,545454,0,absolute,node,2225,-1,3,521
262,0,0,545454,0,absolute,node,14873,-1,-3,521
263,0,0,545454,0,absolute,node,10316,-1,1,521
264,0,0,545454,0,absolute,node,20162,-1,-1,521
265,0,0,545454,0,absolute,node,11559,-1,1,521
266,0,0,545454,0,absolute,node,13955,-1,-1,521
267,0,0,545454,0,absolute,node,14014,-1,1,521
268,0,0,545454,0,absolute,node,21292,-1,-1,521
269,0,0,545454,0,absolute,node,25169,-1,1,521
270,0,0,545454,0,absolute,node,18252,-1,-1,521
271,0,0,545454,0,absolute,node,15343,-1,3,521
272,0,0,545454,0,absolute,node,25500,-1,-3,521
273,0,0,545454,0,absolute,node,18698,-1,1,521
274,0,0,545454,0,absolute,node,5455,-1,-1,521
275,0,0,545454,0,absolute,node,14926,-1,1,521
276,0,0,545454,0,absolute,node,2428,-1,-1,521
277,0,0,545454,0,absolute,node,12819,-1,1,521
278,0,0,545454,0,absolute,node,5176,-1,-1,521
279,0,0,545454,0,absolute,node,4823,-1,2,521
280,0,0,545454,0,absolute,node,11686,-1,-2,521
281,0,0,545454,0,absolute,node,4804,-1,2,521
282,0,0,545454,0,absolute,node,5796,-1,-2,521
283,0,0,545454,0,absolute,node,10535,-1,2,521
284,0,0,545454,0,absolute,node,7748,-1,-2,521
285,0,0,545454,0,absolute,node,16461,-1,2,521
286,0,0,545454,0,absolute,node,21030,-1,-2,521
287,0,0,545454,0,absolute,node,26067,-1,1,521
288,0,0,545454,0,absolute,node,10176,-1,-1,521
289,0,0,636363,0,absolute,node,13693,-1,1,521
290,0,0,636363,0,absolute,node,3700,-1,-1,521
291,0,0,636363,0,absolute,node,2225,-1,1,521
292,0,0,636363,0,absolute,node,2128,-1,-1,521
293,0,0,636363,0,absolute,node,14213,-1,2,521
294,0,0,636363,0,absolute,node,2262,-1,-2,521
295,0,0,636363,0,absolute,node,19333,-1,4,521
296,0,0,636363,0,absolute,node,1483,-1,-4,521
297,0,0,636363,0,absolute,node,15516,-1,1,521
298,0,0,636363,0,absolute,node,15190,-1,-1,521
299,0,0,636363,0,absolute,node,982,-1,3,521
300,0,0,636363,0,absolute,node,22185,-1,-3,521
301,0,0,636363,0,absolute,node,15343,-1,2,521
302,0,0,636363,0,absolute,node,19210,-1,-2,521
303,0,0,636363,0,absolute,node,3741,-1,2,521
304,0,0,636363,0,absolute,node,25549,-1,-2,521
305,0,0,636363,0,absolute,node,7866,-1,1,521
306,0,0,636363,0,absolute,node,20971,-1,-1,521
307,0,0,636363,0,absolute,node,9998,-1,1,521
308,0,0,636363,0,absolute,node,8078,-1,-1,521
309,0,0,636363,0,absolute,node,20162,-1,3,521
310,0,0,636363,0,absolute,node,11197,-1,-3,521
311,0,0,636363,0,absolute,node,17860,-1,3,521
312,0,0,636363,0,absolute,node,11197,-1,-3,521
313,0,0,636363,0,absolute,node,14706,-1,1,521
314,0,0,636363,0,absolute,node,16461,-1,-1,521
315,0,0,636363,0,absolute,node,18252,-1,2,521
316,0,0,636363,0,absolute,node,16478,-1,-2,521
317,0,0,636363,0,absolute,node,13711,-1,4,521
318,0,0,636363,0,absolute,node,18698,-1,-4,521
319,0,0,636363,0,absolute,node,15638,-1,4,521
320,0,0,636363,0,absolute,node,4804,-1,-4,521
321,0,0,636363,0,absolute,node,8968,-1,1,521
322,0,0,636363,0,absolute,node,21663,-1,-1,521
323,0,0,636363,0,absolute,node,5455,-1,1,521
324,0,0,636363,0,absolute,node,8078,-1,-1,521
325,0,0,636363,0,absolute,node,16343,-1,2,521
326,0,0,636363,0,absolute,node,18333,-1,-2,521
327,0,0,636363,0,absolute,node,11686,-1,1,521
328,0,0,636363,0,absolute,node,2128,-1,-1,521
329,0,0,636363,0,absolute,node,16161,-1,2,521
330,0,0,636363,0,absolute,node,7784,-1,-2,521
331,0,0,636363,0,absolute,node,7886,-1,1,521
332,0,0,636363,0,absolute,node,10052,-1,-1,521
333,0,0,636363,0,absolute,node,10535,-1,3,521
334,0,0,636363,0,absolute,node,19879,-1,-3,521
335,0,0,636363,0,absolute,node,16225,-1,3,521
336,0,0,636363,0,absolute,node,7748,-1,-3,521
337,0,0,727272,0,absolute,node,14014,-1,3,521
338,0,0,727272,0,absolute,node,5796,-1,-3,521
339,0,0,727272,0,absolute,node,1483,-1,1,521
340,0,0,727272,0,absolute,node,12505,-1,-1,521
341,0,0,727272,0,absolute,node,8694,-1,2,521
342,0,0,727272,0,absolute,node,7866,-1,-2,521
343,0,0,727272,0,absolute,node,11686,-1,1,521
344,0,0,727272,0,absolute,node,9998,-1,-1,521
345,0,0,727272,0,absolute,node,24922,-1,4,521
346,0,0,727272,0,absolute,node,16225,-1,-4,521
347,0,0,727272,0,absolute,node,14213,-1,1,521
348,0,0,727272,0,absolute,node,8420,-1,-1,521
349,0,0,727272,0,absolute,node,22185,-1,5,521
350,0,0,727272,0,absolute,node,20971,-1,-5,521
351,0,0,727272,0,absolute,node,11559,-1,4,521
352,0,0,727272,0,absolute,node,21138,-1,-4,521
353,0,0,727272,0,absolute,node,10660,-1,1,521
354,0,0,727272,0,absolute,node,8078,-1,-1,521
355,0,0,727272,0,absolute,node,3700,-1,2,521
356,0,0,727272,0,absolute,node,13693,-1,-2,521
357,0,0,727272,0,absolute,node,13711,-1,1,521
358,0,0,727272,0,absolute,node,21634,-1,-1,521
359,0,0,727272,0,absolute,node,16161,-1,1,521
360,0,0,727272,0,absolute,node,25500,-1,-1,521
361,0,0,727272,0,absolute,node,11197,-1,1,521
362,0,0,727272,0,absolute,node,14926,-1,-1,521
363,0,0,727272,0,absolute,node,14873,-1,1,521
364,0,0,727272,0,absolute,node,982,-1,-1,521
365,0,0,727272,0,absolute,node,19333,-1,2,521
366,0,0,727272,0,absolute,node,10316,-1,-2,521
367,0,0,727272,0,absolute,node,4823,-1,2,521
368,0,0,727272,0,absolute,node,17883,-1,-2,521
369,0,0,727272,0,absolute,node,7784,-1,3,521
370,0,0,727272,0,absolute,node,2262,-1,-3,521
371,0,0,727272,0,absolute,node,10176,-1,1,521
372,0,0,727272,0,absolute,node,2787,-1,-1,521
373,0,0,727272,0,absolute,node,19210,-1,1,521
374,0,0,727272,0,absolute,node,2244,-1,-1,521
375,0,0,727272,0,absolute,node,16478,-1,3,521
376,0,0,727272,0,absolute,node,16163,-1,-3,521
377,0,0,727272,0,absolute,node,17860,-1,2,521
378,0,0,727272,0,absolute,node,9185,-1,-2,521
379,0,0,727272,0,absolute,node,20561,-1,1,521
380,0,0,727272,0,absolute,node,2428,-1,-1,521
381,0,0,727272,0,absolute,node,16343,-1,1,521
382,0,0,727272,0,absolute,node,21634,-1,-1,521
383,0,0,727272,0,absolute,node,2225,-1,3,521
384,0,0,727272,0,absolute,node,25500,-1,-3,521
385,0,0,818181,0,absolute,node,2657,-1,1,521
386,0,0,818181,0,absolute,node,2938,-1,-1,521
387,0,0,818181,0,absolute,node,22185,-1,1,521
388,0,0,818181,0,absolute,node,13711,-1,-1,521
389,0,0,818181,0,absolute,node,24922,-1,2,521
390,0,0,818181,0,absolute,node,15516,-1,-2,521
391,0,0,818181,0,absolute,node,10660,-1,3,521
392,0,0,818181,0,absolute,node,2938,-1,-3,521
393,0,0,818181,0,absolute,node,2428,-1,1,521
394,0,0,818181,0,absolute,node,9998,-1,-1,521
395,0,0,818181,0,absolute,node,17860,-1,1,521
396,0,0,818181,0,absolute,node,13711,-1,-1,521
397,0,0,818181,0,absolute,node,20847,-1,2,521
398,0,0,818181,0,absolute,node,5455,-1,-2,521
399,0,0,818181,0,absolute,node,16461,-1,1,521
400,0,0,818181,0,absolute,node,18112,-1,-1,521
401,0,0,818181,0,absolute,node,11686,-1,2,521
402,0,0,818181,0,absolute,node,21030,-1,-2,521
403,0,0,818181,0,absolute,node,9819,-1,1,521
404,0,0,818181,0,absolute,node,18112,-1,-1,521
405,0,0,818181,0,absolute,node,2262,-1,1,521
406,0,0,818181,0,absolute,node,21634,-1,-1,521
407,0,0,818181,0,absolute,node,7258,-1,3,521
408,0,0,818181,0,absolute,node,4804,-1,-3,521
409,0,0,818181,0,absolute,node,3700,-1,2,521
410,0,0,818181,0,absolute,node,19879,-1,-2,521
411,0,0,818181,0,absolute,node,25169,-1,2,521
412,0,0,818181,0,absolute,node,13693,-1,-2,521
413,0,0,818181,0,absolute,node,16225,-1,1,521
414,0,0,818181,0,absolute,node,15638,-1,-1,521
415,0,0,818181,0,absolute,node,14926,-1,2,521
416,0,0,818181,0,absolute,node,5730,-1,-2,521
417,0,0,818181,0,absolute,node,17883,-1,1,521
418,0,0,818181,0,absolute,node,20162,-1,-1,521
419,0,0,818181,0,absolute,node,18698,-1,4,521
420,0,0,818181,0,absolute,node,19333,-1,-4,521
421,0,0,818181,0,absolute,node,982,-1,3,521
422,0,0,818181,0,absolute,node,7886,-1,-3,521
423,0,0,818181,0,absolute,node,6135,-1,2,521
424,0,0,818181,0,absolute,node,11682,-1,-2,521
425,0,0,818181,0,absolute,node,15190,-1,5,521
426,0,0,818181,0,absolute,node,14873,-1,-5,521
427,0,0,818181,0,absolute,node,10535,-1,1,521
428,0,0,818181,0,absolute,node,4182,-1,-1,521
429,0,0,818181,0,absolute,node,21292,-1,2,521
430,0,0,818181,0,absolute,node,8968,-1,-2,521
431,0,0,818181,0,absolute,node,3741,-1,3,521
432,0,0,818181,0,absolute,node,19210,-1,-3,521
433,0,0,909090,0,absolute,node,24922,-1,1,521
434,0,0,909090,0,absolute,node,10839,-1,-1,521
435,0,0,909090,0,absolute,node,18698,-1,2,521
436,0,0,909090,0,absolute,node,2595,-1,-2,521
437,0,0,909090,0,absolute,node,2128,-1,4,521
438,0,0,909090,0,absolute,node,10535,-1,-4,521
439,0,0,909090,0,absolute,node,21634,-1,1,521
440,0,0,909090,0,absolute,node,15638,-1,-1,521
441,0,0,909090,0,absolute,node,21663,-1,4,521
442,0,0,909090,0,absolute,node,10535,-1,-4,521
443,0,0,909090,0,absolute,node,18252,-1,2,521
444,0,0,909090,0,absolute,node,11197,-1,-2,521
445,0,0,909090,0,absolute,node,16478,-1,3,521
446,0,0,909090,0,absolute,node,2938,-1,-3,521
447,0,0,909090,0,absolute,node,2858,-1,1,521
448,0,0,909090,0,absolute,node,14213,-1,-1,521
449,0,0,909090,0,absolute,node,4804,-1,1,521
450,0,0,909090,0,absolute,node,8694,-1,-1,521
451,0,0,909090,0,absolute,node,21292,-1,1,521
452,0,0,909090,0,absolute,node,2595,-1,-1,521
453,0,0,909090,0,absolute,node,19210,-1,1,521
454,0,0,909090,0,absolute,node,2244,-1,-1,521
455,0,0,909090,0,absolute,node,20971,-1,1,521
456,0,0,909090,0,absolute,node,2428,-1,-1,521
457,0,0,909090,0,absolute,node,25500,-1,2,521
458,0,0,909090,0,absolute,node,20162,-1,-2,521
459,0,0,909090,0,absolute,node,16225,-1,1,521
460,0,0,909090,0,absolute,node,12819,-1,-1,521
461,0,0,909090,0,absolute,node,5455,-1,1,521
462,0,0,909090,0,absolute,node,6961,-1,-1,521
463,0,0,909090,0,absolute,node,2225,-1,1,521
464,0,0,909090,0,absolute,node,9998,-1,-1,521
465,0,0,909090,0,absolute,node,9819,-1,1,521
466,0,0,909090,0,absolute,node,13711,-1,-1,521
467,0,0,909090,0,absolute,node,255,-1,1,521
468,0,0,909090,0,absolute,node,3741,-1,-1,521
469,0,0,909090,0,absolute,node,11682,-1,1,521
470,0,0,909090,0,absolute,node,16461,-1,-1,521
471,0,0,909090,0,absolute,node,8968,-1,1,521
472,0,0,909090,0,absolute,node,13459,-1,-1,521
473,0,0,909090,0,absolute,node,15343,-1,1,521
474,0,0,909090,0,absolute,node,2244,-1,-1,521
475,0,0,909090,0,absolute,node,12725,-1,1,521
476,0,0,909090,0,absolute,node,5796,-1,-1,521
477,0,0,909090,0,absolute,node,13693,-1,1,521
478,0,0,909090,0,absolute,node,15190,-1,-1,521
479,0,0,909090,0,absolute,node,16161,-1,5,521
480,0,0,909090,0,absolute,node,982,-1,-5,521
