changeID,absoluteTime,evaluation,bitVector,distanceEvaluation,typeOfChange,affected,affectedID1,affectedID2,change,totalAfterChange
0,0,0,0,0,,,-1,-1,0,521
1,0,0,38461,0,absolute,node,55573,-1,1,521
2,0,0,38461,0,absolute,node,132982,-1,-1,521
3,0,0,38461,0,absolute,node,128069,-1,3,521
4,0,0,38461,0,absolute,node,2951,-1,-3,521
5,0,0,76923,0,absolute,node,181377,-1,1,521
6,0,0,76923,0,absolute,node,117203,-1,-1,521
7,0,0,76923,0,absolute,node,106966,-1,1,521
8,0,0,76923,0,absolute,node,198588,-1,-1,521
9,0,0,115384,0,absolute,node,127465,-1,1,521
10,0,0,115384,0,absolute,node,128069,-1,-1,521
11,0,0,115384,0,absolute,node,18026,-1,1,521
12,0,0,115384,0,absolute,node,189534,-1,-1,521
13,0,0,153846,0,absolute,node,145672,-1,1,521
14,0,0,153846,0,absolute,node,69420,-1,-1,521
15,0,0,153846,0,absolute,node,42751,-1,2,521
16,0,0,153846,0,absolute,node,186701,-1,-2,521
17,0,0,192307,0,absolute,node,128868,-1,1,521
18,0,0,192307,0,absolute,node,38373,-1,-1,521
19,0,0,192307,0,absolute,node,32278,-1,1,521
20,0,0,192307,0,absolute,node,29757,-1,-1,521
21,0,0,230769,0,absolute,node,147922,-1,1,521
22,0,0,230769,0,absolute,node,201533,-1,-1,521
23,0,0,230769,0,absolute,node,196073,-1,1,521
24,0,0,230769,0,absolute,node,17037,-1,-1,521
25,0,0,269230,0,absolute,node,206379,-1,4,521
26,0,0,269230,0,absolute,node,11322,-1,-4,521
27,0,0,269230,0,absolute,node,182998,-1,3,521
28,0,0,269230,0,absolute,node,11401,-1,-3,521
29,0,0,307692,0,absolute,node,32278,-1,1,521
30,0,0,307692,0,absolute,node,52853,-1,-1,521
31,0,0,307692,0,absolute,node,138338,-1,1,521
32,0,0,307692,0,absolute,node,8103,-1,-1,521
33,0,0,346153,0,absolute,node,24394,-1,1,521
34,0,0,346153,0,absolute,node,144856,-1,-1,521
35,0,0,346153,0,absolute,node,91433,-1,5,521
36,0,0,346153,0,absolute,node,163010,-1,-5,521
37,0,0,384615,0,absolute,node,14420,-1,1,521
38,0,0,384615,0,absolute,node,17037,-1,-1,521
39,0,0,384615,0,absolute,node,32278,-1,1,521
40,0,0,384615,0,absolute,node,55912,-1,-1,521
41,0,0,423076,0,absolute,node,207885,-1,2,521
42,0,0,423076,0,absolute,node,91433,-1,-2,521
43,0,0,423076,0,absolute,node,20476,-1,1,521
44,0,0,423076,0,absolute,node,171483,-1,-1,521
45,0,0,461538,0,absolute,node,52245,-1,1,521
46,0,0,461538,0,absolute,node,137817,-1,-1,521
47,0,0,461538,0,absolute,node,123811,-1,2,521
48,0,0,461538,0,absolute,node,166003,-1,-2,521
49,0,0,5e+05,0,absolute,node,198588,-1,2,521
50,0,0,5e+05,0,absolute,node,210590,-1,-2,521
51,0,0,5e+05,0,absolute,node,111217,-1,2,521
52,0,0,5e+05,0,absolute,node,39028,-1,-2,521
53,0,0,538461,0,absolute,node,140569,-1,1,521
54,0,0,538461,0,absolute,node,62965,-1,-1,521
55,0,0,538461,0,absolute,node,91433,-1,1,521
56,0,0,538461,0,absolute,node,8662,-1,-1,521
57,0,0,576923,0,absolute,node,190136,-1,1,521
58,0,0,576923,0,absolute,node,1408,-1,-1,521
59,0,0,576923,0,absolute,node,83571,-1,1,521
60,0,0,576923,0,absolute,node,141530,-1,-1,521
61,0,0,615384,0,absolute,node,17037,-1,2,521
62,0,0,615384,0,absolute,node,44970,-1,-2,521
63,0,0,615384,0,absolute,node,138338,-1,1,521
64,0,0,615384,0,absolute,node,128069,-1,-1,521
65,0,0,653846,0,absolute,node,123578,-1,2,521
66,0,0,653846,0,absolute,node,128868,-1,-2,521
67,0,0,653846,0,absolute,node,38373,-1,1,521
68,0,0,653846,0,absolute,node,159833,-1,-1,521
69,0,0,692307,0,absolute,node,126263,-1,2,521
70,0,0,692307,0,absolute,node,141530,-1,-2,521
71,0,0,692307,0,absolute,node,55573,-1,3,521
72,0,0,692307,0,absolute,node,18508,-1,-3,521
73,0,0,730769,0,absolute,node,127465,-1,1,521
74,0,0,730769,0,absolute,node,14420,-1,-1,521
75,0,0,730769,0,absolute,node,55721,-1,1,521
76,0,0,730769,0,absolute,node,128868,-1,-1,521
77,0,0,769230,0,absolute,node,9155,-1,3,521
78,0,0,769230,0,absolute,node,207885,-1,-3,521
79,0,0,769230,0,absolute,node,56335,-1,1,521
80,0,0,769230,0,absolute,node,10769,-1,-1,521
81,0,0,807692,0,absolute,node,183912,-1,2,521
82,0,0,807692,0,absolute,node,189364,-1,-2,521
83,0,0,807692,0,absolute,node,170819,-1,1,521
84,0,0,807692,0,absolute,node,206663,-1,-1,521
85,0,0,846153,0,absolute,node,189534,-1,1,521
86,0,0,846153,0,absolute,node,198588,-1,-1,521
87,0,0,846153,0,absolute,node,170819,-1,3,521
88,0,0,846153,0,absolute,node,210590,-1,-3,521
89,0,0,884615,0,absolute,node,140569,-1,1,521
90,0,0,884615,0,absolute,node,206379,-1,-1,521
91,0,0,884615,0,absolute,node,173513,-1,1,521
92,0,0,884615,0,absolute,node,20476,-1,-1,521
93,0,0,923076,0,absolute,node,29757,-1,1,521
94,0,0,923076,0,absolute,node,140569,-1,-1,521
95,0,0,923076,0,absolute,node,138338,-1,3,521
96,0,0,923076,0,absolute,node,137817,-1,-3,521
97,0,0,961538,0,absolute,node,106966,-1,1,521
98,0,0,961538,0,absolute,node,14420,-1,-1,521
99,0,0,961538,0,absolute,node,201533,-1,5,521
100,0,0,961538,0,absolute,node,11322,-1,-5,521
