changeID,absoluteTime,evaluation,bitVector,distanceEvaluation,typeOfChange,affected,affectedID1,affectedID2,change,totalAfterChange
0,0,0,0,0,,,-1,-1,0,530
1,0,0,38461,0,absolute,node,58608,-1,1,530
2,0,0,38461,0,absolute,node,120860,-1,-1,530
3,0,0,38461,0,absolute,node,124893,-1,1,530
4,0,0,38461,0,absolute,node,54274,-1,-1,530
5,0,0,76923,0,absolute,node,206943,-1,1,530
6,0,0,76923,0,absolute,node,74429,-1,-1,530
7,0,0,76923,0,absolute,node,197252,-1,1,530
8,0,0,76923,0,absolute,node,166183,-1,-1,530
9,0,0,115384,0,absolute,node,47894,-1,3,530
10,0,0,115384,0,absolute,node,74429,-1,-3,530
11,0,0,115384,0,absolute,node,142271,-1,1,530
12,0,0,115384,0,absolute,node,54274,-1,-1,530
13,0,0,153846,0,absolute,node,124893,-1,1,530
14,0,0,153846,0,absolute,node,67613,-1,-1,530
15,0,0,153846,0,absolute,node,99996,-1,1,530
16,0,0,153846,0,absolute,node,152321,-1,-1,530
17,0,0,192307,0,absolute,node,48067,-1,3,530
18,0,0,192307,0,absolute,node,58572,-1,-3,530
19,0,0,192307,0,absolute,node,41682,-1,1,530
20,0,0,192307,0,absolute,node,116531,-1,-1,530
21,0,0,230769,0,absolute,node,120719,-1,2,530
22,0,0,230769,0,absolute,node,377,-1,-2,530
23,0,0,230769,0,absolute,node,206943,-1,1,530
24,0,0,230769,0,absolute,node,128220,-1,-1,530
25,0,0,269230,0,absolute,node,100222,-1,1,530
26,0,0,269230,0,absolute,node,468,-1,-1,530
27,0,0,269230,0,absolute,node,185722,-1,4,530
28,0,0,269230,0,absolute,node,28637,-1,-4,530
29,0,0,307692,0,absolute,node,197252,-1,3,530
30,0,0,307692,0,absolute,node,58608,-1,-3,530
31,0,0,307692,0,absolute,node,43841,-1,1,530
32,0,0,307692,0,absolute,node,99996,-1,-1,530
33,0,0,346153,0,absolute,node,58031,-1,2,530
34,0,0,346153,0,absolute,node,168155,-1,-2,530
35,0,0,346153,0,absolute,node,5409,-1,4,530
36,0,0,346153,0,absolute,node,117786,-1,-4,530
37,0,0,384615,0,absolute,node,205098,-1,1,530
38,0,0,384615,0,absolute,node,80085,-1,-1,530
39,0,0,384615,0,absolute,node,95753,-1,1,530
40,0,0,384615,0,absolute,node,153007,-1,-1,530
41,0,0,423076,0,absolute,node,122505,-1,2,530
42,0,0,423076,0,absolute,node,60047,-1,-2,530
43,0,0,423076,0,absolute,node,75655,-1,2,530
44,0,0,423076,0,absolute,node,113163,-1,-2,530
45,0,0,461538,0,absolute,node,63836,-1,1,530
46,0,0,461538,0,absolute,node,6423,-1,-1,530
47,0,0,461538,0,absolute,node,54621,-1,3,530
48,0,0,461538,0,absolute,node,6423,-1,-3,530
49,0,0,5e+05,0,absolute,node,142271,-1,2,530
50,0,0,5e+05,0,absolute,node,156486,-1,-2,530
51,0,0,5e+05,0,absolute,node,120719,-1,2,530
52,0,0,5e+05,0,absolute,node,82700,-1,-2,530
53,0,0,538461,0,absolute,node,196471,-1,4,530
54,0,0,538461,0,absolute,node,17230,-1,-4,530
55,0,0,538461,0,absolute,node,48067,-1,3,530
56,0,0,538461,0,absolute,node,145682,-1,-3,530
57,0,0,576923,0,absolute,node,40635,-1,2,530
58,0,0,576923,0,absolute,node,74312,-1,-2,530
59,0,0,576923,0,absolute,node,152840,-1,1,530
60,0,0,576923,0,absolute,node,200474,-1,-1,530
61,0,0,615384,0,absolute,node,142271,-1,1,530
62,0,0,615384,0,absolute,node,152840,-1,-1,530
63,0,0,615384,0,absolute,node,25612,-1,1,530
64,0,0,615384,0,absolute,node,164631,-1,-1,530
65,0,0,653846,0,absolute,node,74429,-1,3,530
66,0,0,653846,0,absolute,node,15693,-1,-3,530
67,0,0,653846,0,absolute,node,48067,-1,2,530
68,0,0,653846,0,absolute,node,47894,-1,-2,530
69,0,0,692307,0,absolute,node,9996,-1,2,530
70,0,0,692307,0,absolute,node,109194,-1,-2,530
71,0,0,692307,0,absolute,node,149857,-1,1,530
72,0,0,692307,0,absolute,node,9289,-1,-1,530
73,0,0,730769,0,absolute,node,25612,-1,1,530
74,0,0,730769,0,absolute,node,62289,-1,-1,530
75,0,0,730769,0,absolute,node,113163,-1,2,530
76,0,0,730769,0,absolute,node,47894,-1,-2,530
77,0,0,769230,0,absolute,node,67613,-1,1,530
78,0,0,769230,0,absolute,node,120860,-1,-1,530
79,0,0,769230,0,absolute,node,23046,-1,1,530
80,0,0,769230,0,absolute,node,207133,-1,-1,530
81,0,0,807692,0,absolute,node,17230,-1,2,530
82,0,0,807692,0,absolute,node,95854,-1,-2,530
83,0,0,807692,0,absolute,node,168155,-1,2,530
84,0,0,807692,0,absolute,node,197252,-1,-2,530
85,0,0,846153,0,absolute,node,99996,-1,1,530
86,0,0,846153,0,absolute,node,14298,-1,-1,530
87,0,0,846153,0,absolute,node,48067,-1,1,530
88,0,0,846153,0,absolute,node,37862,-1,-1,530
89,0,0,884615,0,absolute,node,6423,-1,1,530
90,0,0,884615,0,absolute,node,68391,-1,-1,530
91,0,0,884615,0,absolute,node,117786,-1,1,530
92,0,0,884615,0,absolute,node,112767,-1,-1,530
93,0,0,923076,0,absolute,node,120719,-1,2,530
94,0,0,923076,0,absolute,node,138688,-1,-2,530
95,0,0,923076,0,absolute,node,152840,-1,5,530
96,0,0,923076,0,absolute,node,95438,-1,-5,530
97,0,0,961538,0,absolute,node,5409,-1,1,530
98,0,0,961538,0,absolute,node,100222,-1,-1,530
99,0,0,961538,0,absolute,node,67613,-1,1,530
100,0,0,961538,0,absolute,node,152840,-1,-1,530
