changeID,absoluteTime,evaluation,bitVector,distanceEvaluation,typeOfChange,affected,affectedID1,affectedID2,change,totalAfterChange
0,0,0,0,0,,,-1,-1,0,562
1,0,0,38461,0,absolute,node,24319,-1,1,562
2,0,0,38461,0,absolute,node,17344,-1,-1,562
3,0,0,38461,0,absolute,node,2375,-1,1,562
4,0,0,38461,0,absolute,node,23417,-1,-1,562
5,0,0,76923,0,absolute,node,21101,-1,2,562
6,0,0,76923,0,absolute,node,7969,-1,-2,562
7,0,0,76923,0,absolute,node,3124,-1,1,562
8,0,0,76923,0,absolute,node,19577,-1,-1,562
9,0,0,115384,0,absolute,node,19694,-1,1,562
10,0,0,115384,0,absolute,node,10601,-1,-1,562
11,0,0,115384,0,absolute,node,2903,-1,1,562
12,0,0,115384,0,absolute,node,13030,-1,-1,562
13,0,0,153846,0,absolute,node,7081,-1,2,562
14,0,0,153846,0,absolute,node,19723,-1,-2,562
15,0,0,153846,0,absolute,node,13030,-1,2,562
16,0,0,153846,0,absolute,node,25751,-1,-2,562
17,0,0,192307,0,absolute,node,9675,-1,1,562
18,0,0,192307,0,absolute,node,24295,-1,-1,562
19,0,0,192307,0,absolute,node,10096,-1,3,562
20,0,0,192307,0,absolute,node,21693,-1,-3,562
21,0,0,230769,0,absolute,node,10503,-1,1,562
22,0,0,230769,0,absolute,node,14894,-1,-1,562
23,0,0,230769,0,absolute,node,23682,-1,2,562
24,0,0,230769,0,absolute,node,19458,-1,-2,562
25,0,0,269230,0,absolute,node,19779,-1,1,562
26,0,0,269230,0,absolute,node,11945,-1,-1,562
27,0,0,269230,0,absolute,node,1577,-1,1,562
28,0,0,269230,0,absolute,node,16464,-1,-1,562
29,0,0,307692,0,absolute,node,17344,-1,1,562
30,0,0,307692,0,absolute,node,24842,-1,-1,562
31,0,0,307692,0,absolute,node,14584,-1,1,562
32,0,0,307692,0,absolute,node,10328,-1,-1,562
33,0,0,346153,0,absolute,node,18056,-1,1,562
34,0,0,346153,0,absolute,node,22213,-1,-1,562
35,0,0,346153,0,absolute,node,19583,-1,1,562
36,0,0,346153,0,absolute,node,18779,-1,-1,562
37,0,0,384615,0,absolute,node,5047,-1,1,562
38,0,0,384615,0,absolute,node,5279,-1,-1,562
39,0,0,384615,0,absolute,node,14096,-1,3,562
40,0,0,384615,0,absolute,node,21220,-1,-3,562
41,0,0,423076,0,absolute,node,15788,-1,1,562
42,0,0,423076,0,absolute,node,21520,-1,-1,562
43,0,0,423076,0,absolute,node,7081,-1,1,562
44,0,0,423076,0,absolute,node,24319,-1,-1,562
45,0,0,461538,0,absolute,node,10984,-1,1,562
46,0,0,461538,0,absolute,node,12543,-1,-1,562
47,0,0,461538,0,absolute,node,21520,-1,3,562
48,0,0,461538,0,absolute,node,25751,-1,-3,562
49,0,0,5e+05,0,absolute,node,19779,-1,1,562
50,0,0,5e+05,0,absolute,node,22335,-1,-1,562
51,0,0,5e+05,0,absolute,node,14640,-1,1,562
52,0,0,5e+05,0,absolute,node,19458,-1,-1,562
53,0,0,538461,0,absolute,node,8527,-1,4,562
54,0,0,538461,0,absolute,node,26004,-1,-4,562
55,0,0,538461,0,absolute,node,19694,-1,1,562
56,0,0,538461,0,absolute,node,23417,-1,-1,562
57,0,0,576923,0,absolute,node,21520,-1,1,562
58,0,0,576923,0,absolute,node,9236,-1,-1,562
59,0,0,576923,0,absolute,node,14584,-1,2,562
60,0,0,576923,0,absolute,node,9577,-1,-2,562
61,0,0,615384,0,absolute,node,3997,-1,4,562
62,0,0,615384,0,absolute,node,21462,-1,-4,562
63,0,0,615384,0,absolute,node,6714,-1,1,562
64,0,0,615384,0,absolute,node,11455,-1,-1,562
65,0,0,653846,0,absolute,node,6652,-1,2,562
66,0,0,653846,0,absolute,node,5486,-1,-2,562
67,0,0,653846,0,absolute,node,2359,-1,1,562
68,0,0,653846,0,absolute,node,17344,-1,-1,562
69,0,0,692307,0,absolute,node,18056,-1,1,562
70,0,0,692307,0,absolute,node,21520,-1,-1,562
71,0,0,692307,0,absolute,node,22213,-1,4,562
72,0,0,692307,0,absolute,node,9744,-1,-4,562
73,0,0,730769,0,absolute,node,9918,-1,2,562
74,0,0,730769,0,absolute,node,14640,-1,-2,562
75,0,0,730769,0,absolute,node,16908,-1,5,562
76,0,0,730769,0,absolute,node,19583,-1,-5,562
77,0,0,769230,0,absolute,node,10328,-1,1,562
78,0,0,769230,0,absolute,node,10601,-1,-1,562
79,0,0,769230,0,absolute,node,9744,-1,1,562
80,0,0,769230,0,absolute,node,14096,-1,-1,562
81,0,0,807692,0,absolute,node,11855,-1,1,562
82,0,0,807692,0,absolute,node,14096,-1,-1,562
83,0,0,807692,0,absolute,node,9577,-1,3,562
84,0,0,807692,0,absolute,node,19779,-1,-3,562
85,0,0,846153,0,absolute,node,14066,-1,1,562
86,0,0,846153,0,absolute,node,9670,-1,-1,562
87,0,0,846153,0,absolute,node,2903,-1,1,562
88,0,0,846153,0,absolute,node,11945,-1,-1,562
89,0,0,884615,0,absolute,node,21520,-1,1,562
90,0,0,884615,0,absolute,node,24942,-1,-1,562
91,0,0,884615,0,absolute,node,15788,-1,1,562
92,0,0,884615,0,absolute,node,21462,-1,-1,562
93,0,0,923076,0,absolute,node,2849,-1,1,562
94,0,0,923076,0,absolute,node,10601,-1,-1,562
95,0,0,923076,0,absolute,node,19599,-1,5,562
96,0,0,923076,0,absolute,node,19697,-1,-5,562
97,0,0,961538,0,absolute,node,2359,-1,3,562
98,0,0,961538,0,absolute,node,19254,-1,-3,562
99,0,0,961538,0,absolute,node,20316,-1,5,562
100,0,0,961538,0,absolute,node,25096,-1,-5,562
