changeID,absoluteTime,evaluation,bitVector,distanceEvaluation,typeOfChange,affected,affectedID1,affectedID2,change,totalAfterChange
0,0,0,0,0,,,-1,-1,0,521
1,0,0,166666,0,absolute,node,11322,-1,4,521
2,0,0,166666,0,absolute,node,163010,-1,-4,521
3,0,0,166666,0,absolute,node,106966,-1,2,521
4,0,0,166666,0,absolute,node,130098,-1,-2,521
5,0,0,166666,0,absolute,node,46592,-1,1,521
6,0,0,166666,0,absolute,node,8103,-1,-1,521
7,0,0,166666,0,absolute,node,42076,-1,1,521
8,0,0,166666,0,absolute,node,20290,-1,-1,521
9,0,0,166666,0,absolute,node,141530,-1,1,521
10,0,0,166666,0,absolute,node,189364,-1,-1,521
11,0,0,166666,0,absolute,node,19117,-1,1,521
12,0,0,166666,0,absolute,node,29757,-1,-1,521
13,0,0,166666,0,absolute,node,173513,-1,1,521
14,0,0,166666,0,absolute,node,55573,-1,-1,521
15,0,0,166666,0,absolute,node,18026,-1,1,521
16,0,0,166666,0,absolute,node,20290,-1,-1,521
17,0,0,166666,0,absolute,node,44970,-1,1,521
18,0,0,166666,0,absolute,node,8662,-1,-1,521
19,0,0,166666,0,absolute,node,123811,-1,2,521
20,0,0,166666,0,absolute,node,128868,-1,-2,521
21,0,0,166666,0,absolute,node,137817,-1,1,521
22,0,0,166666,0,absolute,node,32278,-1,-1,521
23,0,0,166666,0,absolute,node,104038,-1,1,521
24,0,0,166666,0,absolute,node,18508,-1,-1,521
25,0,0,166666,0,absolute,node,69420,-1,1,521
26,0,0,166666,0,absolute,node,62965,-1,-1,521
27,0,0,166666,0,absolute,node,200416,-1,1,521
28,0,0,166666,0,absolute,node,192970,-1,-1,521
29,0,0,166666,0,absolute,node,38373,-1,3,521
30,0,0,166666,0,absolute,node,192970,-1,-3,521
31,0,0,166666,0,absolute,node,123578,-1,2,521
32,0,0,166666,0,absolute,node,210351,-1,-2,521
33,0,0,166666,0,absolute,node,206663,-1,2,521
34,0,0,166666,0,absolute,node,87033,-1,-2,521
35,0,0,166666,0,absolute,node,147922,-1,1,521
36,0,0,166666,0,absolute,node,62965,-1,-1,521
37,0,0,166666,0,absolute,node,11401,-1,1,521
38,0,0,166666,0,absolute,node,17037,-1,-1,521
39,0,0,166666,0,absolute,node,207885,-1,3,521
40,0,0,166666,0,absolute,node,155855,-1,-3,521
41,0,0,166666,0,absolute,node,87100,-1,1,521
42,0,0,166666,0,absolute,node,83571,-1,-1,521
43,0,0,166666,0,absolute,node,131893,-1,4,521
44,0,0,166666,0,absolute,node,163010,-1,-4,521
45,0,0,166666,0,absolute,node,56335,-1,5,521
46,0,0,166666,0,absolute,node,154007,-1,-5,521
47,0,0,166666,0,absolute,node,20476,-1,2,521
48,0,0,166666,0,absolute,node,127465,-1,-2,521
49,0,0,333333,0,absolute,node,210351,-1,1,521
50,0,0,333333,0,absolute,node,56335,-1,-1,521
51,0,0,333333,0,absolute,node,196073,-1,2,521
52,0,0,333333,0,absolute,node,210590,-1,-2,521
53,0,0,333333,0,absolute,node,17037,-1,2,521
54,0,0,333333,0,absolute,node,206663,-1,-2,521
55,0,0,333333,0,absolute,node,18026,-1,1,521
56,0,0,333333,0,absolute,node,138338,-1,-1,521
57,0,0,333333,0,absolute,node,183912,-1,2,521
58,0,0,333333,0,absolute,node,181377,-1,-2,521
59,0,0,333333,0,absolute,node,144856,-1,1,521
60,0,0,333333,0,absolute,node,20476,-1,-1,521
61,0,0,333333,0,absolute,node,141438,-1,1,521
62,0,0,333333,0,absolute,node,138338,-1,-1,521
63,0,0,333333,0,absolute,node,104038,-1,3,521
64,0,0,333333,0,absolute,node,173513,-1,-3,521
65,0,0,333333,0,absolute,node,189364,-1,1,521
66,0,0,333333,0,absolute,node,42076,-1,-1,521
67,0,0,333333,0,absolute,node,186701,-1,2,521
68,0,0,333333,0,absolute,node,2951,-1,-2,521
69,0,0,333333,0,absolute,node,141530,-1,1,521
70,0,0,333333,0,absolute,node,170819,-1,-1,521
71,0,0,333333,0,absolute,node,9155,-1,1,521
72,0,0,333333,0,absolute,node,42826,-1,-1,521
73,0,0,333333,0,absolute,node,101040,-1,3,521
74,0,0,333333,0,absolute,node,52245,-1,-3,521
75,0,0,333333,0,absolute,node,159833,-1,1,521
76,0,0,333333,0,absolute,node,162272,-1,-1,521
77,0,0,333333,0,absolute,node,42751,-1,3,521
78,0,0,333333,0,absolute,node,162272,-1,-3,521
79,0,0,333333,0,absolute,node,132982,-1,1,521
80,0,0,333333,0,absolute,node,42826,-1,-1,521
81,0,0,333333,0,absolute,node,52853,-1,5,521
82,0,0,333333,0,absolute,node,191033,-1,-5,521
83,0,0,333333,0,absolute,node,20290,-1,1,521
84,0,0,333333,0,absolute,node,37269,-1,-1,521
85,0,0,333333,0,absolute,node,128868,-1,2,521
86,0,0,333333,0,absolute,node,147922,-1,-2,521
87,0,0,333333,0,absolute,node,189534,-1,2,521
88,0,0,333333,0,absolute,node,140323,-1,-2,521
89,0,0,333333,0,absolute,node,87033,-1,3,521
90,0,0,333333,0,absolute,node,153787,-1,-3,521
91,0,0,333333,0,absolute,node,131893,-1,1,521
92,0,0,333333,0,absolute,node,207885,-1,-1,521
93,0,0,333333,0,absolute,node,154007,-1,1,521
94,0,0,333333,0,absolute,node,138338,-1,-1,521
95,0,0,333333,0,absolute,node,192970,-1,1,521
96,0,0,333333,0,absolute,node,42826,-1,-1,521
97,0,0,5e+05,0,absolute,node,196073,-1,1,521
98,0,0,5e+05,0,absolute,node,117203,-1,-1,521
99,0,0,5e+05,0,absolute,node,165680,-1,1,521
100,0,0,5e+05,0,absolute,node,140569,-1,-1,521
101,0,0,5e+05,0,absolute,node,159833,-1,2,521
102,0,0,5e+05,0,absolute,node,140323,-1,-2,521
103,0,0,5e+05,0,absolute,node,123578,-1,1,521
104,0,0,5e+05,0,absolute,node,10769,-1,-1,521
105,0,0,5e+05,0,absolute,node,106966,-1,1,521
106,0,0,5e+05,0,absolute,node,173513,-1,-1,521
107,0,0,5e+05,0,absolute,node,128868,-1,1,521
108,0,0,5e+05,0,absolute,node,190136,-1,-1,521
109,0,0,5e+05,0,absolute,node,42751,-1,4,521
110,0,0,5e+05,0,absolute,node,145672,-1,-4,521
111,0,0,5e+05,0,absolute,node,25479,-1,2,521
112,0,0,5e+05,0,absolute,node,186701,-1,-2,521
113,0,0,5e+05,0,absolute,node,55721,-1,1,521
114,0,0,5e+05,0,absolute,node,11322,-1,-1,521
115,0,0,5e+05,0,absolute,node,42826,-1,1,521
116,0,0,5e+05,0,absolute,node,201533,-1,-1,521
117,0,0,5e+05,0,absolute,node,83571,-1,1,521
118,0,0,5e+05,0,absolute,node,8662,-1,-1,521
119,0,0,5e+05,0,absolute,node,200416,-1,2,521
120,0,0,5e+05,0,absolute,node,137817,-1,-2,521
121,0,0,5e+05,0,absolute,node,87100,-1,2,521
122,0,0,5e+05,0,absolute,node,87033,-1,-2,521
123,0,0,5e+05,0,absolute,node,44970,-1,1,521
124,0,0,5e+05,0,absolute,node,58529,-1,-1,521
125,0,0,5e+05,0,absolute,node,163010,-1,2,521
126,0,0,5e+05,0,absolute,node,186701,-1,-2,521
127,0,0,5e+05,0,absolute,node,55573,-1,5,521
128,0,0,5e+05,0,absolute,node,154007,-1,-5,521
129,0,0,5e+05,0,absolute,node,153787,-1,2,521
130,0,0,5e+05,0,absolute,node,101040,-1,-2,521
131,0,0,5e+05,0,absolute,node,192970,-1,1,521
132,0,0,5e+05,0,absolute,node,9155,-1,-1,521
133,0,0,5e+05,0,absolute,node,183912,-1,1,521
134,0,0,5e+05,0,absolute,node,206379,-1,-1,521
135,0,0,5e+05,0,absolute,node,181377,-1,4,521
136,0,0,5e+05,0,absolute,node,11322,-1,-4,521
137,0,0,5e+05,0,absolute,node,189364,-1,5,521
138,0,0,5e+05,0,absolute,node,2951,-1,-5,521
139,0,0,5e+05,0,absolute,node,104038,-1,1,521
140,0,0,5e+05,0,absolute,node,182998,-1,-1,521
141,0,0,5e+05,0,absolute,node,138338,-1,1,521
142,0,0,5e+05,0,absolute,node,20290,-1,-1,521
143,0,0,5e+05,0,absolute,node,158495,-1,1,521
144,0,0,5e+05,0,absolute,node,206379,-1,-1,521
145,0,0,666666,0,absolute,node,58529,-1,1,521
146,0,0,666666,0,absolute,node,55721,-1,-1,521
147,0,0,666666,0,absolute,node,128069,-1,1,521
148,0,0,666666,0,absolute,node,198588,-1,-1,521
149,0,0,666666,0,absolute,node,10769,-1,2,521
150,0,0,666666,0,absolute,node,206663,-1,-2,521
151,0,0,666666,0,absolute,node,190136,-1,2,521
152,0,0,666666,0,absolute,node,173513,-1,-2,521
153,0,0,666666,0,absolute,node,29757,-1,2,521
154,0,0,666666,0,absolute,node,44970,-1,-2,521
155,0,0,666666,0,absolute,node,11322,-1,1,521
156,0,0,666666,0,absolute,node,123811,-1,-1,521
157,0,0,666666,0,absolute,node,39028,-1,2,521
158,0,0,666666,0,absolute,node,91433,-1,-2,521
159,0,0,666666,0,absolute,node,191033,-1,4,521
160,0,0,666666,0,absolute,node,210590,-1,-4,521
161,0,0,666666,0,absolute,node,163010,-1,2,521
162,0,0,666666,0,absolute,node,38373,-1,-2,521
163,0,0,666666,0,absolute,node,52245,-1,2,521
164,0,0,666666,0,absolute,node,101040,-1,-2,521
165,0,0,666666,0,absolute,node,2951,-1,1,521
166,0,0,666666,0,absolute,node,20476,-1,-1,521
167,0,0,666666,0,absolute,node,55912,-1,1,521
168,0,0,666666,0,absolute,node,167806,-1,-1,521
169,0,0,666666,0,absolute,node,62965,-1,2,521
170,0,0,666666,0,absolute,node,189364,-1,-2,521
171,0,0,666666,0,absolute,node,170819,-1,1,521
172,0,0,666666,0,absolute,node,20476,-1,-1,521
173,0,0,666666,0,absolute,node,137817,-1,1,521
174,0,0,666666,0,absolute,node,42751,-1,-1,521
175,0,0,666666,0,absolute,node,128868,-1,1,521
176,0,0,666666,0,absolute,node,37269,-1,-1,521
177,0,0,666666,0,absolute,node,162272,-1,1,521
178,0,0,666666,0,absolute,node,14420,-1,-1,521
179,0,0,666666,0,absolute,node,18508,-1,1,521
180,0,0,666666,0,absolute,node,196073,-1,-1,521
181,0,0,666666,0,absolute,node,53573,-1,2,521
182,0,0,666666,0,absolute,node,127465,-1,-2,521
183,0,0,666666,0,absolute,node,147922,-1,4,521
184,0,0,666666,0,absolute,node,1568,-1,-4,521
185,0,0,666666,0,absolute,node,158495,-1,1,521
186,0,0,666666,0,absolute,node,183912,-1,-1,521
187,0,0,666666,0,absolute,node,154759,-1,1,521
188,0,0,666666,0,absolute,node,183912,-1,-1,521
189,0,0,666666,0,absolute,node,104038,-1,1,521
190,0,0,666666,0,absolute,node,189534,-1,-1,521
191,0,0,666666,0,absolute,node,55573,-1,1,521
192,0,0,666666,0,absolute,node,69420,-1,-1,521
193,0,0,833333,0,absolute,node,201533,-1,2,521
194,0,0,833333,0,absolute,node,87033,-1,-2,521
195,0,0,833333,0,absolute,node,137817,-1,2,521
196,0,0,833333,0,absolute,node,18026,-1,-2,521
197,0,0,833333,0,absolute,node,170819,-1,1,521
198,0,0,833333,0,absolute,node,196073,-1,-1,521
199,0,0,833333,0,absolute,node,101040,-1,1,521
200,0,0,833333,0,absolute,node,196073,-1,-1,521
201,0,0,833333,0,absolute,node,206663,-1,1,521
202,0,0,833333,0,absolute,node,190136,-1,-1,521
203,0,0,833333,0,absolute,node,42751,-1,5,521
204,0,0,833333,0,absolute,node,165680,-1,-5,521
205,0,0,833333,0,absolute,node,37269,-1,1,521
206,0,0,833333,0,absolute,node,2951,-1,-1,521
207,0,0,833333,0,absolute,node,55721,-1,1,521
208,0,0,833333,0,absolute,node,106966,-1,-1,521
209,0,0,833333,0,absolute,node,24394,-1,4,521
210,0,0,833333,0,absolute,node,163010,-1,-4,521
211,0,0,833333,0,absolute,node,132982,-1,3,521
212,0,0,833333,0,absolute,node,131893,-1,-3,521
213,0,0,833333,0,absolute,node,52853,-1,1,521
214,0,0,833333,0,absolute,node,38373,-1,-1,521
215,0,0,833333,0,absolute,node,182998,-1,3,521
216,0,0,833333,0,absolute,node,2951,-1,-3,521
217,0,0,833333,0,absolute,node,58529,-1,3,521
218,0,0,833333,0,absolute,node,210590,-1,-3,521
219,0,0,833333,0,absolute,node,210351,-1,1,521
220,0,0,833333,0,absolute,node,111217,-1,-1,521
221,0,0,833333,0,absolute,node,189364,-1,2,521
222,0,0,833333,0,absolute,node,38373,-1,-2,521
223,0,0,833333,0,absolute,node,181377,-1,4,521
224,0,0,833333,0,absolute,node,191033,-1,-4,521
225,0,0,833333,0,absolute,node,200416,-1,3,521
226,0,0,833333,0,absolute,node,1408,-1,-3,521
227,0,0,833333,0,absolute,node,53573,-1,2,521
228,0,0,833333,0,absolute,node,165327,-1,-2,521
229,0,0,833333,0,absolute,node,128868,-1,1,521
230,0,0,833333,0,absolute,node,25479,-1,-1,521
231,0,0,833333,0,absolute,node,154759,-1,1,521
232,0,0,833333,0,absolute,node,62965,-1,-1,521
233,0,0,833333,0,absolute,node,154007,-1,2,521
234,0,0,833333,0,absolute,node,141530,-1,-2,521
235,0,0,833333,0,absolute,node,117203,-1,3,521
236,0,0,833333,0,absolute,node,11322,-1,-3,521
237,0,0,833333,0,absolute,node,9155,-1,1,521
238,0,0,833333,0,absolute,node,196073,-1,-1,521
239,0,0,833333,0,absolute,node,155855,-1,2,521
240,0,0,833333,0,absolute,node,171483,-1,-2,521
