changeID,absoluteTime,evaluation,bitVector,distanceEvaluation,typeOfChange,affected,affectedID1,affectedID2,change,totalAfterChange
0,0,0,0,0,,,-1,-1,0,521
1,0,0,166666,0,absolute,node,14926,-1,2,521
2,0,0,166666,0,absolute,node,13693,-1,-2,521
3,0,0,166666,0,absolute,node,21634,-1,1,521
4,0,0,166666,0,absolute,node,21663,-1,-1,521
5,0,0,166666,0,absolute,node,20162,-1,1,521
6,0,0,166666,0,absolute,node,10176,-1,-1,521
7,0,0,166666,0,absolute,node,14873,-1,1,521
8,0,0,166666,0,absolute,node,13955,-1,-1,521
9,0,0,166666,0,absolute,node,9998,-1,5,521
10,0,0,166666,0,absolute,node,6961,-1,-5,521
11,0,0,166666,0,absolute,node,14014,-1,1,521
12,0,0,166666,0,absolute,node,12819,-1,-1,521
13,0,0,166666,0,absolute,node,20971,-1,4,521
14,0,0,166666,0,absolute,node,10535,-1,-4,521
15,0,0,166666,0,absolute,node,5796,-1,1,521
16,0,0,166666,0,absolute,node,13459,-1,-1,521
17,0,0,166666,0,absolute,node,2244,-1,2,521
18,0,0,166666,0,absolute,node,5730,-1,-2,521
19,0,0,166666,0,absolute,node,2128,-1,1,521
20,0,0,166666,0,absolute,node,7258,-1,-1,521
21,0,0,166666,0,absolute,node,7784,-1,1,521
22,0,0,166666,0,absolute,node,3700,-1,-1,521
23,0,0,166666,0,absolute,node,21030,-1,1,521
24,0,0,166666,0,absolute,node,12725,-1,-1,521
25,0,0,333333,0,absolute,node,14014,-1,1,521
26,0,0,333333,0,absolute,node,10535,-1,-1,521
27,0,0,333333,0,absolute,node,20561,-1,2,521
28,0,0,333333,0,absolute,node,14213,-1,-2,521
29,0,0,333333,0,absolute,node,2787,-1,1,521
30,0,0,333333,0,absolute,node,7866,-1,-1,521
31,0,0,333333,0,absolute,node,9819,-1,1,521
32,0,0,333333,0,absolute,node,10660,-1,-1,521
33,0,0,333333,0,absolute,node,12505,-1,1,521
34,0,0,333333,0,absolute,node,13955,-1,-1,521
35,0,0,333333,0,absolute,node,17860,-1,1,521
36,0,0,333333,0,absolute,node,11682,-1,-1,521
37,0,0,333333,0,absolute,node,7258,-1,1,521
38,0,0,333333,0,absolute,node,8078,-1,-1,521
39,0,0,333333,0,absolute,node,16163,-1,1,521
40,0,0,333333,0,absolute,node,25169,-1,-1,521
41,0,0,333333,0,absolute,node,2657,-1,2,521
42,0,0,333333,0,absolute,node,7866,-1,-2,521
43,0,0,333333,0,absolute,node,2595,-1,1,521
44,0,0,333333,0,absolute,node,21292,-1,-1,521
45,0,0,333333,0,absolute,node,15638,-1,1,521
46,0,0,333333,0,absolute,node,16461,-1,-1,521
47,0,0,333333,0,absolute,node,1483,-1,4,521
48,0,0,333333,0,absolute,node,7241,-1,-4,521
49,0,0,5e+05,0,absolute,node,10660,-1,2,521
50,0,0,5e+05,0,absolute,node,8537,-1,-2,521
51,0,0,5e+05,0,absolute,node,14428,-1,1,521
52,0,0,5e+05,0,absolute,node,5176,-1,-1,521
53,0,0,5e+05,0,absolute,node,6961,-1,1,521
54,0,0,5e+05,0,absolute,node,2225,-1,-1,521
55,0,0,5e+05,0,absolute,node,982,-1,3,521
56,0,0,5e+05,0,absolute,node,2657,-1,-3,521
57,0,0,5e+05,0,absolute,node,6135,-1,3,521
58,0,0,5e+05,0,absolute,node,16343,-1,-3,521
59,0,0,5e+05,0,absolute,node,1483,-1,2,521
60,0,0,5e+05,0,absolute,node,19333,-1,-2,521
61,0,0,5e+05,0,absolute,node,8078,-1,1,521
62,0,0,5e+05,0,absolute,node,24922,-1,-1,521
63,0,0,5e+05,0,absolute,node,9998,-1,3,521
64,0,0,5e+05,0,absolute,node,22185,-1,-3,521
65,0,0,5e+05,0,absolute,node,4182,-1,1,521
66,0,0,5e+05,0,absolute,node,15516,-1,-1,521
67,0,0,5e+05,0,absolute,node,18333,-1,2,521
68,0,0,5e+05,0,absolute,node,2225,-1,-2,521
69,0,0,5e+05,0,absolute,node,14213,-1,4,521
70,0,0,5e+05,0,absolute,node,25336,-1,-4,521
71,0,0,5e+05,0,absolute,node,13459,-1,1,521
72,0,0,5e+05,0,absolute,node,19879,-1,-1,521
73,0,0,666666,0,absolute,node,22185,-1,3,521
74,0,0,666666,0,absolute,node,8968,-1,-3,521
75,0,0,666666,0,absolute,node,14213,-1,2,521
76,0,0,666666,0,absolute,node,17860,-1,-2,521
77,0,0,666666,0,absolute,node,982,-1,2,521
78,0,0,666666,0,absolute,node,8968,-1,-2,521
79,0,0,666666,0,absolute,node,8078,-1,4,521
80,0,0,666666,0,absolute,node,8968,-1,-4,521
81,0,0,666666,0,absolute,node,10839,-1,1,521
82,0,0,666666,0,absolute,node,15638,-1,-1,521
83,0,0,666666,0,absolute,node,21292,-1,1,521
84,0,0,666666,0,absolute,node,18252,-1,-1,521
85,0,0,666666,0,absolute,node,16461,-1,3,521
86,0,0,666666,0,absolute,node,25549,-1,-3,521
87,0,0,666666,0,absolute,node,13711,-1,1,521
88,0,0,666666,0,absolute,node,10176,-1,-1,521
89,0,0,666666,0,absolute,node,7258,-1,5,521
90,0,0,666666,0,absolute,node,14873,-1,-5,521
91,0,0,666666,0,absolute,node,8694,-1,1,521
92,0,0,666666,0,absolute,node,26067,-1,-1,521
93,0,0,666666,0,absolute,node,8537,-1,3,521
94,0,0,666666,0,absolute,node,5455,-1,-3,521
95,0,0,666666,0,absolute,node,25500,-1,2,521
96,0,0,666666,0,absolute,node,2225,-1,-2,521
97,0,0,833333,0,absolute,node,2244,-1,1,521
98,0,0,833333,0,absolute,node,982,-1,-1,521
99,0,0,833333,0,absolute,node,10660,-1,4,521
100,0,0,833333,0,absolute,node,16225,-1,-4,521
101,0,0,833333,0,absolute,node,7886,-1,4,521
102,0,0,833333,0,absolute,node,18698,-1,-4,521
103,0,0,833333,0,absolute,node,14706,-1,3,521
104,0,0,833333,0,absolute,node,5455,-1,-3,521
105,0,0,833333,0,absolute,node,13693,-1,2,521
106,0,0,833333,0,absolute,node,18698,-1,-2,521
107,0,0,833333,0,absolute,node,14014,-1,3,521
108,0,0,833333,0,absolute,node,20561,-1,-3,521
109,0,0,833333,0,absolute,node,7748,-1,2,521
110,0,0,833333,0,absolute,node,14428,-1,-2,521
111,0,0,833333,0,absolute,node,10052,-1,1,521
112,0,0,833333,0,absolute,node,14424,-1,-1,521
113,0,0,833333,0,absolute,node,14926,-1,1,521
114,0,0,833333,0,absolute,node,16225,-1,-1,521
115,0,0,833333,0,absolute,node,4823,-1,2,521
116,0,0,833333,0,absolute,node,11197,-1,-2,521
117,0,0,833333,0,absolute,node,11686,-1,1,521
118,0,0,833333,0,absolute,node,2787,-1,-1,521
119,0,0,833333,0,absolute,node,12505,-1,1,521
120,0,0,833333,0,absolute,node,255,-1,-1,521
