changeID,absoluteTime,evaluation,bitVector,distanceEvaluation,typeOfChange,affected,affectedID1,affectedID2,change,totalAfterChange
0,0,0,0,0,,,-1,-1,0,535
1,0,0,90909,0,absolute,node,25983,-1,1,535
2,0,0,90909,0,absolute,node,21691,-1,-1,535
3,0,0,90909,0,absolute,node,9262,-1,1,535
4,0,0,90909,0,absolute,node,4200,-1,-1,535
5,0,0,90909,0,absolute,node,3777,-1,2,535
6,0,0,90909,0,absolute,node,15313,-1,-2,535
7,0,0,90909,0,absolute,node,12380,-1,1,535
8,0,0,90909,0,absolute,node,4320,-1,-1,535
9,0,0,90909,0,absolute,node,11893,-1,1,535
10,0,0,90909,0,absolute,node,8097,-1,-1,535
11,0,0,90909,0,absolute,node,15600,-1,1,535
12,0,0,90909,0,absolute,node,7966,-1,-1,535
13,0,0,90909,0,absolute,node,3593,-1,2,535
14,0,0,90909,0,absolute,node,15550,-1,-2,535
15,0,0,90909,0,absolute,node,26018,-1,4,535
16,0,0,90909,0,absolute,node,13742,-1,-4,535
17,0,0,90909,0,absolute,node,5306,-1,1,535
18,0,0,90909,0,absolute,node,25044,-1,-1,535
19,0,0,90909,0,absolute,node,12783,-1,3,535
20,0,0,90909,0,absolute,node,2202,-1,-3,535
21,0,0,90909,0,absolute,node,10150,-1,1,535
22,0,0,90909,0,absolute,node,20407,-1,-1,535
23,0,0,90909,0,absolute,node,9202,-1,2,535
24,0,0,90909,0,absolute,node,7228,-1,-2,535
25,0,0,90909,0,absolute,node,11011,-1,2,535
26,0,0,90909,0,absolute,node,10922,-1,-2,535
27,0,0,90909,0,absolute,node,24988,-1,2,535
28,0,0,90909,0,absolute,node,2339,-1,-2,535
29,0,0,90909,0,absolute,node,21439,-1,1,535
30,0,0,90909,0,absolute,node,5017,-1,-1,535
31,0,0,90909,0,absolute,node,21825,-1,1,535
32,0,0,90909,0,absolute,node,4320,-1,-1,535
33,0,0,90909,0,absolute,node,18406,-1,1,535
34,0,0,90909,0,absolute,node,15989,-1,-1,535
35,0,0,90909,0,absolute,node,19485,-1,1,535
36,0,0,90909,0,absolute,node,3937,-1,-1,535
37,0,0,90909,0,absolute,node,24239,-1,1,535
38,0,0,90909,0,absolute,node,17661,-1,-1,535
39,0,0,90909,0,absolute,node,25089,-1,2,535
40,0,0,90909,0,absolute,node,15313,-1,-2,535
41,0,0,90909,0,absolute,node,7134,-1,1,535
42,0,0,90909,0,absolute,node,1622,-1,-1,535
43,0,0,90909,0,absolute,node,1801,-1,3,535
44,0,0,90909,0,absolute,node,7713,-1,-3,535
45,0,0,90909,0,absolute,node,1872,-1,1,535
46,0,0,90909,0,absolute,node,6223,-1,-1,535
47,0,0,90909,0,absolute,node,3048,-1,1,535
48,0,0,90909,0,absolute,node,5126,-1,-1,535
49,0,0,181818,0,absolute,node,5126,-1,1,535
50,0,0,181818,0,absolute,node,18291,-1,-1,535
51,0,0,181818,0,absolute,node,12038,-1,2,535
52,0,0,181818,0,absolute,node,9151,-1,-2,535
53,0,0,181818,0,absolute,node,6040,-1,1,535
54,0,0,181818,0,absolute,node,15600,-1,-1,535
55,0,0,181818,0,absolute,node,21691,-1,2,535
56,0,0,181818,0,absolute,node,22050,-1,-2,535
57,0,0,181818,0,absolute,node,3777,-1,2,535
58,0,0,181818,0,absolute,node,21825,-1,-2,535
59,0,0,181818,0,absolute,node,19607,-1,1,535
60,0,0,181818,0,absolute,node,18449,-1,-1,535
61,0,0,181818,0,absolute,node,6499,-1,2,535
62,0,0,181818,0,absolute,node,4200,-1,-2,535
63,0,0,181818,0,absolute,node,1872,-1,1,535
64,0,0,181818,0,absolute,node,24433,-1,-1,535
65,0,0,181818,0,absolute,node,3996,-1,2,535
66,0,0,181818,0,absolute,node,26093,-1,-2,535
67,0,0,181818,0,absolute,node,3420,-1,1,535
68,0,0,181818,0,absolute,node,3245,-1,-1,535
69,0,0,181818,0,absolute,node,1622,-1,1,535
70,0,0,181818,0,absolute,node,21439,-1,-1,535
71,0,0,181818,0,absolute,node,10295,-1,1,535
72,0,0,181818,0,absolute,node,3426,-1,-1,535
73,0,0,181818,0,absolute,node,3937,-1,1,535
74,0,0,181818,0,absolute,node,5405,-1,-1,535
75,0,0,181818,0,absolute,node,55,-1,1,535
76,0,0,181818,0,absolute,node,9262,-1,-1,535
77,0,0,181818,0,absolute,node,1262,-1,2,535
78,0,0,181818,0,absolute,node,9151,-1,-2,535
79,0,0,181818,0,absolute,node,6220,-1,1,535
80,0,0,181818,0,absolute,node,10305,-1,-1,535
81,0,0,181818,0,absolute,node,7797,-1,3,535
82,0,0,181818,0,absolute,node,10922,-1,-3,535
83,0,0,181818,0,absolute,node,5740,-1,2,535
84,0,0,181818,0,absolute,node,3048,-1,-2,535
85,0,0,181818,0,absolute,node,17262,-1,1,535
86,0,0,181818,0,absolute,node,18063,-1,-1,535
87,0,0,181818,0,absolute,node,20407,-1,1,535
88,0,0,181818,0,absolute,node,24239,-1,-1,535
89,0,0,181818,0,absolute,node,20894,-1,3,535
90,0,0,181818,0,absolute,node,3593,-1,-3,535
91,0,0,181818,0,absolute,node,8632,-1,2,535
92,0,0,181818,0,absolute,node,22050,-1,-2,535
93,0,0,181818,0,absolute,node,7966,-1,2,535
94,0,0,181818,0,absolute,node,25068,-1,-2,535
95,0,0,181818,0,absolute,node,153,-1,4,535
96,0,0,181818,0,absolute,node,17888,-1,-4,535
97,0,0,272727,0,absolute,node,4200,-1,1,535
98,0,0,272727,0,absolute,node,3245,-1,-1,535
99,0,0,272727,0,absolute,node,19485,-1,1,535
100,0,0,272727,0,absolute,node,20894,-1,-1,535
101,0,0,272727,0,absolute,node,9262,-1,1,535
102,0,0,272727,0,absolute,node,3937,-1,-1,535
103,0,0,272727,0,absolute,node,17888,-1,1,535
104,0,0,272727,0,absolute,node,12783,-1,-1,535
105,0,0,272727,0,absolute,node,2339,-1,1,535
106,0,0,272727,0,absolute,node,13742,-1,-1,535
107,0,0,272727,0,absolute,node,20407,-1,3,535
108,0,0,272727,0,absolute,node,17201,-1,-3,535
109,0,0,272727,0,absolute,node,5740,-1,2,535
110,0,0,272727,0,absolute,node,10295,-1,-2,535
111,0,0,272727,0,absolute,node,9966,-1,2,535
112,0,0,272727,0,absolute,node,18333,-1,-2,535
113,0,0,272727,0,absolute,node,3996,-1,2,535
114,0,0,272727,0,absolute,node,3420,-1,-2,535
115,0,0,272727,0,absolute,node,153,-1,2,535
116,0,0,272727,0,absolute,node,18333,-1,-2,535
117,0,0,272727,0,absolute,node,5243,-1,1,535
118,0,0,272727,0,absolute,node,1801,-1,-1,535
119,0,0,272727,0,absolute,node,4320,-1,1,535
120,0,0,272727,0,absolute,node,1433,-1,-1,535
121,0,0,272727,0,absolute,node,15550,-1,2,535
122,0,0,272727,0,absolute,node,13742,-1,-2,535
123,0,0,272727,0,absolute,node,7134,-1,1,535
124,0,0,272727,0,absolute,node,1622,-1,-1,535
125,0,0,272727,0,absolute,node,1262,-1,4,535
126,0,0,272727,0,absolute,node,3420,-1,-4,535
127,0,0,272727,0,absolute,node,6220,-1,2,535
128,0,0,272727,0,absolute,node,1872,-1,-2,535
129,0,0,272727,0,absolute,node,18291,-1,2,535
130,0,0,272727,0,absolute,node,7966,-1,-2,535
131,0,0,272727,0,absolute,node,10150,-1,1,535
132,0,0,272727,0,absolute,node,25089,-1,-1,535
133,0,0,272727,0,absolute,node,3426,-1,4,535
134,0,0,272727,0,absolute,node,19607,-1,-4,535
135,0,0,272727,0,absolute,node,24650,-1,1,535
136,0,0,272727,0,absolute,node,21691,-1,-1,535
137,0,0,272727,0,absolute,node,5405,-1,2,535
138,0,0,272727,0,absolute,node,24239,-1,-2,535
139,0,0,272727,0,absolute,node,2202,-1,1,535
140,0,0,272727,0,absolute,node,10295,-1,-1,535
141,0,0,272727,0,absolute,node,12038,-1,1,535
142,0,0,272727,0,absolute,node,23231,-1,-1,535
143,0,0,272727,0,absolute,node,8632,-1,2,535
144,0,0,272727,0,absolute,node,25068,-1,-2,535
145,0,0,363636,0,absolute,node,5126,-1,1,535
146,0,0,363636,0,absolute,node,153,-1,-1,535
147,0,0,363636,0,absolute,node,6040,-1,1,535
148,0,0,363636,0,absolute,node,12783,-1,-1,535
149,0,0,363636,0,absolute,node,20407,-1,1,535
150,0,0,363636,0,absolute,node,21691,-1,-1,535
151,0,0,363636,0,absolute,node,10295,-1,4,535
152,0,0,363636,0,absolute,node,9151,-1,-4,535
153,0,0,363636,0,absolute,node,25044,-1,5,535
154,0,0,363636,0,absolute,node,3420,-1,-5,535
155,0,0,363636,0,absolute,node,15600,-1,1,535
156,0,0,363636,0,absolute,node,10150,-1,-1,535
157,0,0,363636,0,absolute,node,3426,-1,1,535
158,0,0,363636,0,absolute,node,5243,-1,-1,535
159,0,0,363636,0,absolute,node,13903,-1,3,535
160,0,0,363636,0,absolute,node,17201,-1,-3,535
161,0,0,363636,0,absolute,node,24239,-1,1,535
162,0,0,363636,0,absolute,node,15550,-1,-1,535
163,0,0,363636,0,absolute,node,2202,-1,3,535
164,0,0,363636,0,absolute,node,7713,-1,-3,535
165,0,0,363636,0,absolute,node,1801,-1,1,535
166,0,0,363636,0,absolute,node,10305,-1,-1,535
167,0,0,363636,0,absolute,node,12038,-1,1,535
168,0,0,363636,0,absolute,node,8632,-1,-1,535
169,0,0,363636,0,absolute,node,5168,-1,1,535
170,0,0,363636,0,absolute,node,25068,-1,-1,535
171,0,0,363636,0,absolute,node,55,-1,2,535
172,0,0,363636,0,absolute,node,4320,-1,-2,535
173,0,0,363636,0,absolute,node,12941,-1,2,535
174,0,0,363636,0,absolute,node,13742,-1,-2,535
175,0,0,363636,0,absolute,node,18063,-1,2,535
176,0,0,363636,0,absolute,node,7966,-1,-2,535
177,0,0,363636,0,absolute,node,3593,-1,1,535
178,0,0,363636,0,absolute,node,7228,-1,-1,535
179,0,0,363636,0,absolute,node,7953,-1,2,535
180,0,0,363636,0,absolute,node,3777,-1,-2,535
181,0,0,363636,0,absolute,node,7481,-1,1,535
182,0,0,363636,0,absolute,node,4320,-1,-1,535
183,0,0,363636,0,absolute,node,2339,-1,1,535
184,0,0,363636,0,absolute,node,5405,-1,-1,535
185,0,0,363636,0,absolute,node,26018,-1,1,535
186,0,0,363636,0,absolute,node,3996,-1,-1,535
187,0,0,363636,0,absolute,node,6223,-1,2,535
188,0,0,363636,0,absolute,node,25983,-1,-2,535
189,0,0,363636,0,absolute,node,4200,-1,1,535
190,0,0,363636,0,absolute,node,24064,-1,-1,535
191,0,0,363636,0,absolute,node,15313,-1,1,535
192,0,0,363636,0,absolute,node,10922,-1,-1,535
193,0,0,454545,0,absolute,node,20894,-1,1,535
194,0,0,454545,0,absolute,node,55,-1,-1,535
195,0,0,454545,0,absolute,node,9966,-1,4,535
196,0,0,454545,0,absolute,node,7134,-1,-4,535
197,0,0,454545,0,absolute,node,3777,-1,1,535
198,0,0,454545,0,absolute,node,20407,-1,-1,535
199,0,0,454545,0,absolute,node,19485,-1,4,535
200,0,0,454545,0,absolute,node,9202,-1,-4,535
201,0,0,454545,0,absolute,node,25293,-1,2,535
202,0,0,454545,0,absolute,node,7134,-1,-2,535
203,0,0,454545,0,absolute,node,17201,-1,2,535
204,0,0,454545,0,absolute,node,23231,-1,-2,535
205,0,0,454545,0,absolute,node,12380,-1,1,535
206,0,0,454545,0,absolute,node,5740,-1,-1,535
207,0,0,454545,0,absolute,node,3426,-1,1,535
208,0,0,454545,0,absolute,node,18406,-1,-1,535
209,0,0,454545,0,absolute,node,1262,-1,2,535
210,0,0,454545,0,absolute,node,21825,-1,-2,535
211,0,0,454545,0,absolute,node,3048,-1,2,535
212,0,0,454545,0,absolute,node,6499,-1,-2,535
213,0,0,454545,0,absolute,node,18291,-1,5,535
214,0,0,454545,0,absolute,node,6040,-1,-5,535
215,0,0,454545,0,absolute,node,5016,-1,1,535
216,0,0,454545,0,absolute,node,5168,-1,-1,535
217,0,0,454545,0,absolute,node,21691,-1,1,535
218,0,0,454545,0,absolute,node,17661,-1,-1,535
219,0,0,454545,0,absolute,node,7953,-1,2,535
220,0,0,454545,0,absolute,node,15335,-1,-2,535
221,0,0,454545,0,absolute,node,4320,-1,1,535
222,0,0,454545,0,absolute,node,5168,-1,-1,535
223,0,0,454545,0,absolute,node,26018,-1,5,535
224,0,0,454545,0,absolute,node,7134,-1,-5,535
225,0,0,454545,0,absolute,node,7797,-1,1,535
226,0,0,454545,0,absolute,node,10305,-1,-1,535
227,0,0,454545,0,absolute,node,1801,-1,1,535
228,0,0,454545,0,absolute,node,21825,-1,-1,535
229,0,0,454545,0,absolute,node,7481,-1,3,535
230,0,0,454545,0,absolute,node,55,-1,-3,535
231,0,0,454545,0,absolute,node,8632,-1,2,535
232,0,0,454545,0,absolute,node,25089,-1,-2,535
233,0,0,454545,0,absolute,node,5306,-1,3,535
234,0,0,454545,0,absolute,node,12783,-1,-3,535
235,0,0,454545,0,absolute,node,1622,-1,1,535
236,0,0,454545,0,absolute,node,15600,-1,-1,535
237,0,0,454545,0,absolute,node,3996,-1,1,535
238,0,0,454545,0,absolute,node,15335,-1,-1,535
239,0,0,454545,0,absolute,node,25983,-1,3,535
240,0,0,454545,0,absolute,node,2339,-1,-3,535
241,0,0,545454,0,absolute,node,1622,-1,2,535
242,0,0,545454,0,absolute,node,3048,-1,-2,535
243,0,0,545454,0,absolute,node,18406,-1,3,535
244,0,0,545454,0,absolute,node,7966,-1,-3,535
245,0,0,545454,0,absolute,node,20894,-1,1,535
246,0,0,545454,0,absolute,node,153,-1,-1,535
247,0,0,545454,0,absolute,node,3420,-1,1,535
248,0,0,545454,0,absolute,node,19178,-1,-1,535
249,0,0,545454,0,absolute,node,18063,-1,2,535
250,0,0,545454,0,absolute,node,12783,-1,-2,535
251,0,0,545454,0,absolute,node,19607,-1,1,535
252,0,0,545454,0,absolute,node,1262,-1,-1,535
253,0,0,545454,0,absolute,node,15600,-1,1,535
254,0,0,545454,0,absolute,node,15313,-1,-1,535
255,0,0,545454,0,absolute,node,10922,-1,4,535
256,0,0,545454,0,absolute,node,9202,-1,-4,535
257,0,0,545454,0,absolute,node,3426,-1,4,535
258,0,0,545454,0,absolute,node,12038,-1,-4,535
259,0,0,545454,0,absolute,node,5243,-1,1,535
260,0,0,545454,0,absolute,node,18291,-1,-1,535
261,0,0,545454,0,absolute,node,3777,-1,4,535
262,0,0,545454,0,absolute,node,25651,-1,-4,535
263,0,0,545454,0,absolute,node,18449,-1,1,535
264,0,0,545454,0,absolute,node,24433,-1,-1,535
265,0,0,545454,0,absolute,node,20316,-1,2,535
266,0,0,545454,0,absolute,node,26093,-1,-2,535
267,0,0,545454,0,absolute,node,8097,-1,1,535
268,0,0,545454,0,absolute,node,5016,-1,-1,535
269,0,0,545454,0,absolute,node,13903,-1,1,535
270,0,0,545454,0,absolute,node,6223,-1,-1,535
271,0,0,545454,0,absolute,node,2339,-1,1,535
272,0,0,545454,0,absolute,node,10295,-1,-1,535
273,0,0,545454,0,absolute,node,1433,-1,1,535
274,0,0,545454,0,absolute,node,20407,-1,-1,535
275,0,0,545454,0,absolute,node,23231,-1,2,535
276,0,0,545454,0,absolute,node,11011,-1,-2,535
277,0,0,545454,0,absolute,node,7713,-1,1,535
278,0,0,545454,0,absolute,node,5016,-1,-1,535
279,0,0,545454,0,absolute,node,7481,-1,1,535
280,0,0,545454,0,absolute,node,21691,-1,-1,535
281,0,0,545454,0,absolute,node,5126,-1,3,535
282,0,0,545454,0,absolute,node,17262,-1,-3,535
283,0,0,545454,0,absolute,node,24650,-1,1,535
284,0,0,545454,0,absolute,node,9202,-1,-1,535
285,0,0,545454,0,absolute,node,3996,-1,2,535
286,0,0,545454,0,absolute,node,25089,-1,-2,535
287,0,0,545454,0,absolute,node,5168,-1,1,535
288,0,0,545454,0,absolute,node,5665,-1,-1,535
289,0,0,636363,0,absolute,node,1872,-1,2,535
290,0,0,636363,0,absolute,node,1801,-1,-2,535
291,0,0,636363,0,absolute,node,3777,-1,4,535
292,0,0,636363,0,absolute,node,10922,-1,-4,535
293,0,0,636363,0,absolute,node,5306,-1,1,535
294,0,0,636363,0,absolute,node,23231,-1,-1,535
295,0,0,636363,0,absolute,node,5740,-1,1,535
296,0,0,636363,0,absolute,node,5017,-1,-1,535
297,0,0,636363,0,absolute,node,10295,-1,2,535
298,0,0,636363,0,absolute,node,12380,-1,-2,535
299,0,0,636363,0,absolute,node,6499,-1,1,535
300,0,0,636363,0,absolute,node,15335,-1,-1,535
301,0,0,636363,0,absolute,node,5665,-1,1,535
302,0,0,636363,0,absolute,node,15600,-1,-1,535
303,0,0,636363,0,absolute,node,22050,-1,2,535
304,0,0,636363,0,absolute,node,9202,-1,-2,535
305,0,0,636363,0,absolute,node,25068,-1,2,535
306,0,0,636363,0,absolute,node,10150,-1,-2,535
307,0,0,636363,0,absolute,node,2050,-1,1,535
308,0,0,636363,0,absolute,node,5405,-1,-1,535
309,0,0,636363,0,absolute,node,26018,-1,2,535
310,0,0,636363,0,absolute,node,5126,-1,-2,535
311,0,0,636363,0,absolute,node,24988,-1,1,535
312,0,0,636363,0,absolute,node,3937,-1,-1,535
313,0,0,636363,0,absolute,node,1433,-1,1,535
314,0,0,636363,0,absolute,node,3996,-1,-1,535
315,0,0,636363,0,absolute,node,7797,-1,1,535
316,0,0,636363,0,absolute,node,5126,-1,-1,535
317,0,0,636363,0,absolute,node,3048,-1,3,535
318,0,0,636363,0,absolute,node,4200,-1,-3,535
319,0,0,636363,0,absolute,node,25293,-1,3,535
320,0,0,636363,0,absolute,node,12941,-1,-3,535
321,0,0,636363,0,absolute,node,25044,-1,1,535
322,0,0,636363,0,absolute,node,4698,-1,-1,535
323,0,0,636363,0,absolute,node,3593,-1,1,535
324,0,0,636363,0,absolute,node,12380,-1,-1,535
325,0,0,636363,0,absolute,node,20894,-1,2,535
326,0,0,636363,0,absolute,node,2202,-1,-2,535
327,0,0,636363,0,absolute,node,25651,-1,1,535
328,0,0,636363,0,absolute,node,10150,-1,-1,535
329,0,0,636363,0,absolute,node,12038,-1,2,535
330,0,0,636363,0,absolute,node,3426,-1,-2,535
331,0,0,636363,0,absolute,node,7953,-1,1,535
332,0,0,636363,0,absolute,node,3996,-1,-1,535
333,0,0,636363,0,absolute,node,8606,-1,2,535
334,0,0,636363,0,absolute,node,12941,-1,-2,535
335,0,0,636363,0,absolute,node,7481,-1,1,535
336,0,0,636363,0,absolute,node,15600,-1,-1,535
337,0,0,727272,0,absolute,node,4320,-1,2,535
338,0,0,727272,0,absolute,node,6499,-1,-2,535
339,0,0,727272,0,absolute,node,7134,-1,1,535
340,0,0,727272,0,absolute,node,20316,-1,-1,535
341,0,0,727272,0,absolute,node,18333,-1,3,535
342,0,0,727272,0,absolute,node,19607,-1,-3,535
343,0,0,727272,0,absolute,node,7797,-1,1,535
344,0,0,727272,0,absolute,node,3777,-1,-1,535
345,0,0,727272,0,absolute,node,24239,-1,1,535
346,0,0,727272,0,absolute,node,18291,-1,-1,535
347,0,0,727272,0,absolute,node,1433,-1,3,535
348,0,0,727272,0,absolute,node,9262,-1,-3,535
349,0,0,727272,0,absolute,node,7953,-1,1,535
350,0,0,727272,0,absolute,node,6040,-1,-1,535
351,0,0,727272,0,absolute,node,20407,-1,1,535
352,0,0,727272,0,absolute,node,3593,-1,-1,535
353,0,0,727272,0,absolute,node,3048,-1,4,535
354,0,0,727272,0,absolute,node,21439,-1,-4,535
355,0,0,727272,0,absolute,node,11893,-1,1,535
356,0,0,727272,0,absolute,node,5126,-1,-1,535
357,0,0,727272,0,absolute,node,2339,-1,2,535
358,0,0,727272,0,absolute,node,3777,-1,-2,535
359,0,0,727272,0,absolute,node,3996,-1,3,535
360,0,0,727272,0,absolute,node,24988,-1,-3,535
361,0,0,727272,0,absolute,node,1872,-1,2,535
362,0,0,727272,0,absolute,node,19485,-1,-2,535
363,0,0,727272,0,absolute,node,5016,-1,3,535
364,0,0,727272,0,absolute,node,21439,-1,-3,535
365,0,0,727272,0,absolute,node,25293,-1,4,535
366,0,0,727272,0,absolute,node,15550,-1,-4,535
367,0,0,727272,0,absolute,node,5306,-1,3,535
368,0,0,727272,0,absolute,node,19607,-1,-3,535
369,0,0,727272,0,absolute,node,10295,-1,2,535
370,0,0,727272,0,absolute,node,19607,-1,-2,535
371,0,0,727272,0,absolute,node,6220,-1,1,535
372,0,0,727272,0,absolute,node,2050,-1,-1,535
373,0,0,727272,0,absolute,node,1801,-1,1,535
374,0,0,727272,0,absolute,node,17888,-1,-1,535
375,0,0,727272,0,absolute,node,24650,-1,1,535
376,0,0,727272,0,absolute,node,20894,-1,-1,535
377,0,0,727272,0,absolute,node,25983,-1,2,535
378,0,0,727272,0,absolute,node,12380,-1,-2,535
379,0,0,727272,0,absolute,node,22050,-1,1,535
380,0,0,727272,0,absolute,node,5126,-1,-1,535
381,0,0,727272,0,absolute,node,12783,-1,1,535
382,0,0,727272,0,absolute,node,8097,-1,-1,535
383,0,0,727272,0,absolute,node,5017,-1,1,535
384,0,0,727272,0,absolute,node,15600,-1,-1,535
385,0,0,818181,0,absolute,node,3996,-1,1,535
386,0,0,818181,0,absolute,node,7134,-1,-1,535
387,0,0,818181,0,absolute,node,18063,-1,1,535
388,0,0,818181,0,absolute,node,5016,-1,-1,535
389,0,0,818181,0,absolute,node,24433,-1,1,535
390,0,0,818181,0,absolute,node,20316,-1,-1,535
391,0,0,818181,0,absolute,node,21691,-1,1,535
392,0,0,818181,0,absolute,node,8097,-1,-1,535
393,0,0,818181,0,absolute,node,17262,-1,1,535
394,0,0,818181,0,absolute,node,20894,-1,-1,535
395,0,0,818181,0,absolute,node,26018,-1,1,535
396,0,0,818181,0,absolute,node,5665,-1,-1,535
397,0,0,818181,0,absolute,node,7481,-1,1,535
398,0,0,818181,0,absolute,node,1622,-1,-1,535
399,0,0,818181,0,absolute,node,4200,-1,2,535
400,0,0,818181,0,absolute,node,5017,-1,-2,535
401,0,0,818181,0,absolute,node,21825,-1,1,535
402,0,0,818181,0,absolute,node,15600,-1,-1,535
403,0,0,818181,0,absolute,node,5168,-1,1,535
404,0,0,818181,0,absolute,node,8632,-1,-1,535
405,0,0,818181,0,absolute,node,5306,-1,1,535
406,0,0,818181,0,absolute,node,20407,-1,-1,535
407,0,0,818181,0,absolute,node,7713,-1,1,535
408,0,0,818181,0,absolute,node,55,-1,-1,535
409,0,0,818181,0,absolute,node,153,-1,1,535
410,0,0,818181,0,absolute,node,6499,-1,-1,535
411,0,0,818181,0,absolute,node,15313,-1,1,535
412,0,0,818181,0,absolute,node,5243,-1,-1,535
413,0,0,818181,0,absolute,node,5740,-1,1,535
414,0,0,818181,0,absolute,node,2339,-1,-1,535
415,0,0,818181,0,absolute,node,17888,-1,1,535
416,0,0,818181,0,absolute,node,25651,-1,-1,535
417,0,0,818181,0,absolute,node,15335,-1,1,535
418,0,0,818181,0,absolute,node,25293,-1,-1,535
419,0,0,818181,0,absolute,node,1433,-1,1,535
420,0,0,818181,0,absolute,node,3426,-1,-1,535
421,0,0,818181,0,absolute,node,18449,-1,4,535
422,0,0,818181,0,absolute,node,14737,-1,-4,535
423,0,0,818181,0,absolute,node,9202,-1,1,535
424,0,0,818181,0,absolute,node,2339,-1,-1,535
425,0,0,818181,0,absolute,node,24650,-1,1,535
426,0,0,818181,0,absolute,node,23231,-1,-1,535
427,0,0,818181,0,absolute,node,2202,-1,3,535
428,0,0,818181,0,absolute,node,11011,-1,-3,535
429,0,0,818181,0,absolute,node,3593,-1,1,535
430,0,0,818181,0,absolute,node,5243,-1,-1,535
431,0,0,818181,0,absolute,node,11893,-1,4,535
432,0,0,818181,0,absolute,node,19178,-1,-4,535
433,0,0,909090,0,absolute,node,12941,-1,1,535
434,0,0,909090,0,absolute,node,10150,-1,-1,535
435,0,0,909090,0,absolute,node,9262,-1,1,535
436,0,0,909090,0,absolute,node,24433,-1,-1,535
437,0,0,909090,0,absolute,node,7481,-1,1,535
438,0,0,909090,0,absolute,node,5243,-1,-1,535
439,0,0,909090,0,absolute,node,3420,-1,2,535
440,0,0,909090,0,absolute,node,13903,-1,-2,535
441,0,0,909090,0,absolute,node,5016,-1,1,535
442,0,0,909090,0,absolute,node,5168,-1,-1,535
443,0,0,909090,0,absolute,node,7797,-1,1,535
444,0,0,909090,0,absolute,node,6220,-1,-1,535
445,0,0,909090,0,absolute,node,20894,-1,3,535
446,0,0,909090,0,absolute,node,24239,-1,-3,535
447,0,0,909090,0,absolute,node,15989,-1,1,535
448,0,0,909090,0,absolute,node,20316,-1,-1,535
449,0,0,909090,0,absolute,node,17661,-1,1,535
450,0,0,909090,0,absolute,node,25293,-1,-1,535
451,0,0,909090,0,absolute,node,19178,-1,1,535
452,0,0,909090,0,absolute,node,8632,-1,-1,535
453,0,0,909090,0,absolute,node,24988,-1,3,535
454,0,0,909090,0,absolute,node,10295,-1,-3,535
455,0,0,909090,0,absolute,node,9966,-1,1,535
456,0,0,909090,0,absolute,node,5168,-1,-1,535
457,0,0,909090,0,absolute,node,26018,-1,4,535
458,0,0,909090,0,absolute,node,6040,-1,-4,535
459,0,0,909090,0,absolute,node,23231,-1,1,535
460,0,0,909090,0,absolute,node,3593,-1,-1,535
461,0,0,909090,0,absolute,node,8097,-1,3,535
462,0,0,909090,0,absolute,node,1801,-1,-3,535
463,0,0,909090,0,absolute,node,13742,-1,1,535
464,0,0,909090,0,absolute,node,25089,-1,-1,535
465,0,0,909090,0,absolute,node,4320,-1,3,535
466,0,0,909090,0,absolute,node,7713,-1,-3,535
467,0,0,909090,0,absolute,node,12038,-1,1,535
468,0,0,909090,0,absolute,node,55,-1,-1,535
469,0,0,909090,0,absolute,node,2050,-1,4,535
470,0,0,909090,0,absolute,node,14737,-1,-4,535
471,0,0,909090,0,absolute,node,10922,-1,1,535
472,0,0,909090,0,absolute,node,20407,-1,-1,535
473,0,0,909090,0,absolute,node,4698,-1,1,535
474,0,0,909090,0,absolute,node,18063,-1,-1,535
475,0,0,909090,0,absolute,node,25044,-1,2,535
476,0,0,909090,0,absolute,node,1872,-1,-2,535
477,0,0,909090,0,absolute,node,22050,-1,1,535
478,0,0,909090,0,absolute,node,6223,-1,-1,535
479,0,0,909090,0,absolute,node,15550,-1,2,535
480,0,0,909090,0,absolute,node,19485,-1,-2,535
