changeID,absoluteTime,evaluation,bitVector,distanceEvaluation,typeOfChange,affected,affectedID1,affectedID2,change,totalAfterChange
0,0,0,0,0,,,-1,-1,0,562
1,0,0,38461,0,absolute,node,22213,-1,3,562
2,0,0,38461,0,absolute,node,19458,-1,-3,562
3,0,0,38461,0,absolute,node,4563,-1,1,562
4,0,0,38461,0,absolute,node,19577,-1,-1,562
5,0,0,38461,0,absolute,node,6714,-1,1,562
6,0,0,38461,0,absolute,node,18779,-1,-1,562
7,0,0,38461,0,absolute,node,5047,-1,4,562
8,0,0,38461,0,absolute,node,17193,-1,-4,562
9,0,0,38461,0,absolute,node,22074,-1,2,562
10,0,0,38461,0,absolute,node,9670,-1,-2,562
11,0,0,38461,0,absolute,node,12543,-1,2,562
12,0,0,38461,0,absolute,node,5486,-1,-2,562
13,0,0,38461,0,absolute,node,11093,-1,1,562
14,0,0,38461,0,absolute,node,10328,-1,-1,562
15,0,0,38461,0,absolute,node,22335,-1,2,562
16,0,0,38461,0,absolute,node,19599,-1,-2,562
17,0,0,38461,0,absolute,node,23417,-1,1,562
18,0,0,38461,0,absolute,node,24866,-1,-1,562
19,0,0,38461,0,absolute,node,14584,-1,1,562
20,0,0,38461,0,absolute,node,24842,-1,-1,562
21,0,0,38461,0,absolute,node,21220,-1,2,562
22,0,0,38461,0,absolute,node,3352,-1,-2,562
23,0,0,38461,0,absolute,node,17344,-1,4,562
24,0,0,38461,0,absolute,node,18056,-1,-4,562
25,0,0,38461,0,absolute,node,18258,-1,1,562
26,0,0,38461,0,absolute,node,19458,-1,-1,562
27,0,0,38461,0,absolute,node,15463,-1,3,562
28,0,0,38461,0,absolute,node,25208,-1,-3,562
29,0,0,38461,0,absolute,node,17842,-1,3,562
30,0,0,38461,0,absolute,node,9236,-1,-3,562
31,0,0,38461,0,absolute,node,2849,-1,1,562
32,0,0,38461,0,absolute,node,24842,-1,-1,562
33,0,0,38461,0,absolute,node,22776,-1,1,562
34,0,0,38461,0,absolute,node,3352,-1,-1,562
35,0,0,38461,0,absolute,node,21882,-1,3,562
36,0,0,38461,0,absolute,node,10096,-1,-3,562
37,0,0,38461,0,absolute,node,13030,-1,1,562
38,0,0,38461,0,absolute,node,17845,-1,-1,562
39,0,0,38461,0,absolute,node,14096,-1,5,562
40,0,0,38461,0,absolute,node,19697,-1,-5,562
41,0,0,38461,0,absolute,node,9918,-1,1,562
42,0,0,38461,0,absolute,node,11455,-1,-1,562
43,0,0,38461,0,absolute,node,7081,-1,1,562
44,0,0,38461,0,absolute,node,1796,-1,-1,562
45,0,0,38461,0,absolute,node,11855,-1,2,562
46,0,0,38461,0,absolute,node,10503,-1,-2,562
47,0,0,38461,0,absolute,node,2375,-1,1,562
48,0,0,38461,0,absolute,node,24319,-1,-1,562
49,0,0,76923,0,absolute,node,10096,-1,3,562
50,0,0,76923,0,absolute,node,21220,-1,-3,562
51,0,0,76923,0,absolute,node,14640,-1,1,562
52,0,0,76923,0,absolute,node,14584,-1,-1,562
53,0,0,76923,0,absolute,node,18258,-1,1,562
54,0,0,76923,0,absolute,node,24295,-1,-1,562
55,0,0,76923,0,absolute,node,17842,-1,4,562
56,0,0,76923,0,absolute,node,2548,-1,-4,562
57,0,0,76923,0,absolute,node,10601,-1,2,562
58,0,0,76923,0,absolute,node,19458,-1,-2,562
59,0,0,76923,0,absolute,node,10328,-1,4,562
60,0,0,76923,0,absolute,node,26004,-1,-4,562
61,0,0,76923,0,absolute,node,14066,-1,2,562
62,0,0,76923,0,absolute,node,25208,-1,-2,562
63,0,0,76923,0,absolute,node,19697,-1,1,562
64,0,0,76923,0,absolute,node,14584,-1,-1,562
65,0,0,76923,0,absolute,node,22213,-1,3,562
66,0,0,76923,0,absolute,node,21462,-1,-3,562
67,0,0,76923,0,absolute,node,25024,-1,1,562
68,0,0,76923,0,absolute,node,15788,-1,-1,562
69,0,0,76923,0,absolute,node,6437,-1,5,562
70,0,0,76923,0,absolute,node,19583,-1,-5,562
71,0,0,76923,0,absolute,node,9166,-1,5,562
72,0,0,76923,0,absolute,node,26004,-1,-5,562
73,0,0,76923,0,absolute,node,2375,-1,3,562
74,0,0,76923,0,absolute,node,6652,-1,-3,562
75,0,0,76923,0,absolute,node,3352,-1,1,562
76,0,0,76923,0,absolute,node,20427,-1,-1,562
77,0,0,76923,0,absolute,node,15463,-1,1,562
78,0,0,76923,0,absolute,node,17845,-1,-1,562
79,0,0,76923,0,absolute,node,9675,-1,4,562
80,0,0,76923,0,absolute,node,14894,-1,-4,562
81,0,0,76923,0,absolute,node,13030,-1,2,562
82,0,0,76923,0,absolute,node,9577,-1,-2,562
83,0,0,76923,0,absolute,node,7969,-1,1,562
84,0,0,76923,0,absolute,node,3124,-1,-1,562
85,0,0,76923,0,absolute,node,5279,-1,1,562
86,0,0,76923,0,absolute,node,2849,-1,-1,562
87,0,0,76923,0,absolute,node,11855,-1,1,562
88,0,0,76923,0,absolute,node,6714,-1,-1,562
89,0,0,76923,0,absolute,node,18779,-1,4,562
90,0,0,76923,0,absolute,node,10503,-1,-4,562
91,0,0,76923,0,absolute,node,17344,-1,2,562
92,0,0,76923,0,absolute,node,1467,-1,-2,562
93,0,0,76923,0,absolute,node,9542,-1,2,562
94,0,0,76923,0,absolute,node,23417,-1,-2,562
95,0,0,76923,0,absolute,node,19723,-1,2,562
96,0,0,76923,0,absolute,node,20316,-1,-2,562
97,0,0,115384,0,absolute,node,2548,-1,1,562
98,0,0,115384,0,absolute,node,9918,-1,-1,562
99,0,0,115384,0,absolute,node,25751,-1,4,562
100,0,0,115384,0,absolute,node,5058,-1,-4,562
101,0,0,115384,0,absolute,node,24942,-1,1,562
102,0,0,115384,0,absolute,node,7969,-1,-1,562
103,0,0,115384,0,absolute,node,9851,-1,3,562
104,0,0,115384,0,absolute,node,2849,-1,-3,562
105,0,0,115384,0,absolute,node,5279,-1,3,562
106,0,0,115384,0,absolute,node,22335,-1,-3,562
107,0,0,115384,0,absolute,node,3352,-1,1,562
108,0,0,115384,0,absolute,node,4563,-1,-1,562
109,0,0,115384,0,absolute,node,14357,-1,1,562
110,0,0,115384,0,absolute,node,15297,-1,-1,562
111,0,0,115384,0,absolute,node,25208,-1,1,562
112,0,0,115384,0,absolute,node,22213,-1,-1,562
113,0,0,115384,0,absolute,node,14584,-1,4,562
114,0,0,115384,0,absolute,node,25096,-1,-4,562
115,0,0,115384,0,absolute,node,3124,-1,1,562
116,0,0,115384,0,absolute,node,5058,-1,-1,562
117,0,0,115384,0,absolute,node,15788,-1,1,562
118,0,0,115384,0,absolute,node,17845,-1,-1,562
119,0,0,115384,0,absolute,node,5047,-1,2,562
120,0,0,115384,0,absolute,node,25024,-1,-2,562
121,0,0,115384,0,absolute,node,10328,-1,1,562
122,0,0,115384,0,absolute,node,24295,-1,-1,562
123,0,0,115384,0,absolute,node,9670,-1,2,562
124,0,0,115384,0,absolute,node,10503,-1,-2,562
125,0,0,115384,0,absolute,node,20316,-1,2,562
126,0,0,115384,0,absolute,node,6437,-1,-2,562
127,0,0,115384,0,absolute,node,19694,-1,1,562
128,0,0,115384,0,absolute,node,22213,-1,-1,562
129,0,0,115384,0,absolute,node,2375,-1,1,562
130,0,0,115384,0,absolute,node,10433,-1,-1,562
131,0,0,115384,0,absolute,node,17193,-1,1,562
132,0,0,115384,0,absolute,node,21882,-1,-1,562
133,0,0,115384,0,absolute,node,9166,-1,3,562
134,0,0,115384,0,absolute,node,3337,-1,-3,562
135,0,0,115384,0,absolute,node,22074,-1,1,562
136,0,0,115384,0,absolute,node,11945,-1,-1,562
137,0,0,115384,0,absolute,node,2359,-1,1,562
138,0,0,115384,0,absolute,node,21520,-1,-1,562
139,0,0,115384,0,absolute,node,23417,-1,1,562
140,0,0,115384,0,absolute,node,8527,-1,-1,562
141,0,0,115384,0,absolute,node,22776,-1,2,562
142,0,0,115384,0,absolute,node,19779,-1,-2,562
143,0,0,115384,0,absolute,node,24108,-1,4,562
144,0,0,115384,0,absolute,node,9542,-1,-4,562
145,0,0,153846,0,absolute,node,20427,-1,1,562
146,0,0,153846,0,absolute,node,1796,-1,-1,562
147,0,0,153846,0,absolute,node,14066,-1,2,562
148,0,0,153846,0,absolute,node,9670,-1,-2,562
149,0,0,153846,0,absolute,node,10503,-1,1,562
150,0,0,153846,0,absolute,node,5047,-1,-1,562
151,0,0,153846,0,absolute,node,19487,-1,2,562
152,0,0,153846,0,absolute,node,11855,-1,-2,562
153,0,0,153846,0,absolute,node,10433,-1,4,562
154,0,0,153846,0,absolute,node,19697,-1,-4,562
155,0,0,153846,0,absolute,node,19723,-1,3,562
156,0,0,153846,0,absolute,node,2849,-1,-3,562
157,0,0,153846,0,absolute,node,9166,-1,1,562
158,0,0,153846,0,absolute,node,22213,-1,-1,562
159,0,0,153846,0,absolute,node,19577,-1,2,562
160,0,0,153846,0,absolute,node,9236,-1,-2,562
161,0,0,153846,0,absolute,node,14096,-1,1,562
162,0,0,153846,0,absolute,node,17344,-1,-1,562
163,0,0,153846,0,absolute,node,7969,-1,3,562
164,0,0,153846,0,absolute,node,19694,-1,-3,562
165,0,0,153846,0,absolute,node,9744,-1,1,562
166,0,0,153846,0,absolute,node,9236,-1,-1,562
167,0,0,153846,0,absolute,node,3352,-1,1,562
168,0,0,153846,0,absolute,node,2903,-1,-1,562
169,0,0,153846,0,absolute,node,22776,-1,1,562
170,0,0,153846,0,absolute,node,1796,-1,-1,562
171,0,0,153846,0,absolute,node,14640,-1,2,562
172,0,0,153846,0,absolute,node,19254,-1,-2,562
173,0,0,153846,0,absolute,node,4563,-1,3,562
174,0,0,153846,0,absolute,node,18056,-1,-3,562
175,0,0,153846,0,absolute,node,24100,-1,1,562
176,0,0,153846,0,absolute,node,2375,-1,-1,562
177,0,0,153846,0,absolute,node,21882,-1,1,562
178,0,0,153846,0,absolute,node,21101,-1,-1,562
179,0,0,153846,0,absolute,node,16464,-1,1,562
180,0,0,153846,0,absolute,node,17842,-1,-1,562
181,0,0,153846,0,absolute,node,23417,-1,1,562
182,0,0,153846,0,absolute,node,19254,-1,-1,562
183,0,0,153846,0,absolute,node,10601,-1,3,562
184,0,0,153846,0,absolute,node,7081,-1,-3,562
185,0,0,153846,0,absolute,node,24108,-1,1,562
186,0,0,153846,0,absolute,node,5279,-1,-1,562
187,0,0,153846,0,absolute,node,8527,-1,3,562
188,0,0,153846,0,absolute,node,22335,-1,-3,562
189,0,0,153846,0,absolute,node,12543,-1,1,562
190,0,0,153846,0,absolute,node,19583,-1,-1,562
191,0,0,153846,0,absolute,node,16908,-1,3,562
192,0,0,153846,0,absolute,node,15788,-1,-3,562
193,0,0,192307,0,absolute,node,19723,-1,3,562
194,0,0,192307,0,absolute,node,21462,-1,-3,562
195,0,0,192307,0,absolute,node,6652,-1,1,562
196,0,0,192307,0,absolute,node,17344,-1,-1,562
197,0,0,192307,0,absolute,node,21693,-1,1,562
198,0,0,192307,0,absolute,node,4563,-1,-1,562
199,0,0,192307,0,absolute,node,13030,-1,3,562
200,0,0,192307,0,absolute,node,23682,-1,-3,562
201,0,0,192307,0,absolute,node,11855,-1,1,562
202,0,0,192307,0,absolute,node,10601,-1,-1,562
203,0,0,192307,0,absolute,node,15297,-1,5,562
204,0,0,192307,0,absolute,node,15463,-1,-5,562
205,0,0,192307,0,absolute,node,19458,-1,1,562
206,0,0,192307,0,absolute,node,5279,-1,-1,562
207,0,0,192307,0,absolute,node,1577,-1,5,562
208,0,0,192307,0,absolute,node,9542,-1,-5,562
209,0,0,192307,0,absolute,node,11093,-1,1,562
210,0,0,192307,0,absolute,node,14584,-1,-1,562
211,0,0,192307,0,absolute,node,17842,-1,2,562
212,0,0,192307,0,absolute,node,14894,-1,-2,562
213,0,0,192307,0,absolute,node,10984,-1,1,562
214,0,0,192307,0,absolute,node,20991,-1,-1,562
215,0,0,192307,0,absolute,node,22335,-1,2,562
216,0,0,192307,0,absolute,node,16908,-1,-2,562
217,0,0,192307,0,absolute,node,19599,-1,1,562
218,0,0,192307,0,absolute,node,19694,-1,-1,562
219,0,0,192307,0,absolute,node,25751,-1,2,562
220,0,0,192307,0,absolute,node,5486,-1,-2,562
221,0,0,192307,0,absolute,node,18258,-1,1,562
222,0,0,192307,0,absolute,node,1467,-1,-1,562
223,0,0,192307,0,absolute,node,21882,-1,1,562
224,0,0,192307,0,absolute,node,24295,-1,-1,562
225,0,0,192307,0,absolute,node,19779,-1,1,562
226,0,0,192307,0,absolute,node,20427,-1,-1,562
227,0,0,192307,0,absolute,node,9236,-1,3,562
228,0,0,192307,0,absolute,node,20427,-1,-3,562
229,0,0,192307,0,absolute,node,21520,-1,1,562
230,0,0,192307,0,absolute,node,21220,-1,-1,562
231,0,0,192307,0,absolute,node,24100,-1,4,562
232,0,0,192307,0,absolute,node,22776,-1,-4,562
233,0,0,192307,0,absolute,node,20316,-1,1,562
234,0,0,192307,0,absolute,node,3352,-1,-1,562
235,0,0,192307,0,absolute,node,24108,-1,1,562
236,0,0,192307,0,absolute,node,5279,-1,-1,562
237,0,0,192307,0,absolute,node,10096,-1,2,562
238,0,0,192307,0,absolute,node,2548,-1,-2,562
239,0,0,192307,0,absolute,node,9166,-1,1,562
240,0,0,192307,0,absolute,node,9675,-1,-1,562
241,0,0,230769,0,absolute,node,22213,-1,1,562
242,0,0,230769,0,absolute,node,17344,-1,-1,562
243,0,0,230769,0,absolute,node,6714,-1,1,562
244,0,0,230769,0,absolute,node,19723,-1,-1,562
245,0,0,230769,0,absolute,node,19577,-1,2,562
246,0,0,230769,0,absolute,node,21693,-1,-2,562
247,0,0,230769,0,absolute,node,21882,-1,1,562
248,0,0,230769,0,absolute,node,24942,-1,-1,562
249,0,0,230769,0,absolute,node,19583,-1,3,562
250,0,0,230769,0,absolute,node,24108,-1,-3,562
251,0,0,230769,0,absolute,node,15297,-1,1,562
252,0,0,230769,0,absolute,node,14357,-1,-1,562
253,0,0,230769,0,absolute,node,7081,-1,4,562
254,0,0,230769,0,absolute,node,14894,-1,-4,562
255,0,0,230769,0,absolute,node,2903,-1,1,562
256,0,0,230769,0,absolute,node,2359,-1,-1,562
257,0,0,230769,0,absolute,node,10096,-1,4,562
258,0,0,230769,0,absolute,node,2548,-1,-4,562
259,0,0,230769,0,absolute,node,25024,-1,2,562
260,0,0,230769,0,absolute,node,10503,-1,-2,562
261,0,0,230769,0,absolute,node,17842,-1,2,562
262,0,0,230769,0,absolute,node,20427,-1,-2,562
263,0,0,230769,0,absolute,node,8527,-1,1,562
264,0,0,230769,0,absolute,node,25751,-1,-1,562
265,0,0,230769,0,absolute,node,14640,-1,1,562
266,0,0,230769,0,absolute,node,19254,-1,-1,562
267,0,0,230769,0,absolute,node,5279,-1,3,562
268,0,0,230769,0,absolute,node,22074,-1,-3,562
269,0,0,230769,0,absolute,node,9577,-1,3,562
270,0,0,230769,0,absolute,node,19779,-1,-3,562
271,0,0,230769,0,absolute,node,14066,-1,1,562
272,0,0,230769,0,absolute,node,21101,-1,-1,562
273,0,0,230769,0,absolute,node,17845,-1,1,562
274,0,0,230769,0,absolute,node,24942,-1,-1,562
275,0,0,230769,0,absolute,node,18056,-1,1,562
276,0,0,230769,0,absolute,node,5047,-1,-1,562
277,0,0,230769,0,absolute,node,2849,-1,1,562
278,0,0,230769,0,absolute,node,19254,-1,-1,562
279,0,0,230769,0,absolute,node,6652,-1,4,562
280,0,0,230769,0,absolute,node,5058,-1,-4,562
281,0,0,230769,0,absolute,node,6437,-1,1,562
282,0,0,230769,0,absolute,node,11945,-1,-1,562
283,0,0,230769,0,absolute,node,19487,-1,3,562
284,0,0,230769,0,absolute,node,22335,-1,-3,562
285,0,0,230769,0,absolute,node,21520,-1,1,562
286,0,0,230769,0,absolute,node,21101,-1,-1,562
287,0,0,230769,0,absolute,node,9918,-1,2,562
288,0,0,230769,0,absolute,node,15788,-1,-2,562
289,0,0,269230,0,absolute,node,2375,-1,1,562
290,0,0,269230,0,absolute,node,23417,-1,-1,562
291,0,0,269230,0,absolute,node,25208,-1,2,562
292,0,0,269230,0,absolute,node,18258,-1,-2,562
293,0,0,269230,0,absolute,node,20316,-1,2,562
294,0,0,269230,0,absolute,node,19723,-1,-2,562
295,0,0,269230,0,absolute,node,23682,-1,2,562
296,0,0,269230,0,absolute,node,22074,-1,-2,562
297,0,0,269230,0,absolute,node,19458,-1,2,562
298,0,0,269230,0,absolute,node,6714,-1,-2,562
299,0,0,269230,0,absolute,node,5486,-1,1,562
300,0,0,269230,0,absolute,node,22213,-1,-1,562
301,0,0,269230,0,absolute,node,19694,-1,1,562
302,0,0,269230,0,absolute,node,19577,-1,-1,562
303,0,0,269230,0,absolute,node,21220,-1,2,562
304,0,0,269230,0,absolute,node,11855,-1,-2,562
305,0,0,269230,0,absolute,node,15297,-1,4,562
306,0,0,269230,0,absolute,node,25024,-1,-4,562
307,0,0,269230,0,absolute,node,14096,-1,3,562
308,0,0,269230,0,absolute,node,25024,-1,-3,562
309,0,0,269230,0,absolute,node,17344,-1,2,562
310,0,0,269230,0,absolute,node,6437,-1,-2,562
311,0,0,269230,0,absolute,node,10328,-1,3,562
312,0,0,269230,0,absolute,node,3337,-1,-3,562
313,0,0,269230,0,absolute,node,9918,-1,1,562
314,0,0,269230,0,absolute,node,11093,-1,-1,562
315,0,0,269230,0,absolute,node,21882,-1,1,562
316,0,0,269230,0,absolute,node,8527,-1,-1,562
317,0,0,269230,0,absolute,node,1577,-1,1,562
318,0,0,269230,0,absolute,node,22213,-1,-1,562
319,0,0,269230,0,absolute,node,21101,-1,1,562
320,0,0,269230,0,absolute,node,14640,-1,-1,562
321,0,0,269230,0,absolute,node,22776,-1,1,562
322,0,0,269230,0,absolute,node,14066,-1,-1,562
323,0,0,269230,0,absolute,node,9675,-1,2,562
324,0,0,269230,0,absolute,node,15788,-1,-2,562
325,0,0,269230,0,absolute,node,12543,-1,4,562
326,0,0,269230,0,absolute,node,11855,-1,-4,562
327,0,0,269230,0,absolute,node,6652,-1,2,562
328,0,0,269230,0,absolute,node,23417,-1,-2,562
329,0,0,269230,0,absolute,node,9670,-1,1,562
330,0,0,269230,0,absolute,node,18779,-1,-1,562
331,0,0,269230,0,absolute,node,3352,-1,3,562
332,0,0,269230,0,absolute,node,6714,-1,-3,562
333,0,0,269230,0,absolute,node,4563,-1,1,562
334,0,0,269230,0,absolute,node,11093,-1,-1,562
335,0,0,269230,0,absolute,node,10601,-1,3,562
336,0,0,269230,0,absolute,node,2359,-1,-3,562
337,0,0,307692,0,absolute,node,6437,-1,2,562
338,0,0,307692,0,absolute,node,19583,-1,-2,562
339,0,0,307692,0,absolute,node,24319,-1,1,562
340,0,0,307692,0,absolute,node,9236,-1,-1,562
341,0,0,307692,0,absolute,node,3352,-1,2,562
342,0,0,307692,0,absolute,node,23417,-1,-2,562
343,0,0,307692,0,absolute,node,11455,-1,3,562
344,0,0,307692,0,absolute,node,14066,-1,-3,562
345,0,0,307692,0,absolute,node,3997,-1,2,562
346,0,0,307692,0,absolute,node,14640,-1,-2,562
347,0,0,307692,0,absolute,node,24942,-1,4,562
348,0,0,307692,0,absolute,node,19583,-1,-4,562
349,0,0,307692,0,absolute,node,20427,-1,1,562
350,0,0,307692,0,absolute,node,22213,-1,-1,562
351,0,0,307692,0,absolute,node,24866,-1,1,562
352,0,0,307692,0,absolute,node,14066,-1,-1,562
353,0,0,307692,0,absolute,node,25208,-1,2,562
354,0,0,307692,0,absolute,node,18056,-1,-2,562
355,0,0,307692,0,absolute,node,22335,-1,1,562
356,0,0,307692,0,absolute,node,14640,-1,-1,562
357,0,0,307692,0,absolute,node,24295,-1,1,562
358,0,0,307692,0,absolute,node,17842,-1,-1,562
359,0,0,307692,0,absolute,node,9918,-1,3,562
360,0,0,307692,0,absolute,node,19458,-1,-3,562
361,0,0,307692,0,absolute,node,20316,-1,1,562
362,0,0,307692,0,absolute,node,2375,-1,-1,562
363,0,0,307692,0,absolute,node,25024,-1,1,562
364,0,0,307692,0,absolute,node,10096,-1,-1,562
365,0,0,307692,0,absolute,node,19697,-1,1,562
366,0,0,307692,0,absolute,node,24108,-1,-1,562
367,0,0,307692,0,absolute,node,7969,-1,1,562
368,0,0,307692,0,absolute,node,14066,-1,-1,562
369,0,0,307692,0,absolute,node,20991,-1,2,562
370,0,0,307692,0,absolute,node,16908,-1,-2,562
371,0,0,307692,0,absolute,node,16464,-1,2,562
372,0,0,307692,0,absolute,node,11093,-1,-2,562
373,0,0,307692,0,absolute,node,21693,-1,2,562
374,0,0,307692,0,absolute,node,18779,-1,-2,562
375,0,0,307692,0,absolute,node,15463,-1,1,562
376,0,0,307692,0,absolute,node,22213,-1,-1,562
377,0,0,307692,0,absolute,node,5486,-1,2,562
378,0,0,307692,0,absolute,node,9577,-1,-2,562
379,0,0,307692,0,absolute,node,9542,-1,1,562
380,0,0,307692,0,absolute,node,17845,-1,-1,562
381,0,0,307692,0,absolute,node,3124,-1,1,562
382,0,0,307692,0,absolute,node,21882,-1,-1,562
383,0,0,307692,0,absolute,node,21462,-1,1,562
384,0,0,307692,0,absolute,node,19577,-1,-1,562
385,0,0,346153,0,absolute,node,20316,-1,4,562
386,0,0,346153,0,absolute,node,22074,-1,-4,562
387,0,0,346153,0,absolute,node,25024,-1,1,562
388,0,0,346153,0,absolute,node,16908,-1,-1,562
389,0,0,346153,0,absolute,node,24942,-1,2,562
390,0,0,346153,0,absolute,node,21220,-1,-2,562
391,0,0,346153,0,absolute,node,11093,-1,2,562
392,0,0,346153,0,absolute,node,14640,-1,-2,562
393,0,0,346153,0,absolute,node,21693,-1,1,562
394,0,0,346153,0,absolute,node,10328,-1,-1,562
395,0,0,346153,0,absolute,node,14894,-1,2,562
396,0,0,346153,0,absolute,node,17193,-1,-2,562
397,0,0,346153,0,absolute,node,24295,-1,1,562
398,0,0,346153,0,absolute,node,5486,-1,-1,562
399,0,0,346153,0,absolute,node,10096,-1,2,562
400,0,0,346153,0,absolute,node,6652,-1,-2,562
401,0,0,346153,0,absolute,node,21882,-1,3,562
402,0,0,346153,0,absolute,node,15297,-1,-3,562
403,0,0,346153,0,absolute,node,14096,-1,1,562
404,0,0,346153,0,absolute,node,17842,-1,-1,562
405,0,0,346153,0,absolute,node,9670,-1,3,562
406,0,0,346153,0,absolute,node,11855,-1,-3,562
407,0,0,346153,0,absolute,node,19577,-1,3,562
408,0,0,346153,0,absolute,node,14357,-1,-3,562
409,0,0,346153,0,absolute,node,14066,-1,1,562
410,0,0,346153,0,absolute,node,18056,-1,-1,562
411,0,0,346153,0,absolute,node,24108,-1,4,562
412,0,0,346153,0,absolute,node,19779,-1,-4,562
413,0,0,346153,0,absolute,node,3352,-1,3,562
414,0,0,346153,0,absolute,node,21462,-1,-3,562
415,0,0,346153,0,absolute,node,17344,-1,1,562
416,0,0,346153,0,absolute,node,16464,-1,-1,562
417,0,0,346153,0,absolute,node,19254,-1,3,562
418,0,0,346153,0,absolute,node,17193,-1,-3,562
419,0,0,346153,0,absolute,node,24842,-1,2,562
420,0,0,346153,0,absolute,node,9851,-1,-2,562
421,0,0,346153,0,absolute,node,19458,-1,4,562
422,0,0,346153,0,absolute,node,15463,-1,-4,562
423,0,0,346153,0,absolute,node,5047,-1,2,562
424,0,0,346153,0,absolute,node,19599,-1,-2,562
425,0,0,346153,0,absolute,node,9542,-1,3,562
426,0,0,346153,0,absolute,node,7081,-1,-3,562
427,0,0,346153,0,absolute,node,15788,-1,1,562
428,0,0,346153,0,absolute,node,24319,-1,-1,562
429,0,0,346153,0,absolute,node,5058,-1,3,562
430,0,0,346153,0,absolute,node,9166,-1,-3,562
431,0,0,346153,0,absolute,node,22335,-1,3,562
432,0,0,346153,0,absolute,node,18258,-1,-3,562
433,0,0,384615,0,absolute,node,25751,-1,2,562
434,0,0,384615,0,absolute,node,9851,-1,-2,562
435,0,0,384615,0,absolute,node,9577,-1,4,562
436,0,0,384615,0,absolute,node,9744,-1,-4,562
437,0,0,384615,0,absolute,node,6437,-1,1,562
438,0,0,384615,0,absolute,node,24942,-1,-1,562
439,0,0,384615,0,absolute,node,25096,-1,2,562
440,0,0,384615,0,absolute,node,11093,-1,-2,562
441,0,0,384615,0,absolute,node,20427,-1,1,562
442,0,0,384615,0,absolute,node,6714,-1,-1,562
443,0,0,384615,0,absolute,node,13030,-1,1,562
444,0,0,384615,0,absolute,node,23682,-1,-1,562
445,0,0,384615,0,absolute,node,19583,-1,3,562
446,0,0,384615,0,absolute,node,22776,-1,-3,562
447,0,0,384615,0,absolute,node,22074,-1,1,562
448,0,0,384615,0,absolute,node,9675,-1,-1,562
449,0,0,384615,0,absolute,node,19599,-1,1,562
450,0,0,384615,0,absolute,node,5279,-1,-1,562
451,0,0,384615,0,absolute,node,19697,-1,2,562
452,0,0,384615,0,absolute,node,25208,-1,-2,562
453,0,0,384615,0,absolute,node,9542,-1,1,562
454,0,0,384615,0,absolute,node,10096,-1,-1,562
455,0,0,384615,0,absolute,node,22213,-1,2,562
456,0,0,384615,0,absolute,node,19487,-1,-2,562
457,0,0,384615,0,absolute,node,1577,-1,2,562
458,0,0,384615,0,absolute,node,19487,-1,-2,562
459,0,0,384615,0,absolute,node,11945,-1,1,562
460,0,0,384615,0,absolute,node,3352,-1,-1,562
461,0,0,384615,0,absolute,node,15788,-1,2,562
462,0,0,384615,0,absolute,node,5486,-1,-2,562
463,0,0,384615,0,absolute,node,11455,-1,1,562
464,0,0,384615,0,absolute,node,16464,-1,-1,562
465,0,0,384615,0,absolute,node,25024,-1,1,562
466,0,0,384615,0,absolute,node,17344,-1,-1,562
467,0,0,384615,0,absolute,node,8527,-1,1,562
468,0,0,384615,0,absolute,node,14096,-1,-1,562
469,0,0,384615,0,absolute,node,14357,-1,1,562
470,0,0,384615,0,absolute,node,24100,-1,-1,562
471,0,0,384615,0,absolute,node,19694,-1,5,562
472,0,0,384615,0,absolute,node,15463,-1,-5,562
473,0,0,384615,0,absolute,node,21220,-1,3,562
474,0,0,384615,0,absolute,node,7081,-1,-3,562
475,0,0,384615,0,absolute,node,6652,-1,1,562
476,0,0,384615,0,absolute,node,19723,-1,-1,562
477,0,0,384615,0,absolute,node,10601,-1,1,562
478,0,0,384615,0,absolute,node,11093,-1,-1,562
479,0,0,384615,0,absolute,node,24295,-1,2,562
480,0,0,384615,0,absolute,node,12543,-1,-2,562
481,0,0,423076,0,absolute,node,19458,-1,2,562
482,0,0,423076,0,absolute,node,1796,-1,-2,562
483,0,0,423076,0,absolute,node,13030,-1,3,562
484,0,0,423076,0,absolute,node,25208,-1,-3,562
485,0,0,423076,0,absolute,node,19487,-1,2,562
486,0,0,423076,0,absolute,node,25208,-1,-2,562
487,0,0,423076,0,absolute,node,22335,-1,1,562
488,0,0,423076,0,absolute,node,5058,-1,-1,562
489,0,0,423076,0,absolute,node,23682,-1,2,562
490,0,0,423076,0,absolute,node,22074,-1,-2,562
491,0,0,423076,0,absolute,node,17842,-1,1,562
492,0,0,423076,0,absolute,node,9851,-1,-1,562
493,0,0,423076,0,absolute,node,5279,-1,1,562
494,0,0,423076,0,absolute,node,17344,-1,-1,562
495,0,0,423076,0,absolute,node,11455,-1,3,562
496,0,0,423076,0,absolute,node,19583,-1,-3,562
497,0,0,423076,0,absolute,node,24942,-1,2,562
498,0,0,423076,0,absolute,node,4563,-1,-2,562
499,0,0,423076,0,absolute,node,14357,-1,1,562
500,0,0,423076,0,absolute,node,2849,-1,-1,562
501,0,0,423076,0,absolute,node,19599,-1,1,562
502,0,0,423076,0,absolute,node,16464,-1,-1,562
503,0,0,423076,0,absolute,node,15297,-1,1,562
504,0,0,423076,0,absolute,node,16908,-1,-1,562
505,0,0,423076,0,absolute,node,24842,-1,2,562
506,0,0,423076,0,absolute,node,20427,-1,-2,562
507,0,0,423076,0,absolute,node,14584,-1,1,562
508,0,0,423076,0,absolute,node,9918,-1,-1,562
509,0,0,423076,0,absolute,node,9577,-1,1,562
510,0,0,423076,0,absolute,node,20316,-1,-1,562
511,0,0,423076,0,absolute,node,9166,-1,1,562
512,0,0,423076,0,absolute,node,6714,-1,-1,562
513,0,0,423076,0,absolute,node,11093,-1,2,562
514,0,0,423076,0,absolute,node,7081,-1,-2,562
515,0,0,423076,0,absolute,node,19254,-1,1,562
516,0,0,423076,0,absolute,node,21520,-1,-1,562
517,0,0,423076,0,absolute,node,18779,-1,3,562
518,0,0,423076,0,absolute,node,14640,-1,-3,562
519,0,0,423076,0,absolute,node,26004,-1,2,562
520,0,0,423076,0,absolute,node,21101,-1,-2,562
521,0,0,423076,0,absolute,node,18056,-1,2,562
522,0,0,423076,0,absolute,node,9236,-1,-2,562
523,0,0,423076,0,absolute,node,6652,-1,1,562
524,0,0,423076,0,absolute,node,24866,-1,-1,562
525,0,0,423076,0,absolute,node,24108,-1,1,562
526,0,0,423076,0,absolute,node,21882,-1,-1,562
527,0,0,423076,0,absolute,node,19694,-1,1,562
528,0,0,423076,0,absolute,node,9851,-1,-1,562
529,0,0,461538,0,absolute,node,14357,-1,2,562
530,0,0,461538,0,absolute,node,19254,-1,-2,562
531,0,0,461538,0,absolute,node,18056,-1,2,562
532,0,0,461538,0,absolute,node,22335,-1,-2,562
533,0,0,461538,0,absolute,node,18779,-1,2,562
534,0,0,461538,0,absolute,node,5058,-1,-2,562
535,0,0,461538,0,absolute,node,18258,-1,2,562
536,0,0,461538,0,absolute,node,25751,-1,-2,562
537,0,0,461538,0,absolute,node,9577,-1,1,562
538,0,0,461538,0,absolute,node,14096,-1,-1,562
539,0,0,461538,0,absolute,node,19723,-1,1,562
540,0,0,461538,0,absolute,node,23682,-1,-1,562
541,0,0,461538,0,absolute,node,21462,-1,3,562
542,0,0,461538,0,absolute,node,24108,-1,-3,562
543,0,0,461538,0,absolute,node,21220,-1,1,562
544,0,0,461538,0,absolute,node,15463,-1,-1,562
545,0,0,461538,0,absolute,node,2849,-1,1,562
546,0,0,461538,0,absolute,node,24100,-1,-1,562
547,0,0,461538,0,absolute,node,8527,-1,1,562
548,0,0,461538,0,absolute,node,11945,-1,-1,562
549,0,0,461538,0,absolute,node,7081,-1,1,562
550,0,0,461538,0,absolute,node,25024,-1,-1,562
551,0,0,461538,0,absolute,node,1467,-1,1,562
552,0,0,461538,0,absolute,node,22213,-1,-1,562
553,0,0,461538,0,absolute,node,19583,-1,1,562
554,0,0,461538,0,absolute,node,14066,-1,-1,562
555,0,0,461538,0,absolute,node,3124,-1,1,562
556,0,0,461538,0,absolute,node,14640,-1,-1,562
557,0,0,461538,0,absolute,node,23417,-1,2,562
558,0,0,461538,0,absolute,node,19254,-1,-2,562
559,0,0,461538,0,absolute,node,24842,-1,1,562
560,0,0,461538,0,absolute,node,25751,-1,-1,562
561,0,0,461538,0,absolute,node,7969,-1,2,562
562,0,0,461538,0,absolute,node,19697,-1,-2,562
563,0,0,461538,0,absolute,node,2903,-1,1,562
564,0,0,461538,0,absolute,node,10433,-1,-1,562
565,0,0,461538,0,absolute,node,20316,-1,1,562
566,0,0,461538,0,absolute,node,24108,-1,-1,562
567,0,0,461538,0,absolute,node,19458,-1,1,562
568,0,0,461538,0,absolute,node,19779,-1,-1,562
569,0,0,461538,0,absolute,node,9542,-1,3,562
570,0,0,461538,0,absolute,node,19487,-1,-3,562
571,0,0,461538,0,absolute,node,21101,-1,1,562
572,0,0,461538,0,absolute,node,19599,-1,-1,562
573,0,0,461538,0,absolute,node,11455,-1,1,562
574,0,0,461538,0,absolute,node,22074,-1,-1,562
575,0,0,461538,0,absolute,node,5047,-1,1,562
576,0,0,461538,0,absolute,node,10433,-1,-1,562
577,0,0,5e+05,0,absolute,node,24866,-1,4,562
578,0,0,5e+05,0,absolute,node,9744,-1,-4,562
579,0,0,5e+05,0,absolute,node,16908,-1,1,562
580,0,0,5e+05,0,absolute,node,19487,-1,-1,562
581,0,0,5e+05,0,absolute,node,6437,-1,5,562
582,0,0,5e+05,0,absolute,node,24108,-1,-5,562
583,0,0,5e+05,0,absolute,node,26004,-1,4,562
584,0,0,5e+05,0,absolute,node,18258,-1,-4,562
585,0,0,5e+05,0,absolute,node,19723,-1,1,562
586,0,0,5e+05,0,absolute,node,19577,-1,-1,562
587,0,0,5e+05,0,absolute,node,18779,-1,3,562
588,0,0,5e+05,0,absolute,node,3997,-1,-3,562
589,0,0,5e+05,0,absolute,node,17842,-1,1,562
590,0,0,5e+05,0,absolute,node,13030,-1,-1,562
591,0,0,5e+05,0,absolute,node,18056,-1,1,562
592,0,0,5e+05,0,absolute,node,21220,-1,-1,562
593,0,0,5e+05,0,absolute,node,19779,-1,1,562
594,0,0,5e+05,0,absolute,node,9670,-1,-1,562
595,0,0,5e+05,0,absolute,node,21693,-1,1,562
596,0,0,5e+05,0,absolute,node,9542,-1,-1,562
597,0,0,5e+05,0,absolute,node,10328,-1,2,562
598,0,0,5e+05,0,absolute,node,11093,-1,-2,562
599,0,0,5e+05,0,absolute,node,20316,-1,1,562
600,0,0,5e+05,0,absolute,node,10984,-1,-1,562
601,0,0,5e+05,0,absolute,node,16464,-1,1,562
602,0,0,5e+05,0,absolute,node,5279,-1,-1,562
603,0,0,5e+05,0,absolute,node,21101,-1,1,562
604,0,0,5e+05,0,absolute,node,9918,-1,-1,562
605,0,0,5e+05,0,absolute,node,9851,-1,1,562
606,0,0,5e+05,0,absolute,node,3124,-1,-1,562
607,0,0,5e+05,0,absolute,node,24942,-1,3,562
608,0,0,5e+05,0,absolute,node,14640,-1,-3,562
609,0,0,5e+05,0,absolute,node,19254,-1,2,562
610,0,0,5e+05,0,absolute,node,12543,-1,-2,562
611,0,0,5e+05,0,absolute,node,10433,-1,2,562
612,0,0,5e+05,0,absolute,node,23682,-1,-2,562
613,0,0,5e+05,0,absolute,node,21520,-1,1,562
614,0,0,5e+05,0,absolute,node,22213,-1,-1,562
615,0,0,5e+05,0,absolute,node,24100,-1,2,562
616,0,0,5e+05,0,absolute,node,10984,-1,-2,562
617,0,0,5e+05,0,absolute,node,14357,-1,3,562
618,0,0,5e+05,0,absolute,node,14066,-1,-3,562
619,0,0,5e+05,0,absolute,node,15788,-1,4,562
620,0,0,5e+05,0,absolute,node,25024,-1,-4,562
621,0,0,5e+05,0,absolute,node,1577,-1,2,562
622,0,0,5e+05,0,absolute,node,1796,-1,-2,562
623,0,0,5e+05,0,absolute,node,6652,-1,3,562
624,0,0,5e+05,0,absolute,node,19487,-1,-3,562
625,0,0,538461,0,absolute,node,14894,-1,3,562
626,0,0,538461,0,absolute,node,19723,-1,-3,562
627,0,0,538461,0,absolute,node,11855,-1,1,562
628,0,0,538461,0,absolute,node,10096,-1,-1,562
629,0,0,538461,0,absolute,node,25751,-1,1,562
630,0,0,538461,0,absolute,node,20316,-1,-1,562
631,0,0,538461,0,absolute,node,10328,-1,1,562
632,0,0,538461,0,absolute,node,19779,-1,-1,562
633,0,0,538461,0,absolute,node,26004,-1,1,562
634,0,0,538461,0,absolute,node,22213,-1,-1,562
635,0,0,538461,0,absolute,node,21520,-1,3,562
636,0,0,538461,0,absolute,node,19458,-1,-3,562
637,0,0,538461,0,absolute,node,22776,-1,1,562
638,0,0,538461,0,absolute,node,23417,-1,-1,562
639,0,0,538461,0,absolute,node,21101,-1,1,562
640,0,0,538461,0,absolute,node,10433,-1,-1,562
641,0,0,538461,0,absolute,node,25208,-1,2,562
642,0,0,538461,0,absolute,node,1467,-1,-2,562
643,0,0,538461,0,absolute,node,2375,-1,1,562
644,0,0,538461,0,absolute,node,21882,-1,-1,562
645,0,0,538461,0,absolute,node,5279,-1,1,562
646,0,0,538461,0,absolute,node,17344,-1,-1,562
647,0,0,538461,0,absolute,node,6714,-1,2,562
648,0,0,538461,0,absolute,node,6652,-1,-2,562
649,0,0,538461,0,absolute,node,11455,-1,1,562
650,0,0,538461,0,absolute,node,9744,-1,-1,562
651,0,0,538461,0,absolute,node,12543,-1,1,562
652,0,0,538461,0,absolute,node,9675,-1,-1,562
653,0,0,538461,0,absolute,node,17842,-1,2,562
654,0,0,538461,0,absolute,node,16908,-1,-2,562
655,0,0,538461,0,absolute,node,7969,-1,1,562
656,0,0,538461,0,absolute,node,16464,-1,-1,562
657,0,0,538461,0,absolute,node,2359,-1,1,562
658,0,0,538461,0,absolute,node,2903,-1,-1,562
659,0,0,538461,0,absolute,node,24942,-1,2,562
660,0,0,538461,0,absolute,node,15788,-1,-2,562
661,0,0,538461,0,absolute,node,17845,-1,1,562
662,0,0,538461,0,absolute,node,11093,-1,-1,562
663,0,0,538461,0,absolute,node,1796,-1,1,562
664,0,0,538461,0,absolute,node,9236,-1,-1,562
665,0,0,538461,0,absolute,node,25096,-1,2,562
666,0,0,538461,0,absolute,node,19254,-1,-2,562
667,0,0,538461,0,absolute,node,19583,-1,1,562
668,0,0,538461,0,absolute,node,3124,-1,-1,562
669,0,0,538461,0,absolute,node,4563,-1,1,562
670,0,0,538461,0,absolute,node,17344,-1,-1,562
671,0,0,538461,0,absolute,node,9851,-1,1,562
672,0,0,538461,0,absolute,node,14584,-1,-1,562
673,0,0,576923,0,absolute,node,16908,-1,1,562
674,0,0,576923,0,absolute,node,2375,-1,-1,562
675,0,0,576923,0,absolute,node,14584,-1,1,562
676,0,0,576923,0,absolute,node,21882,-1,-1,562
677,0,0,576923,0,absolute,node,20316,-1,2,562
678,0,0,576923,0,absolute,node,25208,-1,-2,562
679,0,0,576923,0,absolute,node,22335,-1,1,562
680,0,0,576923,0,absolute,node,5486,-1,-1,562
681,0,0,576923,0,absolute,node,17193,-1,1,562
682,0,0,576923,0,absolute,node,17842,-1,-1,562
683,0,0,576923,0,absolute,node,21220,-1,1,562
684,0,0,576923,0,absolute,node,16464,-1,-1,562
685,0,0,576923,0,absolute,node,20991,-1,1,562
686,0,0,576923,0,absolute,node,17842,-1,-1,562
687,0,0,576923,0,absolute,node,9851,-1,1,562
688,0,0,576923,0,absolute,node,10984,-1,-1,562
689,0,0,576923,0,absolute,node,24100,-1,2,562
690,0,0,576923,0,absolute,node,9577,-1,-2,562
691,0,0,576923,0,absolute,node,11455,-1,2,562
692,0,0,576923,0,absolute,node,23417,-1,-2,562
693,0,0,576923,0,absolute,node,2903,-1,1,562
694,0,0,576923,0,absolute,node,21693,-1,-1,562
695,0,0,576923,0,absolute,node,24295,-1,1,562
696,0,0,576923,0,absolute,node,9166,-1,-1,562
697,0,0,576923,0,absolute,node,3124,-1,2,562
698,0,0,576923,0,absolute,node,10984,-1,-2,562
699,0,0,576923,0,absolute,node,22776,-1,1,562
700,0,0,576923,0,absolute,node,9918,-1,-1,562
701,0,0,576923,0,absolute,node,18779,-1,1,562
702,0,0,576923,0,absolute,node,21520,-1,-1,562
703,0,0,576923,0,absolute,node,14096,-1,3,562
704,0,0,576923,0,absolute,node,19487,-1,-3,562
705,0,0,576923,0,absolute,node,7081,-1,1,562
706,0,0,576923,0,absolute,node,24842,-1,-1,562
707,0,0,576923,0,absolute,node,15463,-1,1,562
708,0,0,576923,0,absolute,node,9918,-1,-1,562
709,0,0,576923,0,absolute,node,24319,-1,1,562
710,0,0,576923,0,absolute,node,2849,-1,-1,562
711,0,0,576923,0,absolute,node,1467,-1,1,562
712,0,0,576923,0,absolute,node,21101,-1,-1,562
713,0,0,576923,0,absolute,node,1577,-1,1,562
714,0,0,576923,0,absolute,node,5047,-1,-1,562
715,0,0,576923,0,absolute,node,10096,-1,3,562
716,0,0,576923,0,absolute,node,19458,-1,-3,562
717,0,0,576923,0,absolute,node,5279,-1,2,562
718,0,0,576923,0,absolute,node,5047,-1,-2,562
719,0,0,576923,0,absolute,node,11945,-1,2,562
720,0,0,576923,0,absolute,node,25096,-1,-2,562
721,0,0,615384,0,absolute,node,9542,-1,1,562
722,0,0,615384,0,absolute,node,9675,-1,-1,562
723,0,0,615384,0,absolute,node,15297,-1,4,562
724,0,0,615384,0,absolute,node,1577,-1,-4,562
725,0,0,615384,0,absolute,node,20991,-1,5,562
726,0,0,615384,0,absolute,node,22776,-1,-5,562
727,0,0,615384,0,absolute,node,24866,-1,1,562
728,0,0,615384,0,absolute,node,21882,-1,-1,562
729,0,0,615384,0,absolute,node,18056,-1,3,562
730,0,0,615384,0,absolute,node,2359,-1,-3,562
731,0,0,615384,0,absolute,node,9577,-1,1,562
732,0,0,615384,0,absolute,node,14066,-1,-1,562
733,0,0,615384,0,absolute,node,24108,-1,4,562
734,0,0,615384,0,absolute,node,15788,-1,-4,562
735,0,0,615384,0,absolute,node,9851,-1,1,562
736,0,0,615384,0,absolute,node,9670,-1,-1,562
737,0,0,615384,0,absolute,node,22213,-1,1,562
738,0,0,615384,0,absolute,node,14096,-1,-1,562
739,0,0,615384,0,absolute,node,8527,-1,1,562
740,0,0,615384,0,absolute,node,11855,-1,-1,562
741,0,0,615384,0,absolute,node,17842,-1,1,562
742,0,0,615384,0,absolute,node,22335,-1,-1,562
743,0,0,615384,0,absolute,node,6437,-1,1,562
744,0,0,615384,0,absolute,node,19583,-1,-1,562
745,0,0,615384,0,absolute,node,9918,-1,5,562
746,0,0,615384,0,absolute,node,19694,-1,-5,562
747,0,0,615384,0,absolute,node,10984,-1,2,562
748,0,0,615384,0,absolute,node,9670,-1,-2,562
749,0,0,615384,0,absolute,node,11093,-1,2,562
750,0,0,615384,0,absolute,node,15788,-1,-2,562
751,0,0,615384,0,absolute,node,22074,-1,1,562
752,0,0,615384,0,absolute,node,11945,-1,-1,562
753,0,0,615384,0,absolute,node,3124,-1,2,562
754,0,0,615384,0,absolute,node,4563,-1,-2,562
755,0,0,615384,0,absolute,node,19779,-1,2,562
756,0,0,615384,0,absolute,node,2359,-1,-2,562
757,0,0,615384,0,absolute,node,5047,-1,1,562
758,0,0,615384,0,absolute,node,24942,-1,-1,562
759,0,0,615384,0,absolute,node,6652,-1,1,562
760,0,0,615384,0,absolute,node,19599,-1,-1,562
761,0,0,615384,0,absolute,node,24100,-1,3,562
762,0,0,615384,0,absolute,node,6714,-1,-3,562
763,0,0,615384,0,absolute,node,14357,-1,1,562
764,0,0,615384,0,absolute,node,10433,-1,-1,562
765,0,0,615384,0,absolute,node,9236,-1,1,562
766,0,0,615384,0,absolute,node,9670,-1,-1,562
767,0,0,615384,0,absolute,node,24295,-1,1,562
768,0,0,615384,0,absolute,node,24942,-1,-1,562
769,0,0,653846,0,absolute,node,2903,-1,1,562
770,0,0,653846,0,absolute,node,19577,-1,-1,562
771,0,0,653846,0,absolute,node,10433,-1,2,562
772,0,0,653846,0,absolute,node,21462,-1,-2,562
773,0,0,653846,0,absolute,node,9577,-1,1,562
774,0,0,653846,0,absolute,node,1467,-1,-1,562
775,0,0,653846,0,absolute,node,26004,-1,1,562
776,0,0,653846,0,absolute,node,19694,-1,-1,562
777,0,0,653846,0,absolute,node,14096,-1,1,562
778,0,0,653846,0,absolute,node,14584,-1,-1,562
779,0,0,653846,0,absolute,node,14894,-1,1,562
780,0,0,653846,0,absolute,node,24942,-1,-1,562
781,0,0,653846,0,absolute,node,5058,-1,3,562
782,0,0,653846,0,absolute,node,3997,-1,-3,562
783,0,0,653846,0,absolute,node,10984,-1,5,562
784,0,0,653846,0,absolute,node,24108,-1,-5,562
785,0,0,653846,0,absolute,node,21101,-1,1,562
786,0,0,653846,0,absolute,node,19458,-1,-1,562
787,0,0,653846,0,absolute,node,6437,-1,1,562
788,0,0,653846,0,absolute,node,21520,-1,-1,562
789,0,0,653846,0,absolute,node,15297,-1,4,562
790,0,0,653846,0,absolute,node,1577,-1,-4,562
791,0,0,653846,0,absolute,node,19254,-1,4,562
792,0,0,653846,0,absolute,node,9542,-1,-4,562
793,0,0,653846,0,absolute,node,10601,-1,4,562
794,0,0,653846,0,absolute,node,22776,-1,-4,562
795,0,0,653846,0,absolute,node,22074,-1,1,562
796,0,0,653846,0,absolute,node,7969,-1,-1,562
797,0,0,653846,0,absolute,node,17845,-1,1,562
798,0,0,653846,0,absolute,node,14066,-1,-1,562
799,0,0,653846,0,absolute,node,5486,-1,1,562
800,0,0,653846,0,absolute,node,24942,-1,-1,562
801,0,0,653846,0,absolute,node,10096,-1,2,562
802,0,0,653846,0,absolute,node,19694,-1,-2,562
803,0,0,653846,0,absolute,node,20991,-1,2,562
804,0,0,653846,0,absolute,node,12543,-1,-2,562
805,0,0,653846,0,absolute,node,9675,-1,1,562
806,0,0,653846,0,absolute,node,24942,-1,-1,562
807,0,0,653846,0,absolute,node,17344,-1,5,562
808,0,0,653846,0,absolute,node,24108,-1,-5,562
809,0,0,653846,0,absolute,node,21693,-1,2,562
810,0,0,653846,0,absolute,node,18056,-1,-2,562
811,0,0,653846,0,absolute,node,19599,-1,5,562
812,0,0,653846,0,absolute,node,25096,-1,-5,562
813,0,0,653846,0,absolute,node,9744,-1,3,562
814,0,0,653846,0,absolute,node,18258,-1,-3,562
815,0,0,653846,0,absolute,node,18779,-1,1,562
816,0,0,653846,0,absolute,node,10328,-1,-1,562
817,0,0,692307,0,absolute,node,5486,-1,1,562
818,0,0,692307,0,absolute,node,19577,-1,-1,562
819,0,0,692307,0,absolute,node,8527,-1,1,562
820,0,0,692307,0,absolute,node,24942,-1,-1,562
821,0,0,692307,0,absolute,node,6652,-1,1,562
822,0,0,692307,0,absolute,node,20991,-1,-1,562
823,0,0,692307,0,absolute,node,9851,-1,1,562
824,0,0,692307,0,absolute,node,20427,-1,-1,562
825,0,0,692307,0,absolute,node,3997,-1,2,562
826,0,0,692307,0,absolute,node,1796,-1,-2,562
827,0,0,692307,0,absolute,node,9166,-1,1,562
828,0,0,692307,0,absolute,node,11855,-1,-1,562
829,0,0,692307,0,absolute,node,19723,-1,1,562
830,0,0,692307,0,absolute,node,24842,-1,-1,562
831,0,0,692307,0,absolute,node,22074,-1,1,562
832,0,0,692307,0,absolute,node,2903,-1,-1,562
833,0,0,692307,0,absolute,node,18258,-1,1,562
834,0,0,692307,0,absolute,node,3337,-1,-1,562
835,0,0,692307,0,absolute,node,21693,-1,2,562
836,0,0,692307,0,absolute,node,10096,-1,-2,562
837,0,0,692307,0,absolute,node,10601,-1,2,562
838,0,0,692307,0,absolute,node,7081,-1,-2,562
839,0,0,692307,0,absolute,node,2375,-1,2,562
840,0,0,692307,0,absolute,node,1577,-1,-2,562
841,0,0,692307,0,absolute,node,5279,-1,1,562
842,0,0,692307,0,absolute,node,24100,-1,-1,562
843,0,0,692307,0,absolute,node,25751,-1,1,562
844,0,0,692307,0,absolute,node,5058,-1,-1,562
845,0,0,692307,0,absolute,node,25024,-1,1,562
846,0,0,692307,0,absolute,node,11945,-1,-1,562
847,0,0,692307,0,absolute,node,19694,-1,1,562
848,0,0,692307,0,absolute,node,17842,-1,-1,562
849,0,0,692307,0,absolute,node,21520,-1,1,562
850,0,0,692307,0,absolute,node,22213,-1,-1,562
851,0,0,692307,0,absolute,node,25208,-1,1,562
852,0,0,692307,0,absolute,node,10433,-1,-1,562
853,0,0,692307,0,absolute,node,15463,-1,2,562
854,0,0,692307,0,absolute,node,22335,-1,-2,562
855,0,0,692307,0,absolute,node,23682,-1,1,562
856,0,0,692307,0,absolute,node,20991,-1,-1,562
857,0,0,692307,0,absolute,node,20316,-1,1,562
858,0,0,692307,0,absolute,node,13030,-1,-1,562
859,0,0,692307,0,absolute,node,9670,-1,1,562
860,0,0,692307,0,absolute,node,19577,-1,-1,562
861,0,0,692307,0,absolute,node,19254,-1,1,562
862,0,0,692307,0,absolute,node,11093,-1,-1,562
863,0,0,692307,0,absolute,node,2548,-1,1,562
864,0,0,692307,0,absolute,node,14096,-1,-1,562
865,0,0,730769,0,absolute,node,22776,-1,1,562
866,0,0,730769,0,absolute,node,21101,-1,-1,562
867,0,0,730769,0,absolute,node,22213,-1,3,562
868,0,0,730769,0,absolute,node,14357,-1,-3,562
869,0,0,730769,0,absolute,node,14066,-1,1,562
870,0,0,730769,0,absolute,node,10433,-1,-1,562
871,0,0,730769,0,absolute,node,19723,-1,2,562
872,0,0,730769,0,absolute,node,11093,-1,-2,562
873,0,0,730769,0,absolute,node,9675,-1,1,562
874,0,0,730769,0,absolute,node,11455,-1,-1,562
875,0,0,730769,0,absolute,node,25208,-1,1,562
876,0,0,730769,0,absolute,node,24319,-1,-1,562
877,0,0,730769,0,absolute,node,9542,-1,2,562
878,0,0,730769,0,absolute,node,12543,-1,-2,562
879,0,0,730769,0,absolute,node,1796,-1,1,562
880,0,0,730769,0,absolute,node,24295,-1,-1,562
881,0,0,730769,0,absolute,node,15788,-1,1,562
882,0,0,730769,0,absolute,node,24295,-1,-1,562
883,0,0,730769,0,absolute,node,7969,-1,2,562
884,0,0,730769,0,absolute,node,9577,-1,-2,562
885,0,0,730769,0,absolute,node,17845,-1,1,562
886,0,0,730769,0,absolute,node,6437,-1,-1,562
887,0,0,730769,0,absolute,node,18258,-1,1,562
888,0,0,730769,0,absolute,node,14096,-1,-1,562
889,0,0,730769,0,absolute,node,21882,-1,1,562
890,0,0,730769,0,absolute,node,24100,-1,-1,562
891,0,0,730769,0,absolute,node,1467,-1,3,562
892,0,0,730769,0,absolute,node,21220,-1,-3,562
893,0,0,730769,0,absolute,node,24842,-1,1,562
894,0,0,730769,0,absolute,node,12543,-1,-1,562
895,0,0,730769,0,absolute,node,8527,-1,1,562
896,0,0,730769,0,absolute,node,3997,-1,-1,562
897,0,0,730769,0,absolute,node,6714,-1,2,562
898,0,0,730769,0,absolute,node,17193,-1,-2,562
899,0,0,730769,0,absolute,node,1577,-1,2,562
900,0,0,730769,0,absolute,node,4563,-1,-2,562
901,0,0,730769,0,absolute,node,6652,-1,1,562
902,0,0,730769,0,absolute,node,10601,-1,-1,562
903,0,0,730769,0,absolute,node,2359,-1,1,562
904,0,0,730769,0,absolute,node,2375,-1,-1,562
905,0,0,730769,0,absolute,node,10328,-1,1,562
906,0,0,730769,0,absolute,node,5279,-1,-1,562
907,0,0,730769,0,absolute,node,10503,-1,1,562
908,0,0,730769,0,absolute,node,21220,-1,-1,562
909,0,0,730769,0,absolute,node,22335,-1,1,562
910,0,0,730769,0,absolute,node,24866,-1,-1,562
911,0,0,730769,0,absolute,node,10096,-1,2,562
912,0,0,730769,0,absolute,node,6437,-1,-2,562
913,0,0,769230,0,absolute,node,17842,-1,2,562
914,0,0,769230,0,absolute,node,9851,-1,-2,562
915,0,0,769230,0,absolute,node,23417,-1,1,562
916,0,0,769230,0,absolute,node,18258,-1,-1,562
917,0,0,769230,0,absolute,node,15297,-1,3,562
918,0,0,769230,0,absolute,node,19254,-1,-3,562
919,0,0,769230,0,absolute,node,11455,-1,1,562
920,0,0,769230,0,absolute,node,21882,-1,-1,562
921,0,0,769230,0,absolute,node,9577,-1,1,562
922,0,0,769230,0,absolute,node,24866,-1,-1,562
923,0,0,769230,0,absolute,node,10433,-1,1,562
924,0,0,769230,0,absolute,node,2903,-1,-1,562
925,0,0,769230,0,absolute,node,5047,-1,1,562
926,0,0,769230,0,absolute,node,18779,-1,-1,562
927,0,0,769230,0,absolute,node,5058,-1,1,562
928,0,0,769230,0,absolute,node,24295,-1,-1,562
929,0,0,769230,0,absolute,node,6714,-1,3,562
930,0,0,769230,0,absolute,node,9166,-1,-3,562
931,0,0,769230,0,absolute,node,5486,-1,1,562
932,0,0,769230,0,absolute,node,4563,-1,-1,562
933,0,0,769230,0,absolute,node,22776,-1,1,562
934,0,0,769230,0,absolute,node,9918,-1,-1,562
935,0,0,769230,0,absolute,node,10096,-1,2,562
936,0,0,769230,0,absolute,node,12543,-1,-2,562
937,0,0,769230,0,absolute,node,1467,-1,1,562
938,0,0,769230,0,absolute,node,10601,-1,-1,562
939,0,0,769230,0,absolute,node,25024,-1,1,562
940,0,0,769230,0,absolute,node,9675,-1,-1,562
941,0,0,769230,0,absolute,node,21693,-1,2,562
942,0,0,769230,0,absolute,node,3352,-1,-2,562
943,0,0,769230,0,absolute,node,16464,-1,3,562
944,0,0,769230,0,absolute,node,19723,-1,-3,562
945,0,0,769230,0,absolute,node,25208,-1,1,562
946,0,0,769230,0,absolute,node,20991,-1,-1,562
947,0,0,769230,0,absolute,node,2548,-1,1,562
948,0,0,769230,0,absolute,node,14357,-1,-1,562
949,0,0,769230,0,absolute,node,13030,-1,2,562
950,0,0,769230,0,absolute,node,14894,-1,-2,562
951,0,0,769230,0,absolute,node,24100,-1,3,562
952,0,0,769230,0,absolute,node,1577,-1,-3,562
953,0,0,769230,0,absolute,node,19694,-1,3,562
954,0,0,769230,0,absolute,node,1577,-1,-3,562
955,0,0,769230,0,absolute,node,22074,-1,1,562
956,0,0,769230,0,absolute,node,12543,-1,-1,562
957,0,0,769230,0,absolute,node,20316,-1,1,562
958,0,0,769230,0,absolute,node,24866,-1,-1,562
959,0,0,769230,0,absolute,node,8527,-1,1,562
960,0,0,769230,0,absolute,node,6652,-1,-1,562
961,0,0,807692,0,absolute,node,21101,-1,1,562
962,0,0,807692,0,absolute,node,20316,-1,-1,562
963,0,0,807692,0,absolute,node,5279,-1,1,562
964,0,0,807692,0,absolute,node,4563,-1,-1,562
965,0,0,807692,0,absolute,node,6652,-1,1,562
966,0,0,807692,0,absolute,node,21882,-1,-1,562
967,0,0,807692,0,absolute,node,23417,-1,1,562
968,0,0,807692,0,absolute,node,9851,-1,-1,562
969,0,0,807692,0,absolute,node,21462,-1,2,562
970,0,0,807692,0,absolute,node,19599,-1,-2,562
971,0,0,807692,0,absolute,node,24295,-1,3,562
972,0,0,807692,0,absolute,node,19254,-1,-3,562
973,0,0,807692,0,absolute,node,2548,-1,1,562
974,0,0,807692,0,absolute,node,14894,-1,-1,562
975,0,0,807692,0,absolute,node,9744,-1,3,562
976,0,0,807692,0,absolute,node,22074,-1,-3,562
977,0,0,807692,0,absolute,node,9675,-1,3,562
978,0,0,807692,0,absolute,node,10984,-1,-3,562
979,0,0,807692,0,absolute,node,26004,-1,2,562
980,0,0,807692,0,absolute,node,25751,-1,-2,562
981,0,0,807692,0,absolute,node,11945,-1,1,562
982,0,0,807692,0,absolute,node,22213,-1,-1,562
983,0,0,807692,0,absolute,node,16464,-1,2,562
984,0,0,807692,0,absolute,node,24108,-1,-2,562
985,0,0,807692,0,absolute,node,3337,-1,1,562
986,0,0,807692,0,absolute,node,10984,-1,-1,562
987,0,0,807692,0,absolute,node,22335,-1,1,562
988,0,0,807692,0,absolute,node,11455,-1,-1,562
989,0,0,807692,0,absolute,node,14357,-1,2,562
990,0,0,807692,0,absolute,node,21220,-1,-2,562
991,0,0,807692,0,absolute,node,17193,-1,1,562
992,0,0,807692,0,absolute,node,19779,-1,-1,562
993,0,0,807692,0,absolute,node,3997,-1,1,562
994,0,0,807692,0,absolute,node,19599,-1,-1,562
995,0,0,807692,0,absolute,node,21693,-1,3,562
996,0,0,807692,0,absolute,node,21220,-1,-3,562
997,0,0,807692,0,absolute,node,9577,-1,3,562
998,0,0,807692,0,absolute,node,10096,-1,-3,562
999,0,0,807692,0,absolute,node,18779,-1,1,562
1000,0,0,807692,0,absolute,node,17845,-1,-1,562
1001,0,0,807692,0,absolute,node,10503,-1,2,562
1002,0,0,807692,0,absolute,node,7969,-1,-2,562
1003,0,0,807692,0,absolute,node,14584,-1,1,562
1004,0,0,807692,0,absolute,node,14096,-1,-1,562
1005,0,0,807692,0,absolute,node,9670,-1,1,562
1006,0,0,807692,0,absolute,node,10601,-1,-1,562
1007,0,0,807692,0,absolute,node,19577,-1,1,562
1008,0,0,807692,0,absolute,node,8527,-1,-1,562
1009,0,0,846153,0,absolute,node,15788,-1,3,562
1010,0,0,846153,0,absolute,node,19694,-1,-3,562
1011,0,0,846153,0,absolute,node,9744,-1,1,562
1012,0,0,846153,0,absolute,node,10601,-1,-1,562
1013,0,0,846153,0,absolute,node,21462,-1,1,562
1014,0,0,846153,0,absolute,node,17344,-1,-1,562
1015,0,0,846153,0,absolute,node,9236,-1,1,562
1016,0,0,846153,0,absolute,node,9542,-1,-1,562
1017,0,0,846153,0,absolute,node,25751,-1,1,562
1018,0,0,846153,0,absolute,node,5486,-1,-1,562
1019,0,0,846153,0,absolute,node,23682,-1,1,562
1020,0,0,846153,0,absolute,node,2375,-1,-1,562
1021,0,0,846153,0,absolute,node,20991,-1,1,562
1022,0,0,846153,0,absolute,node,16464,-1,-1,562
1023,0,0,846153,0,absolute,node,14640,-1,1,562
1024,0,0,846153,0,absolute,node,2903,-1,-1,562
1025,0,0,846153,0,absolute,node,13030,-1,1,562
1026,0,0,846153,0,absolute,node,24295,-1,-1,562
1027,0,0,846153,0,absolute,node,17845,-1,3,562
1028,0,0,846153,0,absolute,node,9166,-1,-3,562
1029,0,0,846153,0,absolute,node,14066,-1,2,562
1030,0,0,846153,0,absolute,node,3352,-1,-2,562
1031,0,0,846153,0,absolute,node,6652,-1,2,562
1032,0,0,846153,0,absolute,node,19697,-1,-2,562
1033,0,0,846153,0,absolute,node,24942,-1,2,562
1034,0,0,846153,0,absolute,node,3997,-1,-2,562
1035,0,0,846153,0,absolute,node,12543,-1,1,562
1036,0,0,846153,0,absolute,node,22213,-1,-1,562
1037,0,0,846153,0,absolute,node,4563,-1,2,562
1038,0,0,846153,0,absolute,node,10503,-1,-2,562
1039,0,0,846153,0,absolute,node,20427,-1,1,562
1040,0,0,846153,0,absolute,node,10328,-1,-1,562
1041,0,0,846153,0,absolute,node,10096,-1,1,562
1042,0,0,846153,0,absolute,node,21520,-1,-1,562
1043,0,0,846153,0,absolute,node,11455,-1,2,562
1044,0,0,846153,0,absolute,node,22074,-1,-2,562
1045,0,0,846153,0,absolute,node,19487,-1,1,562
1046,0,0,846153,0,absolute,node,24295,-1,-1,562
1047,0,0,846153,0,absolute,node,14584,-1,1,562
1048,0,0,846153,0,absolute,node,9851,-1,-1,562
1049,0,0,846153,0,absolute,node,14357,-1,1,562
1050,0,0,846153,0,absolute,node,2375,-1,-1,562
1051,0,0,846153,0,absolute,node,25024,-1,3,562
1052,0,0,846153,0,absolute,node,10984,-1,-3,562
1053,0,0,846153,0,absolute,node,2849,-1,1,562
1054,0,0,846153,0,absolute,node,8527,-1,-1,562
1055,0,0,846153,0,absolute,node,7081,-1,1,562
1056,0,0,846153,0,absolute,node,17842,-1,-1,562
1057,0,0,884615,0,absolute,node,19458,-1,2,562
1058,0,0,884615,0,absolute,node,15788,-1,-2,562
1059,0,0,884615,0,absolute,node,9236,-1,2,562
1060,0,0,884615,0,absolute,node,4563,-1,-2,562
1061,0,0,884615,0,absolute,node,14584,-1,1,562
1062,0,0,884615,0,absolute,node,2903,-1,-1,562
1063,0,0,884615,0,absolute,node,18779,-1,1,562
1064,0,0,884615,0,absolute,node,10433,-1,-1,562
1065,0,0,884615,0,absolute,node,19723,-1,1,562
1066,0,0,884615,0,absolute,node,9851,-1,-1,562
1067,0,0,884615,0,absolute,node,11093,-1,3,562
1068,0,0,884615,0,absolute,node,23682,-1,-3,562
1069,0,0,884615,0,absolute,node,17842,-1,3,562
1070,0,0,884615,0,absolute,node,14357,-1,-3,562
1071,0,0,884615,0,absolute,node,11945,-1,1,562
1072,0,0,884615,0,absolute,node,19779,-1,-1,562
1073,0,0,884615,0,absolute,node,25208,-1,1,562
1074,0,0,884615,0,absolute,node,9675,-1,-1,562
1075,0,0,884615,0,absolute,node,22213,-1,2,562
1076,0,0,884615,0,absolute,node,23417,-1,-2,562
1077,0,0,884615,0,absolute,node,12543,-1,4,562
1078,0,0,884615,0,absolute,node,6652,-1,-4,562
1079,0,0,884615,0,absolute,node,24942,-1,1,562
1080,0,0,884615,0,absolute,node,6714,-1,-1,562
1081,0,0,884615,0,absolute,node,26004,-1,2,562
1082,0,0,884615,0,absolute,node,5486,-1,-2,562
1083,0,0,884615,0,absolute,node,15463,-1,4,562
1084,0,0,884615,0,absolute,node,9542,-1,-4,562
1085,0,0,884615,0,absolute,node,21462,-1,4,562
1086,0,0,884615,0,absolute,node,6652,-1,-4,562
1087,0,0,884615,0,absolute,node,19577,-1,1,562
1088,0,0,884615,0,absolute,node,14894,-1,-1,562
1089,0,0,884615,0,absolute,node,25751,-1,1,562
1090,0,0,884615,0,absolute,node,1796,-1,-1,562
1091,0,0,884615,0,absolute,node,21101,-1,2,562
1092,0,0,884615,0,absolute,node,21693,-1,-2,562
1093,0,0,884615,0,absolute,node,9744,-1,2,562
1094,0,0,884615,0,absolute,node,3997,-1,-2,562
1095,0,0,884615,0,absolute,node,17193,-1,1,562
1096,0,0,884615,0,absolute,node,10601,-1,-1,562
1097,0,0,884615,0,absolute,node,9918,-1,1,562
1098,0,0,884615,0,absolute,node,11455,-1,-1,562
1099,0,0,884615,0,absolute,node,5047,-1,2,562
1100,0,0,884615,0,absolute,node,1467,-1,-2,562
1101,0,0,884615,0,absolute,node,10328,-1,2,562
1102,0,0,884615,0,absolute,node,23682,-1,-2,562
1103,0,0,884615,0,absolute,node,2359,-1,2,562
1104,0,0,884615,0,absolute,node,7969,-1,-2,562
1105,0,0,923076,0,absolute,node,24100,-1,2,562
1106,0,0,923076,0,absolute,node,15788,-1,-2,562
1107,0,0,923076,0,absolute,node,5047,-1,3,562
1108,0,0,923076,0,absolute,node,3352,-1,-3,562
1109,0,0,923076,0,absolute,node,10601,-1,2,562
1110,0,0,923076,0,absolute,node,19599,-1,-2,562
1111,0,0,923076,0,absolute,node,14096,-1,1,562
1112,0,0,923076,0,absolute,node,24942,-1,-1,562
1113,0,0,923076,0,absolute,node,21101,-1,3,562
1114,0,0,923076,0,absolute,node,25024,-1,-3,562
1115,0,0,923076,0,absolute,node,19697,-1,1,562
1116,0,0,923076,0,absolute,node,17344,-1,-1,562
1117,0,0,923076,0,absolute,node,10096,-1,2,562
1118,0,0,923076,0,absolute,node,19723,-1,-2,562
1119,0,0,923076,0,absolute,node,1467,-1,1,562
1120,0,0,923076,0,absolute,node,5279,-1,-1,562
1121,0,0,923076,0,absolute,node,9670,-1,1,562
1122,0,0,923076,0,absolute,node,6437,-1,-1,562
1123,0,0,923076,0,absolute,node,23682,-1,1,562
1124,0,0,923076,0,absolute,node,24295,-1,-1,562
1125,0,0,923076,0,absolute,node,9542,-1,1,562
1126,0,0,923076,0,absolute,node,22213,-1,-1,562
1127,0,0,923076,0,absolute,node,14584,-1,1,562
1128,0,0,923076,0,absolute,node,10433,-1,-1,562
1129,0,0,923076,0,absolute,node,16464,-1,3,562
1130,0,0,923076,0,absolute,node,9236,-1,-3,562
1131,0,0,923076,0,absolute,node,4563,-1,4,562
1132,0,0,923076,0,absolute,node,15297,-1,-4,562
1133,0,0,923076,0,absolute,node,17845,-1,2,562
1134,0,0,923076,0,absolute,node,2359,-1,-2,562
1135,0,0,923076,0,absolute,node,13030,-1,2,562
1136,0,0,923076,0,absolute,node,17193,-1,-2,562
1137,0,0,923076,0,absolute,node,24319,-1,1,562
1138,0,0,923076,0,absolute,node,3997,-1,-1,562
1139,0,0,923076,0,absolute,node,6652,-1,1,562
1140,0,0,923076,0,absolute,node,12543,-1,-1,562
1141,0,0,923076,0,absolute,node,24842,-1,3,562
1142,0,0,923076,0,absolute,node,15297,-1,-3,562
1143,0,0,923076,0,absolute,node,9166,-1,1,562
1144,0,0,923076,0,absolute,node,6437,-1,-1,562
1145,0,0,923076,0,absolute,node,10503,-1,2,562
1146,0,0,923076,0,absolute,node,19583,-1,-2,562
1147,0,0,923076,0,absolute,node,5486,-1,1,562
1148,0,0,923076,0,absolute,node,10433,-1,-1,562
1149,0,0,923076,0,absolute,node,19487,-1,3,562
1150,0,0,923076,0,absolute,node,15297,-1,-3,562
1151,0,0,923076,0,absolute,node,25208,-1,1,562
1152,0,0,923076,0,absolute,node,19458,-1,-1,562
1153,0,0,961538,0,absolute,node,13030,-1,1,562
1154,0,0,961538,0,absolute,node,10601,-1,-1,562
1155,0,0,961538,0,absolute,node,11855,-1,1,562
1156,0,0,961538,0,absolute,node,18056,-1,-1,562
1157,0,0,961538,0,absolute,node,26004,-1,2,562
1158,0,0,961538,0,absolute,node,3124,-1,-2,562
1159,0,0,961538,0,absolute,node,17842,-1,1,562
1160,0,0,961538,0,absolute,node,21101,-1,-1,562
1161,0,0,961538,0,absolute,node,10433,-1,1,562
1162,0,0,961538,0,absolute,node,5279,-1,-1,562
1163,0,0,961538,0,absolute,node,9918,-1,2,562
1164,0,0,961538,0,absolute,node,3352,-1,-2,562
1165,0,0,961538,0,absolute,node,24842,-1,3,562
1166,0,0,961538,0,absolute,node,21462,-1,-3,562
1167,0,0,961538,0,absolute,node,14640,-1,1,562
1168,0,0,961538,0,absolute,node,21520,-1,-1,562
1169,0,0,961538,0,absolute,node,6437,-1,1,562
1170,0,0,961538,0,absolute,node,24295,-1,-1,562
1171,0,0,961538,0,absolute,node,7969,-1,2,562
1172,0,0,961538,0,absolute,node,22335,-1,-2,562
1173,0,0,961538,0,absolute,node,18258,-1,1,562
1174,0,0,961538,0,absolute,node,19458,-1,-1,562
1175,0,0,961538,0,absolute,node,19583,-1,2,562
1176,0,0,961538,0,absolute,node,3352,-1,-2,562
1177,0,0,961538,0,absolute,node,22074,-1,1,562
1178,0,0,961538,0,absolute,node,9236,-1,-1,562
1179,0,0,961538,0,absolute,node,21882,-1,1,562
1180,0,0,961538,0,absolute,node,2359,-1,-1,562
1181,0,0,961538,0,absolute,node,4563,-1,1,562
1182,0,0,961538,0,absolute,node,19577,-1,-1,562
1183,0,0,961538,0,absolute,node,24319,-1,1,562
1184,0,0,961538,0,absolute,node,14894,-1,-1,562
1185,0,0,961538,0,absolute,node,9675,-1,1,562
1186,0,0,961538,0,absolute,node,25024,-1,-1,562
1187,0,0,961538,0,absolute,node,14357,-1,3,562
1188,0,0,961538,0,absolute,node,2548,-1,-3,562
1189,0,0,961538,0,absolute,node,5047,-1,1,562
1190,0,0,961538,0,absolute,node,14584,-1,-1,562
1191,0,0,961538,0,absolute,node,24866,-1,4,562
1192,0,0,961538,0,absolute,node,1577,-1,-4,562
1193,0,0,961538,0,absolute,node,9670,-1,2,562
1194,0,0,961538,0,absolute,node,12543,-1,-2,562
1195,0,0,961538,0,absolute,node,16908,-1,1,562
1196,0,0,961538,0,absolute,node,3124,-1,-1,562
1197,0,0,961538,0,absolute,node,9166,-1,3,562
1198,0,0,961538,0,absolute,node,25208,-1,-3,562
1199,0,0,961538,0,absolute,node,22213,-1,1,562
1200,0,0,961538,0,absolute,node,20991,-1,-1,562
