changeID,absoluteTime,evaluation,bitVector,distanceEvaluation,typeOfChange,affected,affectedID1,affectedID2,change,totalAfterChange
0,0,0,0,0,,,-1,-1,0,560
1,0,0,90909,0,absolute,node,163578,-1,1,560
2,0,0,90909,0,absolute,node,16250,-1,-1,560
3,0,0,90909,0,absolute,node,5413,-1,3,560
4,0,0,90909,0,absolute,node,93993,-1,-3,560
5,0,0,90909,0,absolute,node,703,-1,1,560
6,0,0,90909,0,absolute,node,16250,-1,-1,560
7,0,0,90909,0,absolute,node,96368,-1,1,560
8,0,0,90909,0,absolute,node,167837,-1,-1,560
9,0,0,90909,0,absolute,node,116583,-1,4,560
10,0,0,90909,0,absolute,node,140976,-1,-4,560
11,0,0,90909,0,absolute,node,95859,-1,4,560
12,0,0,90909,0,absolute,node,165324,-1,-4,560
13,0,0,90909,0,absolute,node,78604,-1,1,560
14,0,0,90909,0,absolute,node,23690,-1,-1,560
15,0,0,90909,0,absolute,node,78988,-1,2,560
16,0,0,90909,0,absolute,node,92467,-1,-2,560
17,0,0,90909,0,absolute,node,157973,-1,2,560
18,0,0,90909,0,absolute,node,9643,-1,-2,560
19,0,0,90909,0,absolute,node,58038,-1,2,560
20,0,0,90909,0,absolute,node,165324,-1,-2,560
21,0,0,90909,0,absolute,node,166707,-1,2,560
22,0,0,90909,0,absolute,node,174026,-1,-2,560
23,0,0,90909,0,absolute,node,42122,-1,1,560
24,0,0,90909,0,absolute,node,113025,-1,-1,560
25,0,0,90909,0,absolute,node,153463,-1,2,560
26,0,0,90909,0,absolute,node,184930,-1,-2,560
27,0,0,90909,0,absolute,node,96686,-1,1,560
28,0,0,90909,0,absolute,node,109393,-1,-1,560
29,0,0,90909,0,absolute,node,108858,-1,1,560
30,0,0,90909,0,absolute,node,117113,-1,-1,560
31,0,0,90909,0,absolute,node,177837,-1,1,560
32,0,0,90909,0,absolute,node,126511,-1,-1,560
33,0,0,90909,0,absolute,node,206560,-1,2,560
34,0,0,90909,0,absolute,node,126511,-1,-2,560
35,0,0,90909,0,absolute,node,97559,-1,1,560
36,0,0,90909,0,absolute,node,177083,-1,-1,560
37,0,0,90909,0,absolute,node,77291,-1,1,560
38,0,0,90909,0,absolute,node,37625,-1,-1,560
39,0,0,90909,0,absolute,node,158738,-1,1,560
40,0,0,90909,0,absolute,node,118299,-1,-1,560
41,0,0,90909,0,absolute,node,75066,-1,1,560
42,0,0,90909,0,absolute,node,103328,-1,-1,560
43,0,0,90909,0,absolute,node,52125,-1,1,560
44,0,0,90909,0,absolute,node,186052,-1,-1,560
45,0,0,90909,0,absolute,node,13731,-1,1,560
46,0,0,90909,0,absolute,node,134693,-1,-1,560
47,0,0,90909,0,absolute,node,75208,-1,1,560
48,0,0,90909,0,absolute,node,9643,-1,-1,560
49,0,0,181818,0,absolute,node,95859,-1,1,560
50,0,0,181818,0,absolute,node,21601,-1,-1,560
51,0,0,181818,0,absolute,node,49861,-1,1,560
52,0,0,181818,0,absolute,node,78988,-1,-1,560
53,0,0,181818,0,absolute,node,15205,-1,5,560
54,0,0,181818,0,absolute,node,75208,-1,-5,560
55,0,0,181818,0,absolute,node,107971,-1,1,560
56,0,0,181818,0,absolute,node,118299,-1,-1,560
57,0,0,181818,0,absolute,node,154121,-1,3,560
58,0,0,181818,0,absolute,node,165324,-1,-3,560
59,0,0,181818,0,absolute,node,140976,-1,1,560
60,0,0,181818,0,absolute,node,210614,-1,-1,560
61,0,0,181818,0,absolute,node,76932,-1,3,560
62,0,0,181818,0,absolute,node,128690,-1,-3,560
63,0,0,181818,0,absolute,node,75066,-1,1,560
64,0,0,181818,0,absolute,node,158738,-1,-1,560
65,0,0,181818,0,absolute,node,59566,-1,3,560
66,0,0,181818,0,absolute,node,184930,-1,-3,560
67,0,0,181818,0,absolute,node,77291,-1,1,560
68,0,0,181818,0,absolute,node,137474,-1,-1,560
69,0,0,181818,0,absolute,node,37625,-1,3,560
70,0,0,181818,0,absolute,node,133730,-1,-3,560
71,0,0,181818,0,absolute,node,58038,-1,1,560
72,0,0,181818,0,absolute,node,48982,-1,-1,560
73,0,0,181818,0,absolute,node,147334,-1,1,560
74,0,0,181818,0,absolute,node,210614,-1,-1,560
75,0,0,181818,0,absolute,node,194936,-1,2,560
76,0,0,181818,0,absolute,node,108858,-1,-2,560
77,0,0,181818,0,absolute,node,206560,-1,1,560
78,0,0,181818,0,absolute,node,150898,-1,-1,560
79,0,0,181818,0,absolute,node,84060,-1,1,560
80,0,0,181818,0,absolute,node,177083,-1,-1,560
81,0,0,181818,0,absolute,node,117113,-1,4,560
82,0,0,181818,0,absolute,node,83952,-1,-4,560
83,0,0,181818,0,absolute,node,52879,-1,1,560
84,0,0,181818,0,absolute,node,103328,-1,-1,560
85,0,0,181818,0,absolute,node,52125,-1,4,560
86,0,0,181818,0,absolute,node,108858,-1,-4,560
87,0,0,181818,0,absolute,node,113025,-1,1,560
88,0,0,181818,0,absolute,node,72544,-1,-1,560
89,0,0,181818,0,absolute,node,164558,-1,1,560
90,0,0,181818,0,absolute,node,1544,-1,-1,560
91,0,0,181818,0,absolute,node,186052,-1,1,560
92,0,0,181818,0,absolute,node,75208,-1,-1,560
93,0,0,181818,0,absolute,node,96368,-1,5,560
94,0,0,181818,0,absolute,node,75208,-1,-5,560
95,0,0,181818,0,absolute,node,172150,-1,1,560
96,0,0,181818,0,absolute,node,38595,-1,-1,560
97,0,0,272727,0,absolute,node,164687,-1,2,560
98,0,0,272727,0,absolute,node,93993,-1,-2,560
99,0,0,272727,0,absolute,node,99645,-1,1,560
100,0,0,272727,0,absolute,node,130257,-1,-1,560
101,0,0,272727,0,absolute,node,118299,-1,1,560
102,0,0,272727,0,absolute,node,21601,-1,-1,560
103,0,0,272727,0,absolute,node,163578,-1,2,560
104,0,0,272727,0,absolute,node,151133,-1,-2,560
105,0,0,272727,0,absolute,node,96444,-1,3,560
106,0,0,272727,0,absolute,node,76143,-1,-3,560
107,0,0,272727,0,absolute,node,9643,-1,3,560
108,0,0,272727,0,absolute,node,158738,-1,-3,560
109,0,0,272727,0,absolute,node,147334,-1,1,560
110,0,0,272727,0,absolute,node,39570,-1,-1,560
111,0,0,272727,0,absolute,node,150898,-1,1,560
112,0,0,272727,0,absolute,node,58038,-1,-1,560
113,0,0,272727,0,absolute,node,206560,-1,1,560
114,0,0,272727,0,absolute,node,209373,-1,-1,560
115,0,0,272727,0,absolute,node,84060,-1,1,560
116,0,0,272727,0,absolute,node,95859,-1,-1,560
117,0,0,272727,0,absolute,node,78988,-1,1,560
118,0,0,272727,0,absolute,node,117113,-1,-1,560
119,0,0,272727,0,absolute,node,12329,-1,4,560
120,0,0,272727,0,absolute,node,90239,-1,-4,560
121,0,0,272727,0,absolute,node,54663,-1,3,560
122,0,0,272727,0,absolute,node,184930,-1,-3,560
123,0,0,272727,0,absolute,node,9463,-1,1,560
124,0,0,272727,0,absolute,node,134693,-1,-1,560
125,0,0,272727,0,absolute,node,9140,-1,2,560
126,0,0,272727,0,absolute,node,177083,-1,-2,560
127,0,0,272727,0,absolute,node,164977,-1,1,560
128,0,0,272727,0,absolute,node,76932,-1,-1,560
129,0,0,272727,0,absolute,node,140976,-1,2,560
130,0,0,272727,0,absolute,node,96686,-1,-2,560
131,0,0,272727,0,absolute,node,173499,-1,2,560
132,0,0,272727,0,absolute,node,126511,-1,-2,560
133,0,0,272727,0,absolute,node,181955,-1,3,560
134,0,0,272727,0,absolute,node,130257,-1,-3,560
135,0,0,272727,0,absolute,node,42122,-1,3,560
136,0,0,272727,0,absolute,node,133730,-1,-3,560
137,0,0,272727,0,absolute,node,703,-1,3,560
138,0,0,272727,0,absolute,node,87244,-1,-3,560
139,0,0,272727,0,absolute,node,183768,-1,1,560
140,0,0,272727,0,absolute,node,58038,-1,-1,560
141,0,0,272727,0,absolute,node,113025,-1,2,560
142,0,0,272727,0,absolute,node,137474,-1,-2,560
143,0,0,272727,0,absolute,node,109393,-1,2,560
144,0,0,272727,0,absolute,node,153463,-1,-2,560
145,0,0,363636,0,absolute,node,164687,-1,1,560
146,0,0,363636,0,absolute,node,9140,-1,-1,560
147,0,0,363636,0,absolute,node,84060,-1,2,560
148,0,0,363636,0,absolute,node,93993,-1,-2,560
149,0,0,363636,0,absolute,node,37625,-1,1,560
150,0,0,363636,0,absolute,node,99645,-1,-1,560
151,0,0,363636,0,absolute,node,13731,-1,4,560
152,0,0,363636,0,absolute,node,90239,-1,-4,560
153,0,0,363636,0,absolute,node,166707,-1,4,560
154,0,0,363636,0,absolute,node,75066,-1,-4,560
155,0,0,363636,0,absolute,node,184930,-1,1,560
156,0,0,363636,0,absolute,node,9140,-1,-1,560
157,0,0,363636,0,absolute,node,118299,-1,4,560
158,0,0,363636,0,absolute,node,31220,-1,-4,560
159,0,0,363636,0,absolute,node,109393,-1,1,560
160,0,0,363636,0,absolute,node,52879,-1,-1,560
161,0,0,363636,0,absolute,node,15205,-1,4,560
162,0,0,363636,0,absolute,node,38595,-1,-4,560
163,0,0,363636,0,absolute,node,151133,-1,1,560
164,0,0,363636,0,absolute,node,113025,-1,-1,560
165,0,0,363636,0,absolute,node,87244,-1,2,560
166,0,0,363636,0,absolute,node,173499,-1,-2,560
167,0,0,363636,0,absolute,node,154121,-1,3,560
168,0,0,363636,0,absolute,node,108311,-1,-3,560
169,0,0,363636,0,absolute,node,140976,-1,2,560
170,0,0,363636,0,absolute,node,23690,-1,-2,560
171,0,0,363636,0,absolute,node,126511,-1,1,560
172,0,0,363636,0,absolute,node,173499,-1,-1,560
173,0,0,363636,0,absolute,node,194936,-1,1,560
174,0,0,363636,0,absolute,node,96368,-1,-1,560
175,0,0,363636,0,absolute,node,174026,-1,3,560
176,0,0,363636,0,absolute,node,42122,-1,-3,560
177,0,0,363636,0,absolute,node,39570,-1,4,560
178,0,0,363636,0,absolute,node,97559,-1,-4,560
179,0,0,363636,0,absolute,node,95859,-1,1,560
180,0,0,363636,0,absolute,node,58038,-1,-1,560
181,0,0,363636,0,absolute,node,150898,-1,1,560
182,0,0,363636,0,absolute,node,93993,-1,-1,560
183,0,0,363636,0,absolute,node,54663,-1,1,560
184,0,0,363636,0,absolute,node,172150,-1,-1,560
185,0,0,363636,0,absolute,node,203320,-1,1,560
186,0,0,363636,0,absolute,node,192608,-1,-1,560
187,0,0,363636,0,absolute,node,177837,-1,2,560
188,0,0,363636,0,absolute,node,130257,-1,-2,560
189,0,0,363636,0,absolute,node,153463,-1,1,560
190,0,0,363636,0,absolute,node,113025,-1,-1,560
191,0,0,363636,0,absolute,node,209373,-1,1,560
192,0,0,363636,0,absolute,node,167837,-1,-1,560
193,0,0,454545,0,absolute,node,59566,-1,3,560
194,0,0,454545,0,absolute,node,172150,-1,-3,560
195,0,0,454545,0,absolute,node,9140,-1,1,560
196,0,0,454545,0,absolute,node,117113,-1,-1,560
197,0,0,454545,0,absolute,node,5413,-1,1,560
198,0,0,454545,0,absolute,node,84060,-1,-1,560
199,0,0,454545,0,absolute,node,48982,-1,2,560
200,0,0,454545,0,absolute,node,11042,-1,-2,560
201,0,0,454545,0,absolute,node,164687,-1,4,560
202,0,0,454545,0,absolute,node,42122,-1,-4,560
203,0,0,454545,0,absolute,node,77291,-1,1,560
204,0,0,454545,0,absolute,node,9463,-1,-1,560
205,0,0,454545,0,absolute,node,128690,-1,1,560
206,0,0,454545,0,absolute,node,95859,-1,-1,560
207,0,0,454545,0,absolute,node,202115,-1,2,560
208,0,0,454545,0,absolute,node,38595,-1,-2,560
209,0,0,454545,0,absolute,node,75066,-1,4,560
210,0,0,454545,0,absolute,node,83952,-1,-4,560
211,0,0,454545,0,absolute,node,76932,-1,4,560
212,0,0,454545,0,absolute,node,15205,-1,-4,560
213,0,0,454545,0,absolute,node,163578,-1,1,560
214,0,0,454545,0,absolute,node,113025,-1,-1,560
215,0,0,454545,0,absolute,node,9643,-1,1,560
216,0,0,454545,0,absolute,node,95859,-1,-1,560
217,0,0,454545,0,absolute,node,1544,-1,1,560
218,0,0,454545,0,absolute,node,37625,-1,-1,560
219,0,0,454545,0,absolute,node,177083,-1,3,560
220,0,0,454545,0,absolute,node,84060,-1,-3,560
221,0,0,454545,0,absolute,node,49861,-1,2,560
222,0,0,454545,0,absolute,node,177837,-1,-2,560
223,0,0,454545,0,absolute,node,203320,-1,3,560
224,0,0,454545,0,absolute,node,147334,-1,-3,560
225,0,0,454545,0,absolute,node,210614,-1,3,560
226,0,0,454545,0,absolute,node,147334,-1,-3,560
227,0,0,454545,0,absolute,node,72544,-1,2,560
228,0,0,454545,0,absolute,node,194936,-1,-2,560
229,0,0,454545,0,absolute,node,151133,-1,3,560
230,0,0,454545,0,absolute,node,96686,-1,-3,560
231,0,0,454545,0,absolute,node,96368,-1,3,560
232,0,0,454545,0,absolute,node,137474,-1,-3,560
233,0,0,454545,0,absolute,node,107971,-1,1,560
234,0,0,454545,0,absolute,node,154121,-1,-1,560
235,0,0,454545,0,absolute,node,173499,-1,1,560
236,0,0,454545,0,absolute,node,157973,-1,-1,560
237,0,0,454545,0,absolute,node,78988,-1,1,560
238,0,0,454545,0,absolute,node,118299,-1,-1,560
239,0,0,454545,0,absolute,node,90239,-1,3,560
240,0,0,454545,0,absolute,node,31220,-1,-3,560
241,0,0,545454,0,absolute,node,31220,-1,1,560
242,0,0,545454,0,absolute,node,9463,-1,-1,560
243,0,0,545454,0,absolute,node,107971,-1,2,560
244,0,0,545454,0,absolute,node,209373,-1,-2,560
245,0,0,545454,0,absolute,node,158738,-1,1,560
246,0,0,545454,0,absolute,node,167837,-1,-1,560
247,0,0,545454,0,absolute,node,75066,-1,3,560
248,0,0,545454,0,absolute,node,78604,-1,-3,560
249,0,0,545454,0,absolute,node,9140,-1,1,560
250,0,0,545454,0,absolute,node,103328,-1,-1,560
251,0,0,545454,0,absolute,node,9643,-1,2,560
252,0,0,545454,0,absolute,node,177083,-1,-2,560
253,0,0,545454,0,absolute,node,113025,-1,2,560
254,0,0,545454,0,absolute,node,177083,-1,-2,560
255,0,0,545454,0,absolute,node,58038,-1,1,560
256,0,0,545454,0,absolute,node,204448,-1,-1,560
257,0,0,545454,0,absolute,node,164558,-1,4,560
258,0,0,545454,0,absolute,node,150898,-1,-4,560
259,0,0,545454,0,absolute,node,76143,-1,1,560
260,0,0,545454,0,absolute,node,76932,-1,-1,560
261,0,0,545454,0,absolute,node,84060,-1,2,560
262,0,0,545454,0,absolute,node,126511,-1,-2,560
263,0,0,545454,0,absolute,node,186052,-1,1,560
264,0,0,545454,0,absolute,node,72544,-1,-1,560
265,0,0,545454,0,absolute,node,172150,-1,2,560
266,0,0,545454,0,absolute,node,96444,-1,-2,560
267,0,0,545454,0,absolute,node,166707,-1,1,560
268,0,0,545454,0,absolute,node,134693,-1,-1,560
269,0,0,545454,0,absolute,node,210614,-1,1,560
270,0,0,545454,0,absolute,node,15205,-1,-1,560
271,0,0,545454,0,absolute,node,134343,-1,1,560
272,0,0,545454,0,absolute,node,76932,-1,-1,560
273,0,0,545454,0,absolute,node,52125,-1,2,560
274,0,0,545454,0,absolute,node,96686,-1,-2,560
275,0,0,545454,0,absolute,node,181955,-1,1,560
276,0,0,545454,0,absolute,node,13731,-1,-1,560
277,0,0,545454,0,absolute,node,178711,-1,1,560
278,0,0,545454,0,absolute,node,147235,-1,-1,560
279,0,0,545454,0,absolute,node,192608,-1,3,560
280,0,0,545454,0,absolute,node,108858,-1,-3,560
281,0,0,545454,0,absolute,node,90239,-1,1,560
282,0,0,545454,0,absolute,node,76932,-1,-1,560
283,0,0,545454,0,absolute,node,184930,-1,3,560
284,0,0,545454,0,absolute,node,151133,-1,-3,560
285,0,0,545454,0,absolute,node,164687,-1,2,560
286,0,0,545454,0,absolute,node,21604,-1,-2,560
287,0,0,545454,0,absolute,node,42256,-1,2,560
288,0,0,545454,0,absolute,node,173499,-1,-2,560
289,0,0,636363,0,absolute,node,134693,-1,1,560
290,0,0,636363,0,absolute,node,96444,-1,-1,560
291,0,0,636363,0,absolute,node,165324,-1,2,560
292,0,0,636363,0,absolute,node,52879,-1,-2,560
293,0,0,636363,0,absolute,node,108311,-1,2,560
294,0,0,636363,0,absolute,node,107971,-1,-2,560
295,0,0,636363,0,absolute,node,42122,-1,2,560
296,0,0,636363,0,absolute,node,96686,-1,-2,560
297,0,0,636363,0,absolute,node,13731,-1,1,560
298,0,0,636363,0,absolute,node,110173,-1,-1,560
299,0,0,636363,0,absolute,node,157973,-1,2,560
300,0,0,636363,0,absolute,node,109393,-1,-2,560
301,0,0,636363,0,absolute,node,206560,-1,1,560
302,0,0,636363,0,absolute,node,178137,-1,-1,560
303,0,0,636363,0,absolute,node,58038,-1,3,560
304,0,0,636363,0,absolute,node,158738,-1,-3,560
305,0,0,636363,0,absolute,node,84060,-1,1,560
306,0,0,636363,0,absolute,node,117113,-1,-1,560
307,0,0,636363,0,absolute,node,83952,-1,1,560
308,0,0,636363,0,absolute,node,77291,-1,-1,560
309,0,0,636363,0,absolute,node,150898,-1,3,560
310,0,0,636363,0,absolute,node,97559,-1,-3,560
311,0,0,636363,0,absolute,node,5413,-1,2,560
312,0,0,636363,0,absolute,node,11042,-1,-2,560
313,0,0,636363,0,absolute,node,48982,-1,2,560
314,0,0,636363,0,absolute,node,147334,-1,-2,560
315,0,0,636363,0,absolute,node,116583,-1,1,560
316,0,0,636363,0,absolute,node,78604,-1,-1,560
317,0,0,636363,0,absolute,node,9463,-1,4,560
318,0,0,636363,0,absolute,node,15205,-1,-4,560
319,0,0,636363,0,absolute,node,52125,-1,4,560
320,0,0,636363,0,absolute,node,153463,-1,-4,560
321,0,0,636363,0,absolute,node,78988,-1,2,560
322,0,0,636363,0,absolute,node,137474,-1,-2,560
323,0,0,636363,0,absolute,node,87244,-1,1,560
324,0,0,636363,0,absolute,node,9140,-1,-1,560
325,0,0,636363,0,absolute,node,178711,-1,1,560
326,0,0,636363,0,absolute,node,42256,-1,-1,560
327,0,0,636363,0,absolute,node,164977,-1,3,560
328,0,0,636363,0,absolute,node,151133,-1,-3,560
329,0,0,636363,0,absolute,node,76143,-1,2,560
330,0,0,636363,0,absolute,node,177837,-1,-2,560
331,0,0,636363,0,absolute,node,103328,-1,1,560
332,0,0,636363,0,absolute,node,76932,-1,-1,560
333,0,0,636363,0,absolute,node,173499,-1,2,560
334,0,0,636363,0,absolute,node,204448,-1,-2,560
335,0,0,636363,0,absolute,node,96368,-1,2,560
336,0,0,636363,0,absolute,node,194936,-1,-2,560
337,0,0,727272,0,absolute,node,194936,-1,1,560
338,0,0,727272,0,absolute,node,52879,-1,-1,560
339,0,0,727272,0,absolute,node,147235,-1,2,560
340,0,0,727272,0,absolute,node,38595,-1,-2,560
341,0,0,727272,0,absolute,node,11042,-1,2,560
342,0,0,727272,0,absolute,node,202115,-1,-2,560
343,0,0,727272,0,absolute,node,177083,-1,1,560
344,0,0,727272,0,absolute,node,166707,-1,-1,560
345,0,0,727272,0,absolute,node,118299,-1,1,560
346,0,0,727272,0,absolute,node,103328,-1,-1,560
347,0,0,727272,0,absolute,node,96686,-1,1,560
348,0,0,727272,0,absolute,node,173499,-1,-1,560
349,0,0,727272,0,absolute,node,154121,-1,1,560
350,0,0,727272,0,absolute,node,1544,-1,-1,560
351,0,0,727272,0,absolute,node,23690,-1,2,560
352,0,0,727272,0,absolute,node,84060,-1,-2,560
353,0,0,727272,0,absolute,node,153463,-1,1,560
354,0,0,727272,0,absolute,node,96368,-1,-1,560
355,0,0,727272,0,absolute,node,133730,-1,1,560
356,0,0,727272,0,absolute,node,92467,-1,-1,560
357,0,0,727272,0,absolute,node,130257,-1,1,560
358,0,0,727272,0,absolute,node,157973,-1,-1,560
359,0,0,727272,0,absolute,node,13731,-1,1,560
360,0,0,727272,0,absolute,node,109393,-1,-1,560
361,0,0,727272,0,absolute,node,126511,-1,1,560
362,0,0,727272,0,absolute,node,192608,-1,-1,560
363,0,0,727272,0,absolute,node,158738,-1,5,560
364,0,0,727272,0,absolute,node,49861,-1,-5,560
365,0,0,727272,0,absolute,node,76932,-1,1,560
366,0,0,727272,0,absolute,node,164558,-1,-1,560
367,0,0,727272,0,absolute,node,37625,-1,1,560
368,0,0,727272,0,absolute,node,58038,-1,-1,560
369,0,0,727272,0,absolute,node,163578,-1,1,560
370,0,0,727272,0,absolute,node,21601,-1,-1,560
371,0,0,727272,0,absolute,node,54663,-1,1,560
372,0,0,727272,0,absolute,node,96444,-1,-1,560
373,0,0,727272,0,absolute,node,78604,-1,3,560
374,0,0,727272,0,absolute,node,140976,-1,-3,560
375,0,0,727272,0,absolute,node,178711,-1,1,560
376,0,0,727272,0,absolute,node,78988,-1,-1,560
377,0,0,727272,0,absolute,node,107971,-1,1,560
378,0,0,727272,0,absolute,node,703,-1,-1,560
379,0,0,727272,0,absolute,node,87244,-1,1,560
380,0,0,727272,0,absolute,node,97559,-1,-1,560
381,0,0,727272,0,absolute,node,75066,-1,2,560
382,0,0,727272,0,absolute,node,9140,-1,-2,560
383,0,0,727272,0,absolute,node,77291,-1,1,560
384,0,0,727272,0,absolute,node,134693,-1,-1,560
385,0,0,818181,0,absolute,node,78988,-1,1,560
386,0,0,818181,0,absolute,node,9140,-1,-1,560
387,0,0,818181,0,absolute,node,109393,-1,2,560
388,0,0,818181,0,absolute,node,209373,-1,-2,560
389,0,0,818181,0,absolute,node,5413,-1,3,560
390,0,0,818181,0,absolute,node,9463,-1,-3,560
391,0,0,818181,0,absolute,node,173499,-1,2,560
392,0,0,818181,0,absolute,node,181955,-1,-2,560
393,0,0,818181,0,absolute,node,42256,-1,1,560
394,0,0,818181,0,absolute,node,13731,-1,-1,560
395,0,0,818181,0,absolute,node,174026,-1,2,560
396,0,0,818181,0,absolute,node,9140,-1,-2,560
397,0,0,818181,0,absolute,node,204448,-1,2,560
398,0,0,818181,0,absolute,node,11042,-1,-2,560
399,0,0,818181,0,absolute,node,93993,-1,1,560
400,0,0,818181,0,absolute,node,72544,-1,-1,560
401,0,0,818181,0,absolute,node,194936,-1,1,560
402,0,0,818181,0,absolute,node,186052,-1,-1,560
403,0,0,818181,0,absolute,node,147235,-1,2,560
404,0,0,818181,0,absolute,node,177837,-1,-2,560
405,0,0,818181,0,absolute,node,153463,-1,1,560
406,0,0,818181,0,absolute,node,202115,-1,-1,560
407,0,0,818181,0,absolute,node,15205,-1,1,560
408,0,0,818181,0,absolute,node,181955,-1,-1,560
409,0,0,818181,0,absolute,node,210614,-1,2,560
410,0,0,818181,0,absolute,node,59566,-1,-2,560
411,0,0,818181,0,absolute,node,96444,-1,1,560
412,0,0,818181,0,absolute,node,184930,-1,-1,560
413,0,0,818181,0,absolute,node,164558,-1,2,560
414,0,0,818181,0,absolute,node,107971,-1,-2,560
415,0,0,818181,0,absolute,node,21604,-1,1,560
416,0,0,818181,0,absolute,node,72544,-1,-1,560
417,0,0,818181,0,absolute,node,48982,-1,1,560
418,0,0,818181,0,absolute,node,181955,-1,-1,560
419,0,0,818181,0,absolute,node,140976,-1,1,560
420,0,0,818181,0,absolute,node,37625,-1,-1,560
421,0,0,818181,0,absolute,node,151133,-1,2,560
422,0,0,818181,0,absolute,node,181955,-1,-2,560
423,0,0,818181,0,absolute,node,117113,-1,1,560
424,0,0,818181,0,absolute,node,84060,-1,-1,560
425,0,0,818181,0,absolute,node,128690,-1,1,560
426,0,0,818181,0,absolute,node,150898,-1,-1,560
427,0,0,818181,0,absolute,node,23690,-1,1,560
428,0,0,818181,0,absolute,node,37625,-1,-1,560
429,0,0,818181,0,absolute,node,134343,-1,3,560
430,0,0,818181,0,absolute,node,177837,-1,-3,560
431,0,0,818181,0,absolute,node,99645,-1,1,560
432,0,0,818181,0,absolute,node,154121,-1,-1,560
433,0,0,909090,0,absolute,node,107971,-1,1,560
434,0,0,909090,0,absolute,node,173499,-1,-1,560
435,0,0,909090,0,absolute,node,11042,-1,3,560
436,0,0,909090,0,absolute,node,9463,-1,-3,560
437,0,0,909090,0,absolute,node,12329,-1,2,560
438,0,0,909090,0,absolute,node,109393,-1,-2,560
439,0,0,909090,0,absolute,node,42122,-1,4,560
440,0,0,909090,0,absolute,node,23690,-1,-4,560
441,0,0,909090,0,absolute,node,1544,-1,1,560
442,0,0,909090,0,absolute,node,118299,-1,-1,560
443,0,0,909090,0,absolute,node,703,-1,3,560
444,0,0,909090,0,absolute,node,151133,-1,-3,560
445,0,0,909090,0,absolute,node,52879,-1,1,560
446,0,0,909090,0,absolute,node,206560,-1,-1,560
447,0,0,909090,0,absolute,node,39570,-1,1,560
448,0,0,909090,0,absolute,node,58038,-1,-1,560
449,0,0,909090,0,absolute,node,54663,-1,1,560
450,0,0,909090,0,absolute,node,96368,-1,-1,560
451,0,0,909090,0,absolute,node,204448,-1,4,560
452,0,0,909090,0,absolute,node,126511,-1,-4,560
453,0,0,909090,0,absolute,node,52125,-1,2,560
454,0,0,909090,0,absolute,node,109393,-1,-2,560
455,0,0,909090,0,absolute,node,134343,-1,1,560
456,0,0,909090,0,absolute,node,206560,-1,-1,560
457,0,0,909090,0,absolute,node,128690,-1,1,560
458,0,0,909090,0,absolute,node,48982,-1,-1,560
459,0,0,909090,0,absolute,node,184930,-1,2,560
460,0,0,909090,0,absolute,node,173499,-1,-2,560
461,0,0,909090,0,absolute,node,177083,-1,1,560
462,0,0,909090,0,absolute,node,206560,-1,-1,560
463,0,0,909090,0,absolute,node,113025,-1,1,560
464,0,0,909090,0,absolute,node,96368,-1,-1,560
465,0,0,909090,0,absolute,node,157973,-1,1,560
466,0,0,909090,0,absolute,node,37625,-1,-1,560
467,0,0,909090,0,absolute,node,9643,-1,1,560
468,0,0,909090,0,absolute,node,96686,-1,-1,560
469,0,0,909090,0,absolute,node,178711,-1,1,560
470,0,0,909090,0,absolute,node,186052,-1,-1,560
471,0,0,909090,0,absolute,node,15205,-1,1,560
472,0,0,909090,0,absolute,node,116583,-1,-1,560
473,0,0,909090,0,absolute,node,49861,-1,3,560
474,0,0,909090,0,absolute,node,78604,-1,-3,560
475,0,0,909090,0,absolute,node,181955,-1,1,560
476,0,0,909090,0,absolute,node,158738,-1,-1,560
477,0,0,909090,0,absolute,node,59566,-1,1,560
478,0,0,909090,0,absolute,node,194936,-1,-1,560
479,0,0,909090,0,absolute,node,192608,-1,3,560
480,0,0,909090,0,absolute,node,48982,-1,-3,560
