changeID,absoluteTime,evaluation,bitVector,distanceEvaluation,typeOfChange,affected,affectedID1,affectedID2,change,totalAfterChange
0,0,0,0,0,,,-1,-1,0,530
1,0,0,19607,0,absolute,node,185722,-1,2,530
2,0,0,19607,0,absolute,node,74312,-1,-2,530
3,0,0,19607,0,absolute,node,99996,-1,2,530
4,0,0,19607,0,absolute,node,15693,-1,-2,530
5,0,0,19607,0,absolute,node,73349,-1,2,530
6,0,0,19607,0,absolute,node,61200,-1,-2,530
7,0,0,19607,0,absolute,node,166183,-1,1,530
8,0,0,19607,0,absolute,node,142271,-1,-1,530
9,0,0,39215,0,absolute,node,12730,-1,3,530
10,0,0,39215,0,absolute,node,117786,-1,-3,530
11,0,0,39215,0,absolute,node,150232,-1,1,530
12,0,0,39215,0,absolute,node,112767,-1,-1,530
13,0,0,39215,0,absolute,node,99996,-1,1,530
14,0,0,39215,0,absolute,node,161091,-1,-1,530
15,0,0,39215,0,absolute,node,149857,-1,2,530
16,0,0,39215,0,absolute,node,166183,-1,-2,530
17,0,0,58823,0,absolute,node,113163,-1,1,530
18,0,0,58823,0,absolute,node,71677,-1,-1,530
19,0,0,58823,0,absolute,node,67613,-1,1,530
20,0,0,58823,0,absolute,node,139823,-1,-1,530
21,0,0,58823,0,absolute,node,138688,-1,1,530
22,0,0,58823,0,absolute,node,95854,-1,-1,530
23,0,0,58823,0,absolute,node,61200,-1,1,530
24,0,0,58823,0,absolute,node,97040,-1,-1,530
25,0,0,78431,0,absolute,node,156486,-1,2,530
26,0,0,78431,0,absolute,node,43350,-1,-2,530
27,0,0,78431,0,absolute,node,75655,-1,2,530
28,0,0,78431,0,absolute,node,74385,-1,-2,530
29,0,0,78431,0,absolute,node,9996,-1,2,530
30,0,0,78431,0,absolute,node,6423,-1,-2,530
31,0,0,78431,0,absolute,node,74378,-1,3,530
32,0,0,78431,0,absolute,node,68391,-1,-3,530
33,0,0,98039,0,absolute,node,74385,-1,4,530
34,0,0,98039,0,absolute,node,12730,-1,-4,530
35,0,0,98039,0,absolute,node,197252,-1,1,530
36,0,0,98039,0,absolute,node,9996,-1,-1,530
37,0,0,98039,0,absolute,node,196471,-1,4,530
38,0,0,98039,0,absolute,node,58608,-1,-4,530
39,0,0,98039,0,absolute,node,150232,-1,2,530
40,0,0,98039,0,absolute,node,6423,-1,-2,530
41,0,0,117647,0,absolute,node,113163,-1,1,530
42,0,0,117647,0,absolute,node,40635,-1,-1,530
43,0,0,117647,0,absolute,node,43350,-1,2,530
44,0,0,117647,0,absolute,node,95753,-1,-2,530
45,0,0,117647,0,absolute,node,200474,-1,1,530
46,0,0,117647,0,absolute,node,162886,-1,-1,530
47,0,0,117647,0,absolute,node,21919,-1,1,530
48,0,0,117647,0,absolute,node,180827,-1,-1,530
49,0,0,137254,0,absolute,node,120719,-1,1,530
50,0,0,137254,0,absolute,node,142568,-1,-1,530
51,0,0,137254,0,absolute,node,75655,-1,1,530
52,0,0,137254,0,absolute,node,43350,-1,-1,530
53,0,0,137254,0,absolute,node,74385,-1,1,530
54,0,0,137254,0,absolute,node,142271,-1,-1,530
55,0,0,137254,0,absolute,node,124893,-1,2,530
56,0,0,137254,0,absolute,node,138688,-1,-2,530
57,0,0,156862,0,absolute,node,197252,-1,3,530
58,0,0,156862,0,absolute,node,41682,-1,-3,530
59,0,0,156862,0,absolute,node,150232,-1,1,530
60,0,0,156862,0,absolute,node,58031,-1,-1,530
61,0,0,156862,0,absolute,node,124893,-1,1,530
62,0,0,156862,0,absolute,node,200474,-1,-1,530
63,0,0,156862,0,absolute,node,71677,-1,1,530
64,0,0,156862,0,absolute,node,54274,-1,-1,530
65,0,0,176470,0,absolute,node,33204,-1,1,530
66,0,0,176470,0,absolute,node,207201,-1,-1,530
67,0,0,176470,0,absolute,node,9289,-1,3,530
68,0,0,176470,0,absolute,node,47067,-1,-3,530
69,0,0,176470,0,absolute,node,116531,-1,1,530
70,0,0,176470,0,absolute,node,75655,-1,-1,530
71,0,0,176470,0,absolute,node,37862,-1,3,530
72,0,0,176470,0,absolute,node,201407,-1,-3,530
73,0,0,196078,0,absolute,node,68391,-1,1,530
74,0,0,196078,0,absolute,node,12730,-1,-1,530
75,0,0,196078,0,absolute,node,15693,-1,2,530
76,0,0,196078,0,absolute,node,12730,-1,-2,530
77,0,0,196078,0,absolute,node,109194,-1,1,530
78,0,0,196078,0,absolute,node,190581,-1,-1,530
79,0,0,196078,0,absolute,node,116531,-1,1,530
80,0,0,196078,0,absolute,node,166183,-1,-1,530
81,0,0,215686,0,absolute,node,41682,-1,1,530
82,0,0,215686,0,absolute,node,93494,-1,-1,530
83,0,0,215686,0,absolute,node,73349,-1,2,530
84,0,0,215686,0,absolute,node,109194,-1,-2,530
85,0,0,215686,0,absolute,node,74378,-1,1,530
86,0,0,215686,0,absolute,node,37862,-1,-1,530
87,0,0,215686,0,absolute,node,196471,-1,3,530
88,0,0,215686,0,absolute,node,68391,-1,-3,530
89,0,0,235294,0,absolute,node,201407,-1,1,530
90,0,0,235294,0,absolute,node,180827,-1,-1,530
91,0,0,235294,0,absolute,node,190581,-1,2,530
92,0,0,235294,0,absolute,node,60047,-1,-2,530
93,0,0,235294,0,absolute,node,110914,-1,1,530
94,0,0,235294,0,absolute,node,54274,-1,-1,530
95,0,0,235294,0,absolute,node,161091,-1,1,530
96,0,0,235294,0,absolute,node,200474,-1,-1,530
97,0,0,254901,0,absolute,node,150232,-1,2,530
98,0,0,254901,0,absolute,node,68391,-1,-2,530
99,0,0,254901,0,absolute,node,185722,-1,3,530
100,0,0,254901,0,absolute,node,139823,-1,-3,530
101,0,0,254901,0,absolute,node,197252,-1,1,530
102,0,0,254901,0,absolute,node,166183,-1,-1,530
103,0,0,254901,0,absolute,node,207133,-1,3,530
104,0,0,254901,0,absolute,node,180827,-1,-3,530
105,0,0,274509,0,absolute,node,9289,-1,1,530
106,0,0,274509,0,absolute,node,112767,-1,-1,530
107,0,0,274509,0,absolute,node,25612,-1,1,530
108,0,0,274509,0,absolute,node,152840,-1,-1,530
109,0,0,274509,0,absolute,node,28637,-1,2,530
110,0,0,274509,0,absolute,node,43841,-1,-2,530
111,0,0,274509,0,absolute,node,151586,-1,1,530
112,0,0,274509,0,absolute,node,9996,-1,-1,530
113,0,0,294117,0,absolute,node,156486,-1,1,530
114,0,0,294117,0,absolute,node,93494,-1,-1,530
115,0,0,294117,0,absolute,node,74385,-1,1,530
116,0,0,294117,0,absolute,node,120860,-1,-1,530
117,0,0,294117,0,absolute,node,32772,-1,1,530
118,0,0,294117,0,absolute,node,62289,-1,-1,530
119,0,0,294117,0,absolute,node,142271,-1,2,530
120,0,0,294117,0,absolute,node,74378,-1,-2,530
121,0,0,313725,0,absolute,node,25612,-1,1,530
122,0,0,313725,0,absolute,node,48067,-1,-1,530
123,0,0,313725,0,absolute,node,28637,-1,1,530
124,0,0,313725,0,absolute,node,98354,-1,-1,530
125,0,0,313725,0,absolute,node,71677,-1,2,530
126,0,0,313725,0,absolute,node,74385,-1,-2,530
127,0,0,313725,0,absolute,node,58031,-1,1,530
128,0,0,313725,0,absolute,node,190581,-1,-1,530
129,0,0,333333,0,absolute,node,152321,-1,1,530
130,0,0,333333,0,absolute,node,206943,-1,-1,530
131,0,0,333333,0,absolute,node,187315,-1,2,530
132,0,0,333333,0,absolute,node,43350,-1,-2,530
133,0,0,333333,0,absolute,node,17230,-1,1,530
134,0,0,333333,0,absolute,node,142271,-1,-1,530
135,0,0,333333,0,absolute,node,58572,-1,1,530
136,0,0,333333,0,absolute,node,58031,-1,-1,530
137,0,0,352941,0,absolute,node,98354,-1,1,530
138,0,0,352941,0,absolute,node,93494,-1,-1,530
139,0,0,352941,0,absolute,node,142271,-1,1,530
140,0,0,352941,0,absolute,node,122505,-1,-1,530
141,0,0,352941,0,absolute,node,9289,-1,1,530
142,0,0,352941,0,absolute,node,100222,-1,-1,530
143,0,0,352941,0,absolute,node,74312,-1,1,530
144,0,0,352941,0,absolute,node,41682,-1,-1,530
145,0,0,372549,0,absolute,node,168155,-1,1,530
146,0,0,372549,0,absolute,node,142271,-1,-1,530
147,0,0,372549,0,absolute,node,110914,-1,1,530
148,0,0,372549,0,absolute,node,124893,-1,-1,530
149,0,0,372549,0,absolute,node,67613,-1,2,530
150,0,0,372549,0,absolute,node,17230,-1,-2,530
151,0,0,372549,0,absolute,node,48067,-1,1,530
152,0,0,372549,0,absolute,node,82700,-1,-1,530
153,0,0,392156,0,absolute,node,23046,-1,2,530
154,0,0,392156,0,absolute,node,110914,-1,-2,530
155,0,0,392156,0,absolute,node,128220,-1,1,530
156,0,0,392156,0,absolute,node,161091,-1,-1,530
157,0,0,392156,0,absolute,node,180827,-1,3,530
158,0,0,392156,0,absolute,node,17230,-1,-3,530
159,0,0,392156,0,absolute,node,95854,-1,3,530
160,0,0,392156,0,absolute,node,75655,-1,-3,530
161,0,0,411764,0,absolute,node,150232,-1,2,530
162,0,0,411764,0,absolute,node,377,-1,-2,530
163,0,0,411764,0,absolute,node,40635,-1,1,530
164,0,0,411764,0,absolute,node,166183,-1,-1,530
165,0,0,411764,0,absolute,node,14298,-1,1,530
166,0,0,411764,0,absolute,node,43841,-1,-1,530
167,0,0,411764,0,absolute,node,110914,-1,4,530
168,0,0,411764,0,absolute,node,5409,-1,-4,530
169,0,0,431372,0,absolute,node,124893,-1,4,530
170,0,0,431372,0,absolute,node,60047,-1,-4,530
171,0,0,431372,0,absolute,node,200474,-1,3,530
172,0,0,431372,0,absolute,node,21919,-1,-3,530
173,0,0,431372,0,absolute,node,153007,-1,1,530
174,0,0,431372,0,absolute,node,33204,-1,-1,530
175,0,0,431372,0,absolute,node,164631,-1,1,530
176,0,0,431372,0,absolute,node,32772,-1,-1,530
177,0,0,450980,0,absolute,node,74378,-1,1,530
178,0,0,450980,0,absolute,node,58031,-1,-1,530
179,0,0,450980,0,absolute,node,99996,-1,2,530
180,0,0,450980,0,absolute,node,197252,-1,-2,530
181,0,0,450980,0,absolute,node,118485,-1,5,530
182,0,0,450980,0,absolute,node,21919,-1,-5,530
183,0,0,450980,0,absolute,node,100222,-1,1,530
184,0,0,450980,0,absolute,node,95854,-1,-1,530
185,0,0,470588,0,absolute,node,82700,-1,4,530
186,0,0,470588,0,absolute,node,151586,-1,-4,530
187,0,0,470588,0,absolute,node,100222,-1,1,530
188,0,0,470588,0,absolute,node,9996,-1,-1,530
189,0,0,470588,0,absolute,node,187315,-1,1,530
190,0,0,470588,0,absolute,node,128220,-1,-1,530
191,0,0,470588,0,absolute,node,173026,-1,2,530
192,0,0,470588,0,absolute,node,189844,-1,-2,530
193,0,0,490196,0,absolute,node,99996,-1,3,530
194,0,0,490196,0,absolute,node,201407,-1,-3,530
195,0,0,490196,0,absolute,node,37862,-1,1,530
196,0,0,490196,0,absolute,node,3428,-1,-1,530
197,0,0,490196,0,absolute,node,60047,-1,2,530
198,0,0,490196,0,absolute,node,28637,-1,-2,530
199,0,0,490196,0,absolute,node,61200,-1,2,530
200,0,0,490196,0,absolute,node,109194,-1,-2,530
201,0,0,509803,0,absolute,node,138688,-1,1,530
202,0,0,509803,0,absolute,node,43350,-1,-1,530
203,0,0,509803,0,absolute,node,118485,-1,1,530
204,0,0,509803,0,absolute,node,15693,-1,-1,530
205,0,0,509803,0,absolute,node,112767,-1,1,530
206,0,0,509803,0,absolute,node,120719,-1,-1,530
207,0,0,509803,0,absolute,node,47894,-1,1,530
208,0,0,509803,0,absolute,node,206943,-1,-1,530
209,0,0,529411,0,absolute,node,54621,-1,1,530
210,0,0,529411,0,absolute,node,43841,-1,-1,530
211,0,0,529411,0,absolute,node,82700,-1,1,530
212,0,0,529411,0,absolute,node,185722,-1,-1,530
213,0,0,529411,0,absolute,node,23046,-1,2,530
214,0,0,529411,0,absolute,node,118485,-1,-2,530
215,0,0,529411,0,absolute,node,6423,-1,1,530
216,0,0,529411,0,absolute,node,153007,-1,-1,530
217,0,0,549019,0,absolute,node,122505,-1,1,530
218,0,0,549019,0,absolute,node,152840,-1,-1,530
219,0,0,549019,0,absolute,node,116531,-1,2,530
220,0,0,549019,0,absolute,node,95854,-1,-2,530
221,0,0,549019,0,absolute,node,6423,-1,2,530
222,0,0,549019,0,absolute,node,54621,-1,-2,530
223,0,0,549019,0,absolute,node,139823,-1,1,530
224,0,0,549019,0,absolute,node,15693,-1,-1,530
225,0,0,568627,0,absolute,node,32772,-1,2,530
226,0,0,568627,0,absolute,node,41682,-1,-2,530
227,0,0,568627,0,absolute,node,23046,-1,1,530
228,0,0,568627,0,absolute,node,80085,-1,-1,530
229,0,0,568627,0,absolute,node,68391,-1,1,530
230,0,0,568627,0,absolute,node,128220,-1,-1,530
231,0,0,568627,0,absolute,node,116531,-1,2,530
232,0,0,568627,0,absolute,node,73349,-1,-2,530
233,0,0,588235,0,absolute,node,116531,-1,3,530
234,0,0,588235,0,absolute,node,110914,-1,-3,530
235,0,0,588235,0,absolute,node,48067,-1,3,530
236,0,0,588235,0,absolute,node,33204,-1,-3,530
237,0,0,588235,0,absolute,node,377,-1,1,530
238,0,0,588235,0,absolute,node,120719,-1,-1,530
239,0,0,588235,0,absolute,node,152840,-1,1,530
240,0,0,588235,0,absolute,node,109194,-1,-1,530
241,0,0,607843,0,absolute,node,149857,-1,1,530
242,0,0,607843,0,absolute,node,124893,-1,-1,530
243,0,0,607843,0,absolute,node,120719,-1,4,530
244,0,0,607843,0,absolute,node,58608,-1,-4,530
245,0,0,607843,0,absolute,node,205098,-1,1,530
246,0,0,607843,0,absolute,node,153007,-1,-1,530
247,0,0,607843,0,absolute,node,201407,-1,2,530
248,0,0,607843,0,absolute,node,145682,-1,-2,530
249,0,0,627450,0,absolute,node,23046,-1,1,530
250,0,0,627450,0,absolute,node,153007,-1,-1,530
251,0,0,627450,0,absolute,node,54621,-1,1,530
252,0,0,627450,0,absolute,node,196471,-1,-1,530
253,0,0,627450,0,absolute,node,142271,-1,3,530
254,0,0,627450,0,absolute,node,75655,-1,-3,530
255,0,0,627450,0,absolute,node,5409,-1,1,530
256,0,0,627450,0,absolute,node,95753,-1,-1,530
257,0,0,647058,0,absolute,node,55703,-1,2,530
258,0,0,647058,0,absolute,node,3428,-1,-2,530
259,0,0,647058,0,absolute,node,185722,-1,2,530
260,0,0,647058,0,absolute,node,113163,-1,-2,530
261,0,0,647058,0,absolute,node,48067,-1,1,530
262,0,0,647058,0,absolute,node,142568,-1,-1,530
263,0,0,647058,0,absolute,node,97040,-1,1,530
264,0,0,647058,0,absolute,node,41682,-1,-1,530
265,0,0,666666,0,absolute,node,166183,-1,1,530
266,0,0,666666,0,absolute,node,200474,-1,-1,530
267,0,0,666666,0,absolute,node,74312,-1,2,530
268,0,0,666666,0,absolute,node,113163,-1,-2,530
269,0,0,666666,0,absolute,node,25612,-1,1,530
270,0,0,666666,0,absolute,node,180827,-1,-1,530
271,0,0,666666,0,absolute,node,138688,-1,2,530
272,0,0,666666,0,absolute,node,28637,-1,-2,530
273,0,0,686274,0,absolute,node,74429,-1,2,530
274,0,0,686274,0,absolute,node,63836,-1,-2,530
275,0,0,686274,0,absolute,node,54621,-1,3,530
276,0,0,686274,0,absolute,node,145682,-1,-3,530
277,0,0,686274,0,absolute,node,93494,-1,1,530
278,0,0,686274,0,absolute,node,142271,-1,-1,530
279,0,0,686274,0,absolute,node,68391,-1,3,530
280,0,0,686274,0,absolute,node,32772,-1,-3,530
281,0,0,705882,0,absolute,node,23046,-1,5,530
282,0,0,705882,0,absolute,node,99996,-1,-5,530
283,0,0,705882,0,absolute,node,41682,-1,1,530
284,0,0,705882,0,absolute,node,138688,-1,-1,530
285,0,0,705882,0,absolute,node,14298,-1,1,530
286,0,0,705882,0,absolute,node,37862,-1,-1,530
287,0,0,705882,0,absolute,node,40635,-1,1,530
288,0,0,705882,0,absolute,node,122505,-1,-1,530
289,0,0,725490,0,absolute,node,162886,-1,1,530
290,0,0,725490,0,absolute,node,62289,-1,-1,530
291,0,0,725490,0,absolute,node,152321,-1,2,530
292,0,0,725490,0,absolute,node,117786,-1,-2,530
293,0,0,725490,0,absolute,node,97040,-1,2,530
294,0,0,725490,0,absolute,node,32772,-1,-2,530
295,0,0,725490,0,absolute,node,189844,-1,2,530
296,0,0,725490,0,absolute,node,196471,-1,-2,530
297,0,0,745098,0,absolute,node,93494,-1,1,530
298,0,0,745098,0,absolute,node,109194,-1,-1,530
299,0,0,745098,0,absolute,node,80085,-1,1,530
300,0,0,745098,0,absolute,node,9289,-1,-1,530
301,0,0,745098,0,absolute,node,43841,-1,1,530
302,0,0,745098,0,absolute,node,152840,-1,-1,530
303,0,0,745098,0,absolute,node,63836,-1,1,530
304,0,0,745098,0,absolute,node,127995,-1,-1,530
305,0,0,764705,0,absolute,node,142568,-1,1,530
306,0,0,764705,0,absolute,node,145682,-1,-1,530
307,0,0,764705,0,absolute,node,40635,-1,1,530
308,0,0,764705,0,absolute,node,120719,-1,-1,530
309,0,0,764705,0,absolute,node,377,-1,2,530
310,0,0,764705,0,absolute,node,74385,-1,-2,530
311,0,0,764705,0,absolute,node,149857,-1,1,530
312,0,0,764705,0,absolute,node,68391,-1,-1,530
313,0,0,784313,0,absolute,node,189844,-1,1,530
314,0,0,784313,0,absolute,node,63836,-1,-1,530
315,0,0,784313,0,absolute,node,6423,-1,5,530
316,0,0,784313,0,absolute,node,15693,-1,-5,530
317,0,0,784313,0,absolute,node,82700,-1,2,530
318,0,0,784313,0,absolute,node,73349,-1,-2,530
319,0,0,784313,0,absolute,node,107033,-1,1,530
320,0,0,784313,0,absolute,node,151586,-1,-1,530
321,0,0,803921,0,absolute,node,74378,-1,3,530
322,0,0,803921,0,absolute,node,99996,-1,-3,530
323,0,0,803921,0,absolute,node,124893,-1,4,530
324,0,0,803921,0,absolute,node,82700,-1,-4,530
325,0,0,803921,0,absolute,node,95753,-1,1,530
326,0,0,803921,0,absolute,node,6423,-1,-1,530
327,0,0,803921,0,absolute,node,109194,-1,2,530
328,0,0,803921,0,absolute,node,60047,-1,-2,530
329,0,0,823529,0,absolute,node,71677,-1,1,530
330,0,0,823529,0,absolute,node,58572,-1,-1,530
331,0,0,823529,0,absolute,node,152840,-1,2,530
332,0,0,823529,0,absolute,node,197252,-1,-2,530
333,0,0,823529,0,absolute,node,149857,-1,4,530
334,0,0,823529,0,absolute,node,150232,-1,-4,530
335,0,0,823529,0,absolute,node,61200,-1,1,530
336,0,0,823529,0,absolute,node,138688,-1,-1,530
337,0,0,843137,0,absolute,node,207133,-1,2,530
338,0,0,843137,0,absolute,node,124893,-1,-2,530
339,0,0,843137,0,absolute,node,120860,-1,1,530
340,0,0,843137,0,absolute,node,468,-1,-1,530
341,0,0,843137,0,absolute,node,197252,-1,2,530
342,0,0,843137,0,absolute,node,156486,-1,-2,530
343,0,0,843137,0,absolute,node,48067,-1,1,530
344,0,0,843137,0,absolute,node,200474,-1,-1,530
345,0,0,862745,0,absolute,node,190581,-1,3,530
346,0,0,862745,0,absolute,node,3428,-1,-3,530
347,0,0,862745,0,absolute,node,98354,-1,1,530
348,0,0,862745,0,absolute,node,142271,-1,-1,530
349,0,0,862745,0,absolute,node,152321,-1,2,530
350,0,0,862745,0,absolute,node,116531,-1,-2,530
351,0,0,862745,0,absolute,node,82700,-1,1,530
352,0,0,862745,0,absolute,node,468,-1,-1,530
353,0,0,882352,0,absolute,node,142568,-1,2,530
354,0,0,882352,0,absolute,node,74385,-1,-2,530
355,0,0,882352,0,absolute,node,15693,-1,2,530
356,0,0,882352,0,absolute,node,109194,-1,-2,530
357,0,0,882352,0,absolute,node,99996,-1,2,530
358,0,0,882352,0,absolute,node,95854,-1,-2,530
359,0,0,882352,0,absolute,node,206943,-1,4,530
360,0,0,882352,0,absolute,node,17230,-1,-4,530
361,0,0,901960,0,absolute,node,58031,-1,1,530
362,0,0,901960,0,absolute,node,23046,-1,-1,530
363,0,0,901960,0,absolute,node,82700,-1,3,530
364,0,0,901960,0,absolute,node,15693,-1,-3,530
365,0,0,901960,0,absolute,node,63836,-1,1,530
366,0,0,901960,0,absolute,node,58572,-1,-1,530
367,0,0,901960,0,absolute,node,150232,-1,1,530
368,0,0,901960,0,absolute,node,164631,-1,-1,530
369,0,0,921568,0,absolute,node,54274,-1,1,530
370,0,0,921568,0,absolute,node,196471,-1,-1,530
371,0,0,921568,0,absolute,node,127995,-1,1,530
372,0,0,921568,0,absolute,node,189844,-1,-1,530
373,0,0,921568,0,absolute,node,99996,-1,2,530
374,0,0,921568,0,absolute,node,43841,-1,-2,530
375,0,0,921568,0,absolute,node,15693,-1,1,530
376,0,0,921568,0,absolute,node,112767,-1,-1,530
377,0,0,941176,0,absolute,node,107033,-1,1,530
378,0,0,941176,0,absolute,node,120860,-1,-1,530
379,0,0,941176,0,absolute,node,21919,-1,1,530
380,0,0,941176,0,absolute,node,74385,-1,-1,530
381,0,0,941176,0,absolute,node,187315,-1,1,530
382,0,0,941176,0,absolute,node,168155,-1,-1,530
383,0,0,941176,0,absolute,node,73349,-1,2,530
384,0,0,941176,0,absolute,node,196471,-1,-2,530
385,0,0,960784,0,absolute,node,185722,-1,4,530
386,0,0,960784,0,absolute,node,74429,-1,-4,530
387,0,0,960784,0,absolute,node,153007,-1,4,530
388,0,0,960784,0,absolute,node,74429,-1,-4,530
389,0,0,960784,0,absolute,node,150232,-1,1,530
390,0,0,960784,0,absolute,node,25612,-1,-1,530
391,0,0,960784,0,absolute,node,156486,-1,1,530
392,0,0,960784,0,absolute,node,58031,-1,-1,530
393,0,0,980392,0,absolute,node,47894,-1,4,530
394,0,0,980392,0,absolute,node,5409,-1,-4,530
395,0,0,980392,0,absolute,node,185722,-1,4,530
396,0,0,980392,0,absolute,node,74378,-1,-4,530
397,0,0,980392,0,absolute,node,116531,-1,1,530
398,0,0,980392,0,absolute,node,120860,-1,-1,530
399,0,0,980392,0,absolute,node,99996,-1,1,530
400,0,0,980392,0,absolute,node,377,-1,-1,530
