changeID,absoluteTime,evaluation,bitVector,distanceEvaluation,typeOfChange,affected,affectedID1,affectedID2,change,totalAfterChange
0,0,0,0,0,,,-1,-1,0,560
1,0,0,38461,0,absolute,node,5413,-1,1,560
2,0,0,38461,0,absolute,node,87244,-1,-1,560
3,0,0,38461,0,absolute,node,9463,-1,4,560
4,0,0,38461,0,absolute,node,137474,-1,-4,560
5,0,0,76923,0,absolute,node,49861,-1,2,560
6,0,0,76923,0,absolute,node,108311,-1,-2,560
7,0,0,76923,0,absolute,node,183768,-1,1,560
8,0,0,76923,0,absolute,node,108858,-1,-1,560
9,0,0,115384,0,absolute,node,59566,-1,2,560
10,0,0,115384,0,absolute,node,109393,-1,-2,560
11,0,0,115384,0,absolute,node,15205,-1,1,560
12,0,0,115384,0,absolute,node,96686,-1,-1,560
13,0,0,153846,0,absolute,node,174026,-1,3,560
14,0,0,153846,0,absolute,node,147334,-1,-3,560
15,0,0,153846,0,absolute,node,164977,-1,2,560
16,0,0,153846,0,absolute,node,9643,-1,-2,560
17,0,0,192307,0,absolute,node,15205,-1,1,560
18,0,0,192307,0,absolute,node,96444,-1,-1,560
19,0,0,192307,0,absolute,node,117113,-1,1,560
20,0,0,192307,0,absolute,node,110173,-1,-1,560
21,0,0,230769,0,absolute,node,90239,-1,1,560
22,0,0,230769,0,absolute,node,134693,-1,-1,560
23,0,0,230769,0,absolute,node,12329,-1,1,560
24,0,0,230769,0,absolute,node,206560,-1,-1,560
25,0,0,269230,0,absolute,node,151133,-1,1,560
26,0,0,269230,0,absolute,node,147235,-1,-1,560
27,0,0,269230,0,absolute,node,158738,-1,1,560
28,0,0,269230,0,absolute,node,58038,-1,-1,560
29,0,0,307692,0,absolute,node,49861,-1,2,560
30,0,0,307692,0,absolute,node,183768,-1,-2,560
31,0,0,307692,0,absolute,node,134343,-1,2,560
32,0,0,307692,0,absolute,node,183768,-1,-2,560
33,0,0,346153,0,absolute,node,147235,-1,1,560
34,0,0,346153,0,absolute,node,76932,-1,-1,560
35,0,0,346153,0,absolute,node,178137,-1,2,560
36,0,0,346153,0,absolute,node,11042,-1,-2,560
37,0,0,384615,0,absolute,node,75208,-1,1,560
38,0,0,384615,0,absolute,node,192608,-1,-1,560
39,0,0,384615,0,absolute,node,147334,-1,4,560
40,0,0,384615,0,absolute,node,126511,-1,-4,560
41,0,0,423076,0,absolute,node,76932,-1,1,560
42,0,0,423076,0,absolute,node,77291,-1,-1,560
43,0,0,423076,0,absolute,node,151133,-1,4,560
44,0,0,423076,0,absolute,node,21604,-1,-4,560
45,0,0,461538,0,absolute,node,178711,-1,2,560
46,0,0,461538,0,absolute,node,96444,-1,-2,560
47,0,0,461538,0,absolute,node,140976,-1,3,560
48,0,0,461538,0,absolute,node,38595,-1,-3,560
49,0,0,5e+05,0,absolute,node,157973,-1,1,560
50,0,0,5e+05,0,absolute,node,147235,-1,-1,560
51,0,0,5e+05,0,absolute,node,38595,-1,1,560
52,0,0,5e+05,0,absolute,node,96444,-1,-1,560
53,0,0,538461,0,absolute,node,77291,-1,1,560
54,0,0,538461,0,absolute,node,21601,-1,-1,560
55,0,0,538461,0,absolute,node,140976,-1,2,560
56,0,0,538461,0,absolute,node,103328,-1,-2,560
57,0,0,576923,0,absolute,node,75208,-1,3,560
58,0,0,576923,0,absolute,node,38595,-1,-3,560
59,0,0,576923,0,absolute,node,76932,-1,1,560
60,0,0,576923,0,absolute,node,118299,-1,-1,560
61,0,0,615384,0,absolute,node,59566,-1,2,560
62,0,0,615384,0,absolute,node,703,-1,-2,560
63,0,0,615384,0,absolute,node,209373,-1,1,560
64,0,0,615384,0,absolute,node,72544,-1,-1,560
65,0,0,653846,0,absolute,node,58038,-1,2,560
66,0,0,653846,0,absolute,node,183768,-1,-2,560
67,0,0,653846,0,absolute,node,52125,-1,1,560
68,0,0,653846,0,absolute,node,206560,-1,-1,560
69,0,0,692307,0,absolute,node,21604,-1,2,560
70,0,0,692307,0,absolute,node,203320,-1,-2,560
71,0,0,692307,0,absolute,node,54663,-1,2,560
72,0,0,692307,0,absolute,node,110173,-1,-2,560
73,0,0,730769,0,absolute,node,206560,-1,3,560
74,0,0,730769,0,absolute,node,154121,-1,-3,560
75,0,0,730769,0,absolute,node,210614,-1,2,560
76,0,0,730769,0,absolute,node,116583,-1,-2,560
77,0,0,769230,0,absolute,node,39570,-1,3,560
78,0,0,769230,0,absolute,node,87244,-1,-3,560
79,0,0,769230,0,absolute,node,172150,-1,1,560
80,0,0,769230,0,absolute,node,21601,-1,-1,560
81,0,0,807692,0,absolute,node,172150,-1,1,560
82,0,0,807692,0,absolute,node,184930,-1,-1,560
83,0,0,807692,0,absolute,node,108858,-1,2,560
84,0,0,807692,0,absolute,node,177837,-1,-2,560
85,0,0,846153,0,absolute,node,184930,-1,2,560
86,0,0,846153,0,absolute,node,177083,-1,-2,560
87,0,0,846153,0,absolute,node,76932,-1,1,560
88,0,0,846153,0,absolute,node,75066,-1,-1,560
89,0,0,884615,0,absolute,node,209373,-1,3,560
90,0,0,884615,0,absolute,node,54663,-1,-3,560
91,0,0,884615,0,absolute,node,97559,-1,3,560
92,0,0,884615,0,absolute,node,87244,-1,-3,560
93,0,0,923076,0,absolute,node,154121,-1,1,560
94,0,0,923076,0,absolute,node,116583,-1,-1,560
95,0,0,923076,0,absolute,node,203320,-1,1,560
96,0,0,923076,0,absolute,node,174026,-1,-1,560
97,0,0,961538,0,absolute,node,134343,-1,2,560
98,0,0,961538,0,absolute,node,90239,-1,-2,560
99,0,0,961538,0,absolute,node,72544,-1,1,560
100,0,0,961538,0,absolute,node,93993,-1,-1,560
