changeID,absoluteTime,evaluation,bitVector,distanceEvaluation,typeOfChange,affected,affectedID1,affectedID2,change,totalAfterChange
0,0,0,0,0,,,-1,-1,0,560
1,0,0,38461,0,absolute,node,96368,-1,1,560
2,0,0,38461,0,absolute,node,52125,-1,-1,560
3,0,0,38461,0,absolute,node,151133,-1,1,560
4,0,0,38461,0,absolute,node,203320,-1,-1,560
5,0,0,38461,0,absolute,node,202115,-1,1,560
6,0,0,38461,0,absolute,node,95859,-1,-1,560
7,0,0,38461,0,absolute,node,118299,-1,3,560
8,0,0,38461,0,absolute,node,15205,-1,-3,560
9,0,0,38461,0,absolute,node,9463,-1,3,560
10,0,0,38461,0,absolute,node,75066,-1,-3,560
11,0,0,38461,0,absolute,node,87244,-1,2,560
12,0,0,38461,0,absolute,node,172150,-1,-2,560
13,0,0,38461,0,absolute,node,11042,-1,4,560
14,0,0,38461,0,absolute,node,23690,-1,-4,560
15,0,0,38461,0,absolute,node,108311,-1,4,560
16,0,0,38461,0,absolute,node,52125,-1,-4,560
17,0,0,38461,0,absolute,node,164977,-1,1,560
18,0,0,38461,0,absolute,node,178711,-1,-1,560
19,0,0,38461,0,absolute,node,58038,-1,2,560
20,0,0,38461,0,absolute,node,97559,-1,-2,560
21,0,0,38461,0,absolute,node,13731,-1,3,560
22,0,0,38461,0,absolute,node,97559,-1,-3,560
23,0,0,38461,0,absolute,node,96686,-1,2,560
24,0,0,38461,0,absolute,node,21604,-1,-2,560
25,0,0,76923,0,absolute,node,49861,-1,1,560
26,0,0,76923,0,absolute,node,75208,-1,-1,560
27,0,0,76923,0,absolute,node,140976,-1,1,560
28,0,0,76923,0,absolute,node,166707,-1,-1,560
29,0,0,76923,0,absolute,node,116583,-1,3,560
30,0,0,76923,0,absolute,node,84060,-1,-3,560
31,0,0,76923,0,absolute,node,178137,-1,1,560
32,0,0,76923,0,absolute,node,77291,-1,-1,560
33,0,0,76923,0,absolute,node,164687,-1,3,560
34,0,0,76923,0,absolute,node,184930,-1,-3,560
35,0,0,76923,0,absolute,node,107971,-1,1,560
36,0,0,76923,0,absolute,node,1544,-1,-1,560
37,0,0,76923,0,absolute,node,5413,-1,1,560
38,0,0,76923,0,absolute,node,16250,-1,-1,560
39,0,0,76923,0,absolute,node,103328,-1,1,560
40,0,0,76923,0,absolute,node,164977,-1,-1,560
41,0,0,76923,0,absolute,node,52125,-1,2,560
42,0,0,76923,0,absolute,node,23690,-1,-2,560
43,0,0,76923,0,absolute,node,90239,-1,3,560
44,0,0,76923,0,absolute,node,15205,-1,-3,560
45,0,0,76923,0,absolute,node,186052,-1,1,560
46,0,0,76923,0,absolute,node,703,-1,-1,560
47,0,0,76923,0,absolute,node,72544,-1,2,560
48,0,0,76923,0,absolute,node,194936,-1,-2,560
49,0,0,115384,0,absolute,node,54663,-1,1,560
50,0,0,115384,0,absolute,node,204448,-1,-1,560
51,0,0,115384,0,absolute,node,157973,-1,2,560
52,0,0,115384,0,absolute,node,107971,-1,-2,560
53,0,0,115384,0,absolute,node,97559,-1,2,560
54,0,0,115384,0,absolute,node,92467,-1,-2,560
55,0,0,115384,0,absolute,node,154121,-1,1,560
56,0,0,115384,0,absolute,node,58038,-1,-1,560
57,0,0,115384,0,absolute,node,177083,-1,1,560
58,0,0,115384,0,absolute,node,164558,-1,-1,560
59,0,0,115384,0,absolute,node,108858,-1,3,560
60,0,0,115384,0,absolute,node,126511,-1,-3,560
61,0,0,115384,0,absolute,node,99645,-1,1,560
62,0,0,115384,0,absolute,node,9140,-1,-1,560
63,0,0,115384,0,absolute,node,137474,-1,1,560
64,0,0,115384,0,absolute,node,118299,-1,-1,560
65,0,0,115384,0,absolute,node,16250,-1,2,560
66,0,0,115384,0,absolute,node,163578,-1,-2,560
67,0,0,115384,0,absolute,node,49861,-1,1,560
68,0,0,115384,0,absolute,node,147235,-1,-1,560
69,0,0,115384,0,absolute,node,59566,-1,4,560
70,0,0,115384,0,absolute,node,165324,-1,-4,560
71,0,0,115384,0,absolute,node,166707,-1,2,560
72,0,0,115384,0,absolute,node,9643,-1,-2,560
73,0,0,153846,0,absolute,node,108858,-1,1,560
74,0,0,153846,0,absolute,node,95859,-1,-1,560
75,0,0,153846,0,absolute,node,15205,-1,1,560
76,0,0,153846,0,absolute,node,23690,-1,-1,560
77,0,0,153846,0,absolute,node,128690,-1,2,560
78,0,0,153846,0,absolute,node,113025,-1,-2,560
79,0,0,153846,0,absolute,node,202115,-1,3,560
80,0,0,153846,0,absolute,node,158738,-1,-3,560
81,0,0,153846,0,absolute,node,116583,-1,1,560
82,0,0,153846,0,absolute,node,164977,-1,-1,560
83,0,0,153846,0,absolute,node,72544,-1,1,560
84,0,0,153846,0,absolute,node,183768,-1,-1,560
85,0,0,153846,0,absolute,node,11042,-1,3,560
86,0,0,153846,0,absolute,node,75066,-1,-3,560
87,0,0,153846,0,absolute,node,92467,-1,2,560
88,0,0,153846,0,absolute,node,150898,-1,-2,560
89,0,0,153846,0,absolute,node,78604,-1,3,560
90,0,0,153846,0,absolute,node,133730,-1,-3,560
91,0,0,153846,0,absolute,node,108311,-1,1,560
92,0,0,153846,0,absolute,node,164977,-1,-1,560
93,0,0,153846,0,absolute,node,118299,-1,1,560
94,0,0,153846,0,absolute,node,76932,-1,-1,560
95,0,0,153846,0,absolute,node,166707,-1,2,560
96,0,0,153846,0,absolute,node,76143,-1,-2,560
97,0,0,192307,0,absolute,node,92467,-1,1,560
98,0,0,192307,0,absolute,node,177083,-1,-1,560
99,0,0,192307,0,absolute,node,173499,-1,1,560
100,0,0,192307,0,absolute,node,58038,-1,-1,560
101,0,0,192307,0,absolute,node,183768,-1,3,560
102,0,0,192307,0,absolute,node,78604,-1,-3,560
103,0,0,192307,0,absolute,node,163578,-1,4,560
104,0,0,192307,0,absolute,node,54663,-1,-4,560
105,0,0,192307,0,absolute,node,178137,-1,1,560
106,0,0,192307,0,absolute,node,96368,-1,-1,560
107,0,0,192307,0,absolute,node,172150,-1,3,560
108,0,0,192307,0,absolute,node,703,-1,-3,560
109,0,0,192307,0,absolute,node,95859,-1,1,560
110,0,0,192307,0,absolute,node,16250,-1,-1,560
111,0,0,192307,0,absolute,node,154121,-1,2,560
112,0,0,192307,0,absolute,node,164558,-1,-2,560
113,0,0,192307,0,absolute,node,15205,-1,3,560
114,0,0,192307,0,absolute,node,76143,-1,-3,560
115,0,0,192307,0,absolute,node,206560,-1,3,560
116,0,0,192307,0,absolute,node,9463,-1,-3,560
117,0,0,192307,0,absolute,node,77291,-1,5,560
118,0,0,192307,0,absolute,node,5413,-1,-5,560
119,0,0,192307,0,absolute,node,151133,-1,2,560
120,0,0,192307,0,absolute,node,117113,-1,-2,560
121,0,0,230769,0,absolute,node,158738,-1,1,560
122,0,0,230769,0,absolute,node,210614,-1,-1,560
123,0,0,230769,0,absolute,node,117113,-1,2,560
124,0,0,230769,0,absolute,node,134343,-1,-2,560
125,0,0,230769,0,absolute,node,178137,-1,1,560
126,0,0,230769,0,absolute,node,42256,-1,-1,560
127,0,0,230769,0,absolute,node,87244,-1,2,560
128,0,0,230769,0,absolute,node,173499,-1,-2,560
129,0,0,230769,0,absolute,node,137474,-1,1,560
130,0,0,230769,0,absolute,node,166707,-1,-1,560
131,0,0,230769,0,absolute,node,164977,-1,5,560
132,0,0,230769,0,absolute,node,75208,-1,-5,560
133,0,0,230769,0,absolute,node,194936,-1,1,560
134,0,0,230769,0,absolute,node,186052,-1,-1,560
135,0,0,230769,0,absolute,node,23690,-1,1,560
136,0,0,230769,0,absolute,node,5413,-1,-1,560
137,0,0,230769,0,absolute,node,147235,-1,2,560
138,0,0,230769,0,absolute,node,181955,-1,-2,560
139,0,0,230769,0,absolute,node,9643,-1,1,560
140,0,0,230769,0,absolute,node,167837,-1,-1,560
141,0,0,230769,0,absolute,node,15205,-1,4,560
142,0,0,230769,0,absolute,node,52125,-1,-4,560
143,0,0,230769,0,absolute,node,164687,-1,1,560
144,0,0,230769,0,absolute,node,9463,-1,-1,560
145,0,0,269230,0,absolute,node,134693,-1,1,560
146,0,0,269230,0,absolute,node,76932,-1,-1,560
147,0,0,269230,0,absolute,node,1544,-1,1,560
148,0,0,269230,0,absolute,node,21601,-1,-1,560
149,0,0,269230,0,absolute,node,72544,-1,2,560
150,0,0,269230,0,absolute,node,110173,-1,-2,560
151,0,0,269230,0,absolute,node,58038,-1,1,560
152,0,0,269230,0,absolute,node,9643,-1,-1,560
153,0,0,269230,0,absolute,node,164977,-1,3,560
154,0,0,269230,0,absolute,node,165324,-1,-3,560
155,0,0,269230,0,absolute,node,23690,-1,1,560
156,0,0,269230,0,absolute,node,21601,-1,-1,560
157,0,0,269230,0,absolute,node,147235,-1,1,560
158,0,0,269230,0,absolute,node,31220,-1,-1,560
159,0,0,269230,0,absolute,node,703,-1,2,560
160,0,0,269230,0,absolute,node,9643,-1,-2,560
161,0,0,269230,0,absolute,node,167837,-1,1,560
162,0,0,269230,0,absolute,node,209373,-1,-1,560
163,0,0,269230,0,absolute,node,108858,-1,4,560
164,0,0,269230,0,absolute,node,84060,-1,-4,560
165,0,0,269230,0,absolute,node,90239,-1,2,560
166,0,0,269230,0,absolute,node,153463,-1,-2,560
167,0,0,269230,0,absolute,node,78604,-1,1,560
168,0,0,269230,0,absolute,node,166707,-1,-1,560
169,0,0,307692,0,absolute,node,151133,-1,1,560
170,0,0,307692,0,absolute,node,37625,-1,-1,560
171,0,0,307692,0,absolute,node,177837,-1,1,560
172,0,0,307692,0,absolute,node,83952,-1,-1,560
173,0,0,307692,0,absolute,node,150898,-1,2,560
174,0,0,307692,0,absolute,node,42122,-1,-2,560
175,0,0,307692,0,absolute,node,5413,-1,2,560
176,0,0,307692,0,absolute,node,97559,-1,-2,560
177,0,0,307692,0,absolute,node,194936,-1,1,560
178,0,0,307692,0,absolute,node,97559,-1,-1,560
179,0,0,307692,0,absolute,node,192608,-1,2,560
180,0,0,307692,0,absolute,node,154121,-1,-2,560
181,0,0,307692,0,absolute,node,184930,-1,4,560
182,0,0,307692,0,absolute,node,54663,-1,-4,560
183,0,0,307692,0,absolute,node,96686,-1,1,560
184,0,0,307692,0,absolute,node,95859,-1,-1,560
185,0,0,307692,0,absolute,node,93993,-1,1,560
186,0,0,307692,0,absolute,node,203320,-1,-1,560
187,0,0,307692,0,absolute,node,108311,-1,2,560
188,0,0,307692,0,absolute,node,163578,-1,-2,560
189,0,0,307692,0,absolute,node,77291,-1,1,560
190,0,0,307692,0,absolute,node,186052,-1,-1,560
191,0,0,307692,0,absolute,node,165324,-1,1,560
192,0,0,307692,0,absolute,node,96368,-1,-1,560
193,0,0,346153,0,absolute,node,16250,-1,3,560
194,0,0,346153,0,absolute,node,194936,-1,-3,560
195,0,0,346153,0,absolute,node,92467,-1,1,560
196,0,0,346153,0,absolute,node,164977,-1,-1,560
197,0,0,346153,0,absolute,node,203320,-1,1,560
198,0,0,346153,0,absolute,node,164977,-1,-1,560
199,0,0,346153,0,absolute,node,183768,-1,1,560
200,0,0,346153,0,absolute,node,150898,-1,-1,560
201,0,0,346153,0,absolute,node,13731,-1,1,560
202,0,0,346153,0,absolute,node,151133,-1,-1,560
203,0,0,346153,0,absolute,node,42256,-1,2,560
204,0,0,346153,0,absolute,node,83952,-1,-2,560
205,0,0,346153,0,absolute,node,84060,-1,1,560
206,0,0,346153,0,absolute,node,118299,-1,-1,560
207,0,0,346153,0,absolute,node,15205,-1,2,560
208,0,0,346153,0,absolute,node,23690,-1,-2,560
209,0,0,346153,0,absolute,node,72544,-1,3,560
210,0,0,346153,0,absolute,node,42122,-1,-3,560
211,0,0,346153,0,absolute,node,93993,-1,1,560
212,0,0,346153,0,absolute,node,95859,-1,-1,560
213,0,0,346153,0,absolute,node,181955,-1,5,560
214,0,0,346153,0,absolute,node,5413,-1,-5,560
215,0,0,346153,0,absolute,node,126511,-1,1,560
216,0,0,346153,0,absolute,node,23690,-1,-1,560
217,0,0,384615,0,absolute,node,177837,-1,1,560
218,0,0,384615,0,absolute,node,113025,-1,-1,560
219,0,0,384615,0,absolute,node,158738,-1,2,560
220,0,0,384615,0,absolute,node,107971,-1,-2,560
221,0,0,384615,0,absolute,node,78988,-1,1,560
222,0,0,384615,0,absolute,node,134693,-1,-1,560
223,0,0,384615,0,absolute,node,167837,-1,1,560
224,0,0,384615,0,absolute,node,12329,-1,-1,560
225,0,0,384615,0,absolute,node,203320,-1,4,560
226,0,0,384615,0,absolute,node,202115,-1,-4,560
227,0,0,384615,0,absolute,node,134343,-1,3,560
228,0,0,384615,0,absolute,node,147334,-1,-3,560
229,0,0,384615,0,absolute,node,140976,-1,2,560
230,0,0,384615,0,absolute,node,109393,-1,-2,560
231,0,0,384615,0,absolute,node,99645,-1,2,560
232,0,0,384615,0,absolute,node,183768,-1,-2,560
233,0,0,384615,0,absolute,node,157973,-1,1,560
234,0,0,384615,0,absolute,node,134693,-1,-1,560
235,0,0,384615,0,absolute,node,204448,-1,5,560
236,0,0,384615,0,absolute,node,96686,-1,-5,560
237,0,0,384615,0,absolute,node,153463,-1,1,560
238,0,0,384615,0,absolute,node,166707,-1,-1,560
239,0,0,384615,0,absolute,node,92467,-1,1,560
240,0,0,384615,0,absolute,node,147235,-1,-1,560
241,0,0,423076,0,absolute,node,16250,-1,3,560
242,0,0,423076,0,absolute,node,128690,-1,-3,560
243,0,0,423076,0,absolute,node,118299,-1,1,560
244,0,0,423076,0,absolute,node,83952,-1,-1,560
245,0,0,423076,0,absolute,node,76932,-1,1,560
246,0,0,423076,0,absolute,node,42256,-1,-1,560
247,0,0,423076,0,absolute,node,72544,-1,1,560
248,0,0,423076,0,absolute,node,206560,-1,-1,560
249,0,0,423076,0,absolute,node,13731,-1,1,560
250,0,0,423076,0,absolute,node,96368,-1,-1,560
251,0,0,423076,0,absolute,node,157973,-1,2,560
252,0,0,423076,0,absolute,node,76143,-1,-2,560
253,0,0,423076,0,absolute,node,9643,-1,1,560
254,0,0,423076,0,absolute,node,77291,-1,-1,560
255,0,0,423076,0,absolute,node,134343,-1,3,560
256,0,0,423076,0,absolute,node,147334,-1,-3,560
257,0,0,423076,0,absolute,node,15205,-1,1,560
258,0,0,423076,0,absolute,node,166707,-1,-1,560
259,0,0,423076,0,absolute,node,158738,-1,3,560
260,0,0,423076,0,absolute,node,177837,-1,-3,560
261,0,0,423076,0,absolute,node,113025,-1,1,560
262,0,0,423076,0,absolute,node,83952,-1,-1,560
263,0,0,423076,0,absolute,node,163578,-1,3,560
264,0,0,423076,0,absolute,node,164687,-1,-3,560
265,0,0,461538,0,absolute,node,75066,-1,1,560
266,0,0,461538,0,absolute,node,72544,-1,-1,560
267,0,0,461538,0,absolute,node,163578,-1,1,560
268,0,0,461538,0,absolute,node,59566,-1,-1,560
269,0,0,461538,0,absolute,node,95859,-1,1,560
270,0,0,461538,0,absolute,node,58038,-1,-1,560
271,0,0,461538,0,absolute,node,78988,-1,1,560
272,0,0,461538,0,absolute,node,107971,-1,-1,560
273,0,0,461538,0,absolute,node,210614,-1,2,560
274,0,0,461538,0,absolute,node,174026,-1,-2,560
275,0,0,461538,0,absolute,node,154121,-1,1,560
276,0,0,461538,0,absolute,node,16250,-1,-1,560
277,0,0,461538,0,absolute,node,147334,-1,3,560
278,0,0,461538,0,absolute,node,164687,-1,-3,560
279,0,0,461538,0,absolute,node,128690,-1,1,560
280,0,0,461538,0,absolute,node,178137,-1,-1,560
281,0,0,461538,0,absolute,node,202115,-1,1,560
282,0,0,461538,0,absolute,node,134343,-1,-1,560
283,0,0,461538,0,absolute,node,177837,-1,1,560
284,0,0,461538,0,absolute,node,77291,-1,-1,560
285,0,0,461538,0,absolute,node,150898,-1,2,560
286,0,0,461538,0,absolute,node,140976,-1,-2,560
287,0,0,461538,0,absolute,node,9463,-1,1,560
288,0,0,461538,0,absolute,node,1544,-1,-1,560
289,0,0,5e+05,0,absolute,node,128690,-1,2,560
290,0,0,5e+05,0,absolute,node,38595,-1,-2,560
291,0,0,5e+05,0,absolute,node,174026,-1,2,560
292,0,0,5e+05,0,absolute,node,78604,-1,-2,560
293,0,0,5e+05,0,absolute,node,9463,-1,1,560
294,0,0,5e+05,0,absolute,node,42256,-1,-1,560
295,0,0,5e+05,0,absolute,node,77291,-1,1,560
296,0,0,5e+05,0,absolute,node,52125,-1,-1,560
297,0,0,5e+05,0,absolute,node,21604,-1,1,560
298,0,0,5e+05,0,absolute,node,49861,-1,-1,560
299,0,0,5e+05,0,absolute,node,59566,-1,1,560
300,0,0,5e+05,0,absolute,node,178137,-1,-1,560
301,0,0,5e+05,0,absolute,node,166707,-1,1,560
302,0,0,5e+05,0,absolute,node,113025,-1,-1,560
303,0,0,5e+05,0,absolute,node,210614,-1,1,560
304,0,0,5e+05,0,absolute,node,150898,-1,-1,560
305,0,0,5e+05,0,absolute,node,42122,-1,3,560
306,0,0,5e+05,0,absolute,node,134343,-1,-3,560
307,0,0,5e+05,0,absolute,node,92467,-1,1,560
308,0,0,5e+05,0,absolute,node,150898,-1,-1,560
309,0,0,5e+05,0,absolute,node,13731,-1,1,560
310,0,0,5e+05,0,absolute,node,9140,-1,-1,560
311,0,0,5e+05,0,absolute,node,5413,-1,1,560
312,0,0,5e+05,0,absolute,node,99645,-1,-1,560
313,0,0,538461,0,absolute,node,5413,-1,1,560
314,0,0,538461,0,absolute,node,164558,-1,-1,560
315,0,0,538461,0,absolute,node,48982,-1,2,560
316,0,0,538461,0,absolute,node,96444,-1,-2,560
317,0,0,538461,0,absolute,node,13731,-1,1,560
318,0,0,538461,0,absolute,node,172150,-1,-1,560
319,0,0,538461,0,absolute,node,93993,-1,4,560
320,0,0,538461,0,absolute,node,126511,-1,-4,560
321,0,0,538461,0,absolute,node,92467,-1,1,560
322,0,0,538461,0,absolute,node,110173,-1,-1,560
323,0,0,538461,0,absolute,node,183768,-1,2,560
324,0,0,538461,0,absolute,node,31220,-1,-2,560
325,0,0,538461,0,absolute,node,140976,-1,1,560
326,0,0,538461,0,absolute,node,134343,-1,-1,560
327,0,0,538461,0,absolute,node,164687,-1,1,560
328,0,0,538461,0,absolute,node,15205,-1,-1,560
329,0,0,538461,0,absolute,node,113025,-1,1,560
330,0,0,538461,0,absolute,node,178711,-1,-1,560
331,0,0,538461,0,absolute,node,52125,-1,1,560
332,0,0,538461,0,absolute,node,118299,-1,-1,560
333,0,0,538461,0,absolute,node,9463,-1,1,560
334,0,0,538461,0,absolute,node,107971,-1,-1,560
335,0,0,538461,0,absolute,node,95859,-1,4,560
336,0,0,538461,0,absolute,node,137474,-1,-4,560
337,0,0,576923,0,absolute,node,99645,-1,2,560
338,0,0,576923,0,absolute,node,130257,-1,-2,560
339,0,0,576923,0,absolute,node,150898,-1,1,560
340,0,0,576923,0,absolute,node,110173,-1,-1,560
341,0,0,576923,0,absolute,node,113025,-1,2,560
342,0,0,576923,0,absolute,node,108311,-1,-2,560
343,0,0,576923,0,absolute,node,42256,-1,1,560
344,0,0,576923,0,absolute,node,163578,-1,-1,560
345,0,0,576923,0,absolute,node,133730,-1,1,560
346,0,0,576923,0,absolute,node,151133,-1,-1,560
347,0,0,576923,0,absolute,node,154121,-1,4,560
348,0,0,576923,0,absolute,node,5413,-1,-4,560
349,0,0,576923,0,absolute,node,107971,-1,2,560
350,0,0,576923,0,absolute,node,147334,-1,-2,560
351,0,0,576923,0,absolute,node,31220,-1,4,560
352,0,0,576923,0,absolute,node,49861,-1,-4,560
353,0,0,576923,0,absolute,node,703,-1,1,560
354,0,0,576923,0,absolute,node,78988,-1,-1,560
355,0,0,576923,0,absolute,node,21601,-1,1,560
356,0,0,576923,0,absolute,node,78988,-1,-1,560
357,0,0,576923,0,absolute,node,174026,-1,3,560
358,0,0,576923,0,absolute,node,42122,-1,-3,560
359,0,0,576923,0,absolute,node,134343,-1,4,560
360,0,0,576923,0,absolute,node,158738,-1,-4,560
361,0,0,615384,0,absolute,node,9643,-1,2,560
362,0,0,615384,0,absolute,node,107971,-1,-2,560
363,0,0,615384,0,absolute,node,42256,-1,1,560
364,0,0,615384,0,absolute,node,157973,-1,-1,560
365,0,0,615384,0,absolute,node,109393,-1,3,560
366,0,0,615384,0,absolute,node,202115,-1,-3,560
367,0,0,615384,0,absolute,node,164558,-1,2,560
368,0,0,615384,0,absolute,node,42122,-1,-2,560
369,0,0,615384,0,absolute,node,181955,-1,1,560
370,0,0,615384,0,absolute,node,58038,-1,-1,560
371,0,0,615384,0,absolute,node,96368,-1,1,560
372,0,0,615384,0,absolute,node,209373,-1,-1,560
373,0,0,615384,0,absolute,node,110173,-1,2,560
374,0,0,615384,0,absolute,node,183768,-1,-2,560
375,0,0,615384,0,absolute,node,204448,-1,2,560
376,0,0,615384,0,absolute,node,177837,-1,-2,560
377,0,0,615384,0,absolute,node,116583,-1,4,560
378,0,0,615384,0,absolute,node,184930,-1,-4,560
379,0,0,615384,0,absolute,node,75208,-1,2,560
380,0,0,615384,0,absolute,node,163578,-1,-2,560
381,0,0,615384,0,absolute,node,78988,-1,1,560
382,0,0,615384,0,absolute,node,97559,-1,-1,560
383,0,0,615384,0,absolute,node,1544,-1,2,560
384,0,0,615384,0,absolute,node,165324,-1,-2,560
385,0,0,653846,0,absolute,node,58038,-1,2,560
386,0,0,653846,0,absolute,node,204448,-1,-2,560
387,0,0,653846,0,absolute,node,164558,-1,3,560
388,0,0,653846,0,absolute,node,108858,-1,-3,560
389,0,0,653846,0,absolute,node,194936,-1,1,560
390,0,0,653846,0,absolute,node,134693,-1,-1,560
391,0,0,653846,0,absolute,node,110173,-1,2,560
392,0,0,653846,0,absolute,node,173499,-1,-2,560
393,0,0,653846,0,absolute,node,164977,-1,1,560
394,0,0,653846,0,absolute,node,174026,-1,-1,560
395,0,0,653846,0,absolute,node,147235,-1,2,560
396,0,0,653846,0,absolute,node,134343,-1,-2,560
397,0,0,653846,0,absolute,node,75066,-1,1,560
398,0,0,653846,0,absolute,node,95859,-1,-1,560
399,0,0,653846,0,absolute,node,9140,-1,1,560
400,0,0,653846,0,absolute,node,118299,-1,-1,560
401,0,0,653846,0,absolute,node,113025,-1,1,560
402,0,0,653846,0,absolute,node,118299,-1,-1,560
403,0,0,653846,0,absolute,node,703,-1,2,560
404,0,0,653846,0,absolute,node,117113,-1,-2,560
405,0,0,653846,0,absolute,node,5413,-1,1,560
406,0,0,653846,0,absolute,node,154121,-1,-1,560
407,0,0,653846,0,absolute,node,75208,-1,3,560
408,0,0,653846,0,absolute,node,39570,-1,-3,560
409,0,0,692307,0,absolute,node,147334,-1,3,560
410,0,0,692307,0,absolute,node,78604,-1,-3,560
411,0,0,692307,0,absolute,node,184930,-1,3,560
412,0,0,692307,0,absolute,node,78604,-1,-3,560
413,0,0,692307,0,absolute,node,113025,-1,2,560
414,0,0,692307,0,absolute,node,703,-1,-2,560
415,0,0,692307,0,absolute,node,151133,-1,2,560
416,0,0,692307,0,absolute,node,117113,-1,-2,560
417,0,0,692307,0,absolute,node,9643,-1,3,560
418,0,0,692307,0,absolute,node,31220,-1,-3,560
419,0,0,692307,0,absolute,node,84060,-1,1,560
420,0,0,692307,0,absolute,node,76932,-1,-1,560
421,0,0,692307,0,absolute,node,23690,-1,1,560
422,0,0,692307,0,absolute,node,95859,-1,-1,560
423,0,0,692307,0,absolute,node,96368,-1,1,560
424,0,0,692307,0,absolute,node,48982,-1,-1,560
425,0,0,692307,0,absolute,node,158738,-1,1,560
426,0,0,692307,0,absolute,node,209373,-1,-1,560
427,0,0,692307,0,absolute,node,163578,-1,1,560
428,0,0,692307,0,absolute,node,78988,-1,-1,560
429,0,0,692307,0,absolute,node,134343,-1,1,560
430,0,0,692307,0,absolute,node,96444,-1,-1,560
431,0,0,692307,0,absolute,node,116583,-1,1,560
432,0,0,692307,0,absolute,node,75066,-1,-1,560
433,0,0,730769,0,absolute,node,42122,-1,1,560
434,0,0,730769,0,absolute,node,147235,-1,-1,560
435,0,0,730769,0,absolute,node,76932,-1,1,560
436,0,0,730769,0,absolute,node,163578,-1,-1,560
437,0,0,730769,0,absolute,node,194936,-1,1,560
438,0,0,730769,0,absolute,node,137474,-1,-1,560
439,0,0,730769,0,absolute,node,154121,-1,1,560
440,0,0,730769,0,absolute,node,130257,-1,-1,560
441,0,0,730769,0,absolute,node,150898,-1,3,560
442,0,0,730769,0,absolute,node,153463,-1,-3,560
443,0,0,730769,0,absolute,node,703,-1,1,560
444,0,0,730769,0,absolute,node,95859,-1,-1,560
445,0,0,730769,0,absolute,node,97559,-1,1,560
446,0,0,730769,0,absolute,node,147235,-1,-1,560
447,0,0,730769,0,absolute,node,42256,-1,3,560
448,0,0,730769,0,absolute,node,48982,-1,-3,560
449,0,0,730769,0,absolute,node,77291,-1,1,560
450,0,0,730769,0,absolute,node,48982,-1,-1,560
451,0,0,730769,0,absolute,node,75208,-1,3,560
452,0,0,730769,0,absolute,node,210614,-1,-3,560
453,0,0,730769,0,absolute,node,21601,-1,1,560
454,0,0,730769,0,absolute,node,59566,-1,-1,560
455,0,0,730769,0,absolute,node,96686,-1,3,560
456,0,0,730769,0,absolute,node,137474,-1,-3,560
457,0,0,769230,0,absolute,node,77291,-1,1,560
458,0,0,769230,0,absolute,node,128690,-1,-1,560
459,0,0,769230,0,absolute,node,165324,-1,1,560
460,0,0,769230,0,absolute,node,76932,-1,-1,560
461,0,0,769230,0,absolute,node,181955,-1,1,560
462,0,0,769230,0,absolute,node,163578,-1,-1,560
463,0,0,769230,0,absolute,node,174026,-1,1,560
464,0,0,769230,0,absolute,node,90239,-1,-1,560
465,0,0,769230,0,absolute,node,192608,-1,2,560
466,0,0,769230,0,absolute,node,133730,-1,-2,560
467,0,0,769230,0,absolute,node,93993,-1,1,560
468,0,0,769230,0,absolute,node,96368,-1,-1,560
469,0,0,769230,0,absolute,node,38595,-1,1,560
470,0,0,769230,0,absolute,node,703,-1,-1,560
471,0,0,769230,0,absolute,node,92467,-1,2,560
472,0,0,769230,0,absolute,node,116583,-1,-2,560
473,0,0,769230,0,absolute,node,204448,-1,1,560
474,0,0,769230,0,absolute,node,209373,-1,-1,560
475,0,0,769230,0,absolute,node,75208,-1,2,560
476,0,0,769230,0,absolute,node,178711,-1,-2,560
477,0,0,769230,0,absolute,node,99645,-1,1,560
478,0,0,769230,0,absolute,node,157973,-1,-1,560
479,0,0,769230,0,absolute,node,130257,-1,3,560
480,0,0,769230,0,absolute,node,87244,-1,-3,560
481,0,0,807692,0,absolute,node,204448,-1,1,560
482,0,0,807692,0,absolute,node,39570,-1,-1,560
483,0,0,807692,0,absolute,node,37625,-1,1,560
484,0,0,807692,0,absolute,node,110173,-1,-1,560
485,0,0,807692,0,absolute,node,128690,-1,3,560
486,0,0,807692,0,absolute,node,172150,-1,-3,560
487,0,0,807692,0,absolute,node,76932,-1,2,560
488,0,0,807692,0,absolute,node,150898,-1,-2,560
489,0,0,807692,0,absolute,node,164558,-1,2,560
490,0,0,807692,0,absolute,node,183768,-1,-2,560
491,0,0,807692,0,absolute,node,163578,-1,2,560
492,0,0,807692,0,absolute,node,52879,-1,-2,560
493,0,0,807692,0,absolute,node,206560,-1,1,560
494,0,0,807692,0,absolute,node,42122,-1,-1,560
495,0,0,807692,0,absolute,node,48982,-1,2,560
496,0,0,807692,0,absolute,node,174026,-1,-2,560
497,0,0,807692,0,absolute,node,203320,-1,1,560
498,0,0,807692,0,absolute,node,90239,-1,-1,560
499,0,0,807692,0,absolute,node,99645,-1,2,560
500,0,0,807692,0,absolute,node,113025,-1,-2,560
501,0,0,807692,0,absolute,node,173499,-1,1,560
502,0,0,807692,0,absolute,node,78988,-1,-1,560
503,0,0,807692,0,absolute,node,118299,-1,3,560
504,0,0,807692,0,absolute,node,158738,-1,-3,560
505,0,0,846153,0,absolute,node,1544,-1,3,560
506,0,0,846153,0,absolute,node,38595,-1,-3,560
507,0,0,846153,0,absolute,node,194936,-1,2,560
508,0,0,846153,0,absolute,node,109393,-1,-2,560
509,0,0,846153,0,absolute,node,87244,-1,5,560
510,0,0,846153,0,absolute,node,202115,-1,-5,560
511,0,0,846153,0,absolute,node,164977,-1,1,560
512,0,0,846153,0,absolute,node,21604,-1,-1,560
513,0,0,846153,0,absolute,node,97559,-1,2,560
514,0,0,846153,0,absolute,node,116583,-1,-2,560
515,0,0,846153,0,absolute,node,203320,-1,1,560
516,0,0,846153,0,absolute,node,31220,-1,-1,560
517,0,0,846153,0,absolute,node,39570,-1,2,560
518,0,0,846153,0,absolute,node,150898,-1,-2,560
519,0,0,846153,0,absolute,node,76143,-1,1,560
520,0,0,846153,0,absolute,node,95859,-1,-1,560
521,0,0,846153,0,absolute,node,84060,-1,1,560
522,0,0,846153,0,absolute,node,147334,-1,-1,560
523,0,0,846153,0,absolute,node,72544,-1,1,560
524,0,0,846153,0,absolute,node,147235,-1,-1,560
525,0,0,846153,0,absolute,node,83952,-1,1,560
526,0,0,846153,0,absolute,node,184930,-1,-1,560
527,0,0,846153,0,absolute,node,177837,-1,2,560
528,0,0,846153,0,absolute,node,52879,-1,-2,560
529,0,0,884615,0,absolute,node,52125,-1,1,560
530,0,0,884615,0,absolute,node,164977,-1,-1,560
531,0,0,884615,0,absolute,node,75066,-1,1,560
532,0,0,884615,0,absolute,node,164977,-1,-1,560
533,0,0,884615,0,absolute,node,209373,-1,1,560
534,0,0,884615,0,absolute,node,157973,-1,-1,560
535,0,0,884615,0,absolute,node,158738,-1,2,560
536,0,0,884615,0,absolute,node,11042,-1,-2,560
537,0,0,884615,0,absolute,node,76932,-1,1,560
538,0,0,884615,0,absolute,node,108858,-1,-1,560
539,0,0,884615,0,absolute,node,118299,-1,3,560
540,0,0,884615,0,absolute,node,87244,-1,-3,560
541,0,0,884615,0,absolute,node,93993,-1,2,560
542,0,0,884615,0,absolute,node,83952,-1,-2,560
543,0,0,884615,0,absolute,node,16250,-1,2,560
544,0,0,884615,0,absolute,node,703,-1,-2,560
545,0,0,884615,0,absolute,node,21601,-1,3,560
546,0,0,884615,0,absolute,node,39570,-1,-3,560
547,0,0,884615,0,absolute,node,128690,-1,2,560
548,0,0,884615,0,absolute,node,83952,-1,-2,560
549,0,0,884615,0,absolute,node,38595,-1,2,560
550,0,0,884615,0,absolute,node,108311,-1,-2,560
551,0,0,884615,0,absolute,node,172150,-1,2,560
552,0,0,884615,0,absolute,node,173499,-1,-2,560
553,0,0,923076,0,absolute,node,147235,-1,1,560
554,0,0,923076,0,absolute,node,202115,-1,-1,560
555,0,0,923076,0,absolute,node,48982,-1,1,560
556,0,0,923076,0,absolute,node,12329,-1,-1,560
557,0,0,923076,0,absolute,node,163578,-1,2,560
558,0,0,923076,0,absolute,node,177083,-1,-2,560
559,0,0,923076,0,absolute,node,109393,-1,1,560
560,0,0,923076,0,absolute,node,96686,-1,-1,560
561,0,0,923076,0,absolute,node,54663,-1,1,560
562,0,0,923076,0,absolute,node,9463,-1,-1,560
563,0,0,923076,0,absolute,node,140976,-1,1,560
564,0,0,923076,0,absolute,node,72544,-1,-1,560
565,0,0,923076,0,absolute,node,183768,-1,1,560
566,0,0,923076,0,absolute,node,210614,-1,-1,560
567,0,0,923076,0,absolute,node,157973,-1,2,560
568,0,0,923076,0,absolute,node,177083,-1,-2,560
569,0,0,923076,0,absolute,node,150898,-1,2,560
570,0,0,923076,0,absolute,node,137474,-1,-2,560
571,0,0,923076,0,absolute,node,192608,-1,1,560
572,0,0,923076,0,absolute,node,166707,-1,-1,560
573,0,0,923076,0,absolute,node,21604,-1,2,560
574,0,0,923076,0,absolute,node,96444,-1,-2,560
575,0,0,923076,0,absolute,node,11042,-1,1,560
576,0,0,923076,0,absolute,node,128690,-1,-1,560
577,0,0,961538,0,absolute,node,12329,-1,1,560
578,0,0,961538,0,absolute,node,163578,-1,-1,560
579,0,0,961538,0,absolute,node,158738,-1,2,560
580,0,0,961538,0,absolute,node,23690,-1,-2,560
581,0,0,961538,0,absolute,node,75066,-1,1,560
582,0,0,961538,0,absolute,node,13731,-1,-1,560
583,0,0,961538,0,absolute,node,1544,-1,1,560
584,0,0,961538,0,absolute,node,78988,-1,-1,560
585,0,0,961538,0,absolute,node,108311,-1,1,560
586,0,0,961538,0,absolute,node,206560,-1,-1,560
587,0,0,961538,0,absolute,node,116583,-1,2,560
588,0,0,961538,0,absolute,node,92467,-1,-2,560
589,0,0,961538,0,absolute,node,166707,-1,1,560
590,0,0,961538,0,absolute,node,157973,-1,-1,560
591,0,0,961538,0,absolute,node,151133,-1,3,560
592,0,0,961538,0,absolute,node,97559,-1,-3,560
593,0,0,961538,0,absolute,node,153463,-1,1,560
594,0,0,961538,0,absolute,node,134693,-1,-1,560
595,0,0,961538,0,absolute,node,130257,-1,3,560
596,0,0,961538,0,absolute,node,128690,-1,-3,560
597,0,0,961538,0,absolute,node,203320,-1,4,560
598,0,0,961538,0,absolute,node,140976,-1,-4,560
599,0,0,961538,0,absolute,node,9643,-1,5,560
600,0,0,961538,0,absolute,node,210614,-1,-5,560
