changeID,absoluteTime,evaluation,bitVector,distanceEvaluation,typeOfChange,affected,affectedID1,affectedID2,change,totalAfterChange
0,0,0,0,0,,,-1,-1,0,560
1,0,0,38461,0,absolute,node,183768,-1,2,560
2,0,0,38461,0,absolute,node,90239,-1,-2,560
3,0,0,38461,0,absolute,node,130257,-1,4,560
4,0,0,38461,0,absolute,node,42122,-1,-4,560
5,0,0,38461,0,absolute,node,703,-1,1,560
6,0,0,38461,0,absolute,node,77291,-1,-1,560
7,0,0,38461,0,absolute,node,99645,-1,1,560
8,0,0,38461,0,absolute,node,16250,-1,-1,560
9,0,0,38461,0,absolute,node,137474,-1,4,560
10,0,0,38461,0,absolute,node,83952,-1,-4,560
11,0,0,38461,0,absolute,node,76143,-1,3,560
12,0,0,38461,0,absolute,node,84060,-1,-3,560
13,0,0,38461,0,absolute,node,210614,-1,2,560
14,0,0,38461,0,absolute,node,96444,-1,-2,560
15,0,0,38461,0,absolute,node,202115,-1,2,560
16,0,0,38461,0,absolute,node,9140,-1,-2,560
17,0,0,38461,0,absolute,node,97559,-1,1,560
18,0,0,38461,0,absolute,node,116583,-1,-1,560
19,0,0,38461,0,absolute,node,167837,-1,5,560
20,0,0,38461,0,absolute,node,75208,-1,-5,560
21,0,0,38461,0,absolute,node,95859,-1,1,560
22,0,0,38461,0,absolute,node,37625,-1,-1,560
23,0,0,38461,0,absolute,node,21604,-1,4,560
24,0,0,38461,0,absolute,node,83952,-1,-4,560
25,0,0,38461,0,absolute,node,54663,-1,1,560
26,0,0,38461,0,absolute,node,147235,-1,-1,560
27,0,0,38461,0,absolute,node,164558,-1,1,560
28,0,0,38461,0,absolute,node,42122,-1,-1,560
29,0,0,38461,0,absolute,node,153463,-1,2,560
30,0,0,38461,0,absolute,node,9463,-1,-2,560
31,0,0,38461,0,absolute,node,39570,-1,2,560
32,0,0,38461,0,absolute,node,49861,-1,-2,560
33,0,0,38461,0,absolute,node,110173,-1,1,560
34,0,0,38461,0,absolute,node,78988,-1,-1,560
35,0,0,38461,0,absolute,node,177837,-1,1,560
36,0,0,38461,0,absolute,node,108311,-1,-1,560
37,0,0,38461,0,absolute,node,12329,-1,2,560
38,0,0,38461,0,absolute,node,117113,-1,-2,560
39,0,0,38461,0,absolute,node,194936,-1,2,560
40,0,0,38461,0,absolute,node,203320,-1,-2,560
41,0,0,38461,0,absolute,node,206560,-1,2,560
42,0,0,38461,0,absolute,node,181955,-1,-2,560
43,0,0,38461,0,absolute,node,38595,-1,3,560
44,0,0,38461,0,absolute,node,96686,-1,-3,560
45,0,0,38461,0,absolute,node,150898,-1,5,560
46,0,0,38461,0,absolute,node,15205,-1,-5,560
47,0,0,38461,0,absolute,node,93993,-1,1,560
48,0,0,38461,0,absolute,node,83952,-1,-1,560
49,0,0,76923,0,absolute,node,173499,-1,1,560
50,0,0,76923,0,absolute,node,164977,-1,-1,560
51,0,0,76923,0,absolute,node,158738,-1,4,560
52,0,0,76923,0,absolute,node,154121,-1,-4,560
53,0,0,76923,0,absolute,node,186052,-1,1,560
54,0,0,76923,0,absolute,node,103328,-1,-1,560
55,0,0,76923,0,absolute,node,37625,-1,1,560
56,0,0,76923,0,absolute,node,166707,-1,-1,560
57,0,0,76923,0,absolute,node,128690,-1,1,560
58,0,0,76923,0,absolute,node,87244,-1,-1,560
59,0,0,76923,0,absolute,node,202115,-1,1,560
60,0,0,76923,0,absolute,node,95859,-1,-1,560
61,0,0,76923,0,absolute,node,153463,-1,1,560
62,0,0,76923,0,absolute,node,174026,-1,-1,560
63,0,0,76923,0,absolute,node,38595,-1,1,560
64,0,0,76923,0,absolute,node,164977,-1,-1,560
65,0,0,76923,0,absolute,node,130257,-1,1,560
66,0,0,76923,0,absolute,node,166707,-1,-1,560
67,0,0,76923,0,absolute,node,23690,-1,2,560
68,0,0,76923,0,absolute,node,154121,-1,-2,560
69,0,0,76923,0,absolute,node,15205,-1,1,560
70,0,0,76923,0,absolute,node,99645,-1,-1,560
71,0,0,76923,0,absolute,node,194936,-1,1,560
72,0,0,76923,0,absolute,node,76932,-1,-1,560
73,0,0,76923,0,absolute,node,140976,-1,1,560
74,0,0,76923,0,absolute,node,206560,-1,-1,560
75,0,0,76923,0,absolute,node,118299,-1,1,560
76,0,0,76923,0,absolute,node,1544,-1,-1,560
77,0,0,76923,0,absolute,node,134693,-1,1,560
78,0,0,76923,0,absolute,node,137474,-1,-1,560
79,0,0,76923,0,absolute,node,96444,-1,4,560
80,0,0,76923,0,absolute,node,137474,-1,-4,560
81,0,0,76923,0,absolute,node,5413,-1,2,560
82,0,0,76923,0,absolute,node,164687,-1,-2,560
83,0,0,76923,0,absolute,node,165324,-1,2,560
84,0,0,76923,0,absolute,node,49861,-1,-2,560
85,0,0,76923,0,absolute,node,181955,-1,1,560
86,0,0,76923,0,absolute,node,147235,-1,-1,560
87,0,0,76923,0,absolute,node,177083,-1,1,560
88,0,0,76923,0,absolute,node,99645,-1,-1,560
89,0,0,76923,0,absolute,node,76143,-1,2,560
90,0,0,76923,0,absolute,node,209373,-1,-2,560
91,0,0,76923,0,absolute,node,167837,-1,1,560
92,0,0,76923,0,absolute,node,147235,-1,-1,560
93,0,0,76923,0,absolute,node,210614,-1,2,560
94,0,0,76923,0,absolute,node,184930,-1,-2,560
95,0,0,76923,0,absolute,node,703,-1,2,560
96,0,0,76923,0,absolute,node,134343,-1,-2,560
97,0,0,115384,0,absolute,node,103328,-1,1,560
98,0,0,115384,0,absolute,node,1544,-1,-1,560
99,0,0,115384,0,absolute,node,84060,-1,1,560
100,0,0,115384,0,absolute,node,59566,-1,-1,560
101,0,0,115384,0,absolute,node,192608,-1,2,560
102,0,0,115384,0,absolute,node,108311,-1,-2,560
103,0,0,115384,0,absolute,node,49861,-1,2,560
104,0,0,115384,0,absolute,node,173499,-1,-2,560
105,0,0,115384,0,absolute,node,194936,-1,1,560
106,0,0,115384,0,absolute,node,16250,-1,-1,560
107,0,0,115384,0,absolute,node,178137,-1,1,560
108,0,0,115384,0,absolute,node,15205,-1,-1,560
109,0,0,115384,0,absolute,node,164558,-1,3,560
110,0,0,115384,0,absolute,node,126511,-1,-3,560
111,0,0,115384,0,absolute,node,58038,-1,1,560
112,0,0,115384,0,absolute,node,21601,-1,-1,560
113,0,0,115384,0,absolute,node,96444,-1,4,560
114,0,0,115384,0,absolute,node,5413,-1,-4,560
115,0,0,115384,0,absolute,node,154121,-1,5,560
116,0,0,115384,0,absolute,node,15205,-1,-5,560
117,0,0,115384,0,absolute,node,203320,-1,2,560
118,0,0,115384,0,absolute,node,151133,-1,-2,560
119,0,0,115384,0,absolute,node,21604,-1,1,560
120,0,0,115384,0,absolute,node,164687,-1,-1,560
121,0,0,115384,0,absolute,node,52125,-1,2,560
122,0,0,115384,0,absolute,node,177083,-1,-2,560
123,0,0,115384,0,absolute,node,163578,-1,2,560
124,0,0,115384,0,absolute,node,87244,-1,-2,560
125,0,0,115384,0,absolute,node,178711,-1,3,560
126,0,0,115384,0,absolute,node,76143,-1,-3,560
127,0,0,115384,0,absolute,node,137474,-1,2,560
128,0,0,115384,0,absolute,node,52879,-1,-2,560
129,0,0,115384,0,absolute,node,37625,-1,1,560
130,0,0,115384,0,absolute,node,52879,-1,-1,560
131,0,0,115384,0,absolute,node,78988,-1,3,560
132,0,0,115384,0,absolute,node,54663,-1,-3,560
133,0,0,115384,0,absolute,node,167837,-1,1,560
134,0,0,115384,0,absolute,node,210614,-1,-1,560
135,0,0,115384,0,absolute,node,75208,-1,2,560
136,0,0,115384,0,absolute,node,109393,-1,-2,560
137,0,0,115384,0,absolute,node,9463,-1,4,560
138,0,0,115384,0,absolute,node,54663,-1,-4,560
139,0,0,115384,0,absolute,node,128690,-1,2,560
140,0,0,115384,0,absolute,node,75066,-1,-2,560
141,0,0,115384,0,absolute,node,209373,-1,2,560
142,0,0,115384,0,absolute,node,110173,-1,-2,560
143,0,0,115384,0,absolute,node,13731,-1,1,560
144,0,0,115384,0,absolute,node,165324,-1,-1,560
145,0,0,153846,0,absolute,node,9463,-1,2,560
146,0,0,153846,0,absolute,node,11042,-1,-2,560
147,0,0,153846,0,absolute,node,48982,-1,3,560
148,0,0,153846,0,absolute,node,39570,-1,-3,560
149,0,0,153846,0,absolute,node,209373,-1,2,560
150,0,0,153846,0,absolute,node,38595,-1,-2,560
151,0,0,153846,0,absolute,node,87244,-1,3,560
152,0,0,153846,0,absolute,node,128690,-1,-3,560
153,0,0,153846,0,absolute,node,83952,-1,3,560
154,0,0,153846,0,absolute,node,137474,-1,-3,560
155,0,0,153846,0,absolute,node,78604,-1,2,560
156,0,0,153846,0,absolute,node,203320,-1,-2,560
157,0,0,153846,0,absolute,node,72544,-1,1,560
158,0,0,153846,0,absolute,node,134693,-1,-1,560
159,0,0,153846,0,absolute,node,158738,-1,2,560
160,0,0,153846,0,absolute,node,126511,-1,-2,560
161,0,0,153846,0,absolute,node,23690,-1,1,560
162,0,0,153846,0,absolute,node,126511,-1,-1,560
163,0,0,153846,0,absolute,node,184930,-1,4,560
164,0,0,153846,0,absolute,node,21604,-1,-4,560
165,0,0,153846,0,absolute,node,99645,-1,1,560
166,0,0,153846,0,absolute,node,1544,-1,-1,560
167,0,0,153846,0,absolute,node,151133,-1,1,560
168,0,0,153846,0,absolute,node,31220,-1,-1,560
169,0,0,153846,0,absolute,node,58038,-1,1,560
170,0,0,153846,0,absolute,node,157973,-1,-1,560
171,0,0,153846,0,absolute,node,54663,-1,1,560
172,0,0,153846,0,absolute,node,206560,-1,-1,560
173,0,0,153846,0,absolute,node,118299,-1,1,560
174,0,0,153846,0,absolute,node,173499,-1,-1,560
175,0,0,153846,0,absolute,node,52125,-1,1,560
176,0,0,153846,0,absolute,node,134693,-1,-1,560
177,0,0,153846,0,absolute,node,165324,-1,1,560
178,0,0,153846,0,absolute,node,37625,-1,-1,560
179,0,0,153846,0,absolute,node,164687,-1,1,560
180,0,0,153846,0,absolute,node,703,-1,-1,560
181,0,0,153846,0,absolute,node,42122,-1,1,560
182,0,0,153846,0,absolute,node,95859,-1,-1,560
183,0,0,153846,0,absolute,node,59566,-1,1,560
184,0,0,153846,0,absolute,node,134343,-1,-1,560
185,0,0,153846,0,absolute,node,9140,-1,4,560
186,0,0,153846,0,absolute,node,21604,-1,-4,560
187,0,0,153846,0,absolute,node,78988,-1,3,560
188,0,0,153846,0,absolute,node,93993,-1,-3,560
189,0,0,153846,0,absolute,node,9643,-1,2,560
190,0,0,153846,0,absolute,node,116583,-1,-2,560
191,0,0,153846,0,absolute,node,92467,-1,2,560
192,0,0,153846,0,absolute,node,103328,-1,-2,560
193,0,0,192307,0,absolute,node,109393,-1,4,560
194,0,0,192307,0,absolute,node,31220,-1,-4,560
195,0,0,192307,0,absolute,node,83952,-1,1,560
196,0,0,192307,0,absolute,node,206560,-1,-1,560
197,0,0,192307,0,absolute,node,173499,-1,1,560
198,0,0,192307,0,absolute,node,206560,-1,-1,560
199,0,0,192307,0,absolute,node,194936,-1,2,560
200,0,0,192307,0,absolute,node,110173,-1,-2,560
201,0,0,192307,0,absolute,node,117113,-1,2,560
202,0,0,192307,0,absolute,node,153463,-1,-2,560
203,0,0,192307,0,absolute,node,147235,-1,2,560
204,0,0,192307,0,absolute,node,96686,-1,-2,560
205,0,0,192307,0,absolute,node,178711,-1,1,560
206,0,0,192307,0,absolute,node,21601,-1,-1,560
207,0,0,192307,0,absolute,node,16250,-1,1,560
208,0,0,192307,0,absolute,node,42256,-1,-1,560
209,0,0,192307,0,absolute,node,177837,-1,1,560
210,0,0,192307,0,absolute,node,181955,-1,-1,560
211,0,0,192307,0,absolute,node,77291,-1,3,560
212,0,0,192307,0,absolute,node,48982,-1,-3,560
213,0,0,192307,0,absolute,node,96444,-1,1,560
214,0,0,192307,0,absolute,node,164977,-1,-1,560
215,0,0,192307,0,absolute,node,184930,-1,1,560
216,0,0,192307,0,absolute,node,108311,-1,-1,560
217,0,0,192307,0,absolute,node,52879,-1,3,560
218,0,0,192307,0,absolute,node,165324,-1,-3,560
219,0,0,192307,0,absolute,node,49861,-1,1,560
220,0,0,192307,0,absolute,node,209373,-1,-1,560
221,0,0,192307,0,absolute,node,134343,-1,4,560
222,0,0,192307,0,absolute,node,38595,-1,-4,560
223,0,0,192307,0,absolute,node,164687,-1,2,560
224,0,0,192307,0,absolute,node,209373,-1,-2,560
225,0,0,192307,0,absolute,node,204448,-1,3,560
226,0,0,192307,0,absolute,node,42122,-1,-3,560
227,0,0,192307,0,absolute,node,177083,-1,2,560
228,0,0,192307,0,absolute,node,108311,-1,-2,560
229,0,0,192307,0,absolute,node,134693,-1,1,560
230,0,0,192307,0,absolute,node,13731,-1,-1,560
231,0,0,192307,0,absolute,node,133730,-1,1,560
232,0,0,192307,0,absolute,node,76932,-1,-1,560
233,0,0,192307,0,absolute,node,166707,-1,5,560
234,0,0,192307,0,absolute,node,202115,-1,-5,560
235,0,0,192307,0,absolute,node,97559,-1,1,560
236,0,0,192307,0,absolute,node,42122,-1,-1,560
237,0,0,192307,0,absolute,node,92467,-1,2,560
238,0,0,192307,0,absolute,node,158738,-1,-2,560
239,0,0,192307,0,absolute,node,151133,-1,1,560
240,0,0,192307,0,absolute,node,118299,-1,-1,560
241,0,0,230769,0,absolute,node,9643,-1,1,560
242,0,0,230769,0,absolute,node,192608,-1,-1,560
243,0,0,230769,0,absolute,node,209373,-1,1,560
244,0,0,230769,0,absolute,node,173499,-1,-1,560
245,0,0,230769,0,absolute,node,37625,-1,1,560
246,0,0,230769,0,absolute,node,21601,-1,-1,560
247,0,0,230769,0,absolute,node,110173,-1,2,560
248,0,0,230769,0,absolute,node,113025,-1,-2,560
249,0,0,230769,0,absolute,node,703,-1,3,560
250,0,0,230769,0,absolute,node,84060,-1,-3,560
251,0,0,230769,0,absolute,node,150898,-1,2,560
252,0,0,230769,0,absolute,node,165324,-1,-2,560
253,0,0,230769,0,absolute,node,210614,-1,4,560
254,0,0,230769,0,absolute,node,154121,-1,-4,560
255,0,0,230769,0,absolute,node,107971,-1,2,560
256,0,0,230769,0,absolute,node,158738,-1,-2,560
257,0,0,230769,0,absolute,node,1544,-1,2,560
258,0,0,230769,0,absolute,node,108858,-1,-2,560
259,0,0,230769,0,absolute,node,95859,-1,2,560
260,0,0,230769,0,absolute,node,203320,-1,-2,560
261,0,0,230769,0,absolute,node,178137,-1,2,560
262,0,0,230769,0,absolute,node,11042,-1,-2,560
263,0,0,230769,0,absolute,node,90239,-1,5,560
264,0,0,230769,0,absolute,node,49861,-1,-5,560
265,0,0,230769,0,absolute,node,52879,-1,4,560
266,0,0,230769,0,absolute,node,184930,-1,-4,560
267,0,0,230769,0,absolute,node,147334,-1,2,560
268,0,0,230769,0,absolute,node,181955,-1,-2,560
269,0,0,230769,0,absolute,node,21604,-1,2,560
270,0,0,230769,0,absolute,node,153463,-1,-2,560
271,0,0,230769,0,absolute,node,9463,-1,4,560
272,0,0,230769,0,absolute,node,140976,-1,-4,560
273,0,0,230769,0,absolute,node,134693,-1,1,560
274,0,0,230769,0,absolute,node,12329,-1,-1,560
275,0,0,230769,0,absolute,node,126511,-1,3,560
276,0,0,230769,0,absolute,node,76143,-1,-3,560
277,0,0,230769,0,absolute,node,13731,-1,1,560
278,0,0,230769,0,absolute,node,77291,-1,-1,560
279,0,0,230769,0,absolute,node,96444,-1,2,560
280,0,0,230769,0,absolute,node,59566,-1,-2,560
281,0,0,230769,0,absolute,node,117113,-1,1,560
282,0,0,230769,0,absolute,node,5413,-1,-1,560
283,0,0,230769,0,absolute,node,38595,-1,1,560
284,0,0,230769,0,absolute,node,186052,-1,-1,560
285,0,0,230769,0,absolute,node,103328,-1,2,560
286,0,0,230769,0,absolute,node,172150,-1,-2,560
287,0,0,230769,0,absolute,node,92467,-1,1,560
288,0,0,230769,0,absolute,node,42256,-1,-1,560
289,0,0,269230,0,absolute,node,1544,-1,2,560
290,0,0,269230,0,absolute,node,96444,-1,-2,560
291,0,0,269230,0,absolute,node,178137,-1,1,560
292,0,0,269230,0,absolute,node,186052,-1,-1,560
293,0,0,269230,0,absolute,node,78604,-1,3,560
294,0,0,269230,0,absolute,node,137474,-1,-3,560
295,0,0,269230,0,absolute,node,52879,-1,1,560
296,0,0,269230,0,absolute,node,186052,-1,-1,560
297,0,0,269230,0,absolute,node,194936,-1,1,560
298,0,0,269230,0,absolute,node,58038,-1,-1,560
299,0,0,269230,0,absolute,node,134343,-1,1,560
300,0,0,269230,0,absolute,node,164558,-1,-1,560
301,0,0,269230,0,absolute,node,9463,-1,2,560
302,0,0,269230,0,absolute,node,150898,-1,-2,560
303,0,0,269230,0,absolute,node,166707,-1,3,560
304,0,0,269230,0,absolute,node,97559,-1,-3,560
305,0,0,269230,0,absolute,node,93993,-1,3,560
306,0,0,269230,0,absolute,node,153463,-1,-3,560
307,0,0,269230,0,absolute,node,181955,-1,1,560
308,0,0,269230,0,absolute,node,97559,-1,-1,560
309,0,0,269230,0,absolute,node,21604,-1,1,560
310,0,0,269230,0,absolute,node,109393,-1,-1,560
311,0,0,269230,0,absolute,node,38595,-1,2,560
312,0,0,269230,0,absolute,node,117113,-1,-2,560
313,0,0,269230,0,absolute,node,21601,-1,1,560
314,0,0,269230,0,absolute,node,9643,-1,-1,560
315,0,0,269230,0,absolute,node,206560,-1,2,560
316,0,0,269230,0,absolute,node,204448,-1,-2,560
317,0,0,269230,0,absolute,node,95859,-1,1,560
318,0,0,269230,0,absolute,node,58038,-1,-1,560
319,0,0,269230,0,absolute,node,110173,-1,1,560
320,0,0,269230,0,absolute,node,58038,-1,-1,560
321,0,0,269230,0,absolute,node,99645,-1,1,560
322,0,0,269230,0,absolute,node,96444,-1,-1,560
323,0,0,269230,0,absolute,node,49861,-1,1,560
324,0,0,269230,0,absolute,node,167837,-1,-1,560
325,0,0,269230,0,absolute,node,75066,-1,4,560
326,0,0,269230,0,absolute,node,150898,-1,-4,560
327,0,0,269230,0,absolute,node,108858,-1,1,560
328,0,0,269230,0,absolute,node,12329,-1,-1,560
329,0,0,269230,0,absolute,node,11042,-1,1,560
330,0,0,269230,0,absolute,node,151133,-1,-1,560
331,0,0,269230,0,absolute,node,16250,-1,2,560
332,0,0,269230,0,absolute,node,165324,-1,-2,560
333,0,0,269230,0,absolute,node,39570,-1,1,560
334,0,0,269230,0,absolute,node,107971,-1,-1,560
335,0,0,269230,0,absolute,node,192608,-1,2,560
336,0,0,269230,0,absolute,node,126511,-1,-2,560
337,0,0,307692,0,absolute,node,133730,-1,2,560
338,0,0,307692,0,absolute,node,78604,-1,-2,560
339,0,0,307692,0,absolute,node,134343,-1,1,560
340,0,0,307692,0,absolute,node,110173,-1,-1,560
341,0,0,307692,0,absolute,node,75066,-1,1,560
342,0,0,307692,0,absolute,node,99645,-1,-1,560
343,0,0,307692,0,absolute,node,107971,-1,2,560
344,0,0,307692,0,absolute,node,165324,-1,-2,560
345,0,0,307692,0,absolute,node,103328,-1,4,560
346,0,0,307692,0,absolute,node,5413,-1,-4,560
347,0,0,307692,0,absolute,node,113025,-1,1,560
348,0,0,307692,0,absolute,node,37625,-1,-1,560
349,0,0,307692,0,absolute,node,183768,-1,4,560
350,0,0,307692,0,absolute,node,126511,-1,-4,560
351,0,0,307692,0,absolute,node,137474,-1,4,560
352,0,0,307692,0,absolute,node,21604,-1,-4,560
353,0,0,307692,0,absolute,node,109393,-1,2,560
354,0,0,307692,0,absolute,node,140976,-1,-2,560
355,0,0,307692,0,absolute,node,39570,-1,1,560
356,0,0,307692,0,absolute,node,157973,-1,-1,560
357,0,0,307692,0,absolute,node,209373,-1,1,560
358,0,0,307692,0,absolute,node,116583,-1,-1,560
359,0,0,307692,0,absolute,node,178711,-1,3,560
360,0,0,307692,0,absolute,node,108858,-1,-3,560
361,0,0,307692,0,absolute,node,174026,-1,1,560
362,0,0,307692,0,absolute,node,58038,-1,-1,560
363,0,0,307692,0,absolute,node,147235,-1,1,560
364,0,0,307692,0,absolute,node,167837,-1,-1,560
365,0,0,307692,0,absolute,node,76143,-1,5,560
366,0,0,307692,0,absolute,node,96686,-1,-5,560
367,0,0,307692,0,absolute,node,78988,-1,1,560
368,0,0,307692,0,absolute,node,178137,-1,-1,560
369,0,0,307692,0,absolute,node,77291,-1,2,560
370,0,0,307692,0,absolute,node,78604,-1,-2,560
371,0,0,307692,0,absolute,node,23690,-1,2,560
372,0,0,307692,0,absolute,node,75208,-1,-2,560
373,0,0,307692,0,absolute,node,76932,-1,2,560
374,0,0,307692,0,absolute,node,184930,-1,-2,560
375,0,0,307692,0,absolute,node,15205,-1,1,560
376,0,0,307692,0,absolute,node,181955,-1,-1,560
377,0,0,307692,0,absolute,node,166707,-1,1,560
378,0,0,307692,0,absolute,node,9643,-1,-1,560
379,0,0,307692,0,absolute,node,147334,-1,1,560
380,0,0,307692,0,absolute,node,150898,-1,-1,560
381,0,0,307692,0,absolute,node,128690,-1,1,560
382,0,0,307692,0,absolute,node,21601,-1,-1,560
383,0,0,307692,0,absolute,node,59566,-1,2,560
384,0,0,307692,0,absolute,node,92467,-1,-2,560
385,0,0,346153,0,absolute,node,21604,-1,4,560
386,0,0,346153,0,absolute,node,158738,-1,-4,560
387,0,0,346153,0,absolute,node,173499,-1,1,560
388,0,0,346153,0,absolute,node,1544,-1,-1,560
389,0,0,346153,0,absolute,node,90239,-1,3,560
390,0,0,346153,0,absolute,node,128690,-1,-3,560
391,0,0,346153,0,absolute,node,210614,-1,2,560
392,0,0,346153,0,absolute,node,128690,-1,-2,560
393,0,0,346153,0,absolute,node,58038,-1,1,560
394,0,0,346153,0,absolute,node,209373,-1,-1,560
395,0,0,346153,0,absolute,node,164558,-1,4,560
396,0,0,346153,0,absolute,node,184930,-1,-4,560
397,0,0,346153,0,absolute,node,49861,-1,1,560
398,0,0,346153,0,absolute,node,37625,-1,-1,560
399,0,0,346153,0,absolute,node,133730,-1,1,560
400,0,0,346153,0,absolute,node,39570,-1,-1,560
401,0,0,346153,0,absolute,node,153463,-1,3,560
402,0,0,346153,0,absolute,node,134343,-1,-3,560
403,0,0,346153,0,absolute,node,54663,-1,1,560
404,0,0,346153,0,absolute,node,77291,-1,-1,560
405,0,0,346153,0,absolute,node,116583,-1,3,560
406,0,0,346153,0,absolute,node,87244,-1,-3,560
407,0,0,346153,0,absolute,node,99645,-1,1,560
408,0,0,346153,0,absolute,node,167837,-1,-1,560
409,0,0,346153,0,absolute,node,31220,-1,1,560
410,0,0,346153,0,absolute,node,118299,-1,-1,560
411,0,0,346153,0,absolute,node,178137,-1,1,560
412,0,0,346153,0,absolute,node,167837,-1,-1,560
413,0,0,346153,0,absolute,node,147235,-1,1,560
414,0,0,346153,0,absolute,node,77291,-1,-1,560
415,0,0,346153,0,absolute,node,76143,-1,2,560
416,0,0,346153,0,absolute,node,97559,-1,-2,560
417,0,0,346153,0,absolute,node,164687,-1,1,560
418,0,0,346153,0,absolute,node,95859,-1,-1,560
419,0,0,346153,0,absolute,node,150898,-1,2,560
420,0,0,346153,0,absolute,node,209373,-1,-2,560
421,0,0,346153,0,absolute,node,154121,-1,1,560
422,0,0,346153,0,absolute,node,178711,-1,-1,560
423,0,0,346153,0,absolute,node,192608,-1,1,560
424,0,0,346153,0,absolute,node,118299,-1,-1,560
425,0,0,346153,0,absolute,node,117113,-1,5,560
426,0,0,346153,0,absolute,node,75208,-1,-5,560
427,0,0,346153,0,absolute,node,12329,-1,1,560
428,0,0,346153,0,absolute,node,48982,-1,-1,560
429,0,0,346153,0,absolute,node,108858,-1,2,560
430,0,0,346153,0,absolute,node,134343,-1,-2,560
431,0,0,346153,0,absolute,node,140976,-1,2,560
432,0,0,346153,0,absolute,node,172150,-1,-2,560
433,0,0,384615,0,absolute,node,140976,-1,2,560
434,0,0,384615,0,absolute,node,202115,-1,-2,560
435,0,0,384615,0,absolute,node,75066,-1,2,560
436,0,0,384615,0,absolute,node,158738,-1,-2,560
437,0,0,384615,0,absolute,node,164558,-1,1,560
438,0,0,384615,0,absolute,node,163578,-1,-1,560
439,0,0,384615,0,absolute,node,194936,-1,3,560
440,0,0,384615,0,absolute,node,93993,-1,-3,560
441,0,0,384615,0,absolute,node,206560,-1,1,560
442,0,0,384615,0,absolute,node,130257,-1,-1,560
443,0,0,384615,0,absolute,node,151133,-1,1,560
444,0,0,384615,0,absolute,node,12329,-1,-1,560
445,0,0,384615,0,absolute,node,21604,-1,1,560
446,0,0,384615,0,absolute,node,192608,-1,-1,560
447,0,0,384615,0,absolute,node,184930,-1,1,560
448,0,0,384615,0,absolute,node,181955,-1,-1,560
449,0,0,384615,0,absolute,node,137474,-1,3,560
450,0,0,384615,0,absolute,node,39570,-1,-3,560
451,0,0,384615,0,absolute,node,90239,-1,2,560
452,0,0,384615,0,absolute,node,154121,-1,-2,560
453,0,0,384615,0,absolute,node,153463,-1,3,560
454,0,0,384615,0,absolute,node,93993,-1,-3,560
455,0,0,384615,0,absolute,node,96368,-1,2,560
456,0,0,384615,0,absolute,node,134343,-1,-2,560
457,0,0,384615,0,absolute,node,95859,-1,1,560
458,0,0,384615,0,absolute,node,12329,-1,-1,560
459,0,0,384615,0,absolute,node,173499,-1,1,560
460,0,0,384615,0,absolute,node,134343,-1,-1,560
461,0,0,384615,0,absolute,node,58038,-1,1,560
462,0,0,384615,0,absolute,node,87244,-1,-1,560
463,0,0,384615,0,absolute,node,15205,-1,4,560
464,0,0,384615,0,absolute,node,210614,-1,-4,560
465,0,0,384615,0,absolute,node,174026,-1,4,560
466,0,0,384615,0,absolute,node,150898,-1,-4,560
467,0,0,384615,0,absolute,node,178137,-1,1,560
468,0,0,384615,0,absolute,node,172150,-1,-1,560
469,0,0,384615,0,absolute,node,134693,-1,1,560
470,0,0,384615,0,absolute,node,76932,-1,-1,560
471,0,0,384615,0,absolute,node,177083,-1,2,560
472,0,0,384615,0,absolute,node,9463,-1,-2,560
473,0,0,384615,0,absolute,node,21601,-1,1,560
474,0,0,384615,0,absolute,node,84060,-1,-1,560
475,0,0,384615,0,absolute,node,59566,-1,3,560
476,0,0,384615,0,absolute,node,48982,-1,-3,560
477,0,0,384615,0,absolute,node,117113,-1,1,560
478,0,0,384615,0,absolute,node,83952,-1,-1,560
479,0,0,384615,0,absolute,node,103328,-1,2,560
480,0,0,384615,0,absolute,node,204448,-1,-2,560
481,0,0,423076,0,absolute,node,97559,-1,5,560
482,0,0,423076,0,absolute,node,153463,-1,-5,560
483,0,0,423076,0,absolute,node,48982,-1,1,560
484,0,0,423076,0,absolute,node,1544,-1,-1,560
485,0,0,423076,0,absolute,node,165324,-1,1,560
486,0,0,423076,0,absolute,node,118299,-1,-1,560
487,0,0,423076,0,absolute,node,21601,-1,3,560
488,0,0,423076,0,absolute,node,108858,-1,-3,560
489,0,0,423076,0,absolute,node,5413,-1,1,560
490,0,0,423076,0,absolute,node,109393,-1,-1,560
491,0,0,423076,0,absolute,node,172150,-1,1,560
492,0,0,423076,0,absolute,node,137474,-1,-1,560
493,0,0,423076,0,absolute,node,76143,-1,1,560
494,0,0,423076,0,absolute,node,13731,-1,-1,560
495,0,0,423076,0,absolute,node,23690,-1,1,560
496,0,0,423076,0,absolute,node,703,-1,-1,560
497,0,0,423076,0,absolute,node,107971,-1,4,560
498,0,0,423076,0,absolute,node,75066,-1,-4,560
499,0,0,423076,0,absolute,node,72544,-1,2,560
500,0,0,423076,0,absolute,node,9643,-1,-2,560
501,0,0,423076,0,absolute,node,150898,-1,1,560
502,0,0,423076,0,absolute,node,52125,-1,-1,560
503,0,0,423076,0,absolute,node,90239,-1,2,560
504,0,0,423076,0,absolute,node,174026,-1,-2,560
505,0,0,423076,0,absolute,node,209373,-1,1,560
506,0,0,423076,0,absolute,node,76932,-1,-1,560
507,0,0,423076,0,absolute,node,147334,-1,2,560
508,0,0,423076,0,absolute,node,15205,-1,-2,560
509,0,0,423076,0,absolute,node,9463,-1,1,560
510,0,0,423076,0,absolute,node,178137,-1,-1,560
511,0,0,423076,0,absolute,node,133730,-1,1,560
512,0,0,423076,0,absolute,node,21604,-1,-1,560
513,0,0,423076,0,absolute,node,166707,-1,2,560
514,0,0,423076,0,absolute,node,204448,-1,-2,560
515,0,0,423076,0,absolute,node,134693,-1,1,560
516,0,0,423076,0,absolute,node,1544,-1,-1,560
517,0,0,423076,0,absolute,node,78604,-1,1,560
518,0,0,423076,0,absolute,node,118299,-1,-1,560
519,0,0,423076,0,absolute,node,164558,-1,2,560
520,0,0,423076,0,absolute,node,137474,-1,-2,560
521,0,0,423076,0,absolute,node,16250,-1,2,560
522,0,0,423076,0,absolute,node,39570,-1,-2,560
523,0,0,423076,0,absolute,node,87244,-1,2,560
524,0,0,423076,0,absolute,node,184930,-1,-2,560
525,0,0,423076,0,absolute,node,92467,-1,1,560
526,0,0,423076,0,absolute,node,95859,-1,-1,560
527,0,0,423076,0,absolute,node,173499,-1,1,560
528,0,0,423076,0,absolute,node,103328,-1,-1,560
529,0,0,461538,0,absolute,node,703,-1,5,560
530,0,0,461538,0,absolute,node,210614,-1,-5,560
531,0,0,461538,0,absolute,node,96686,-1,2,560
532,0,0,461538,0,absolute,node,177837,-1,-2,560
533,0,0,461538,0,absolute,node,76143,-1,2,560
534,0,0,461538,0,absolute,node,49861,-1,-2,560
535,0,0,461538,0,absolute,node,117113,-1,2,560
536,0,0,461538,0,absolute,node,109393,-1,-2,560
537,0,0,461538,0,absolute,node,134343,-1,1,560
538,0,0,461538,0,absolute,node,167837,-1,-1,560
539,0,0,461538,0,absolute,node,133730,-1,1,560
540,0,0,461538,0,absolute,node,58038,-1,-1,560
541,0,0,461538,0,absolute,node,173499,-1,1,560
542,0,0,461538,0,absolute,node,23690,-1,-1,560
543,0,0,461538,0,absolute,node,54663,-1,1,560
544,0,0,461538,0,absolute,node,21604,-1,-1,560
545,0,0,461538,0,absolute,node,113025,-1,2,560
546,0,0,461538,0,absolute,node,9643,-1,-2,560
547,0,0,461538,0,absolute,node,108311,-1,3,560
548,0,0,461538,0,absolute,node,31220,-1,-3,560
549,0,0,461538,0,absolute,node,163578,-1,1,560
550,0,0,461538,0,absolute,node,116583,-1,-1,560
551,0,0,461538,0,absolute,node,103328,-1,2,560
552,0,0,461538,0,absolute,node,92467,-1,-2,560
553,0,0,461538,0,absolute,node,157973,-1,1,560
554,0,0,461538,0,absolute,node,151133,-1,-1,560
555,0,0,461538,0,absolute,node,77291,-1,2,560
556,0,0,461538,0,absolute,node,9643,-1,-2,560
557,0,0,461538,0,absolute,node,83952,-1,1,560
558,0,0,461538,0,absolute,node,194936,-1,-1,560
559,0,0,461538,0,absolute,node,158738,-1,2,560
560,0,0,461538,0,absolute,node,75066,-1,-2,560
561,0,0,461538,0,absolute,node,5413,-1,3,560
562,0,0,461538,0,absolute,node,128690,-1,-3,560
563,0,0,461538,0,absolute,node,164687,-1,2,560
564,0,0,461538,0,absolute,node,177837,-1,-2,560
565,0,0,461538,0,absolute,node,37625,-1,2,560
566,0,0,461538,0,absolute,node,183768,-1,-2,560
567,0,0,461538,0,absolute,node,11042,-1,1,560
568,0,0,461538,0,absolute,node,177837,-1,-1,560
569,0,0,461538,0,absolute,node,13731,-1,1,560
570,0,0,461538,0,absolute,node,16250,-1,-1,560
571,0,0,461538,0,absolute,node,147235,-1,4,560
572,0,0,461538,0,absolute,node,49861,-1,-4,560
573,0,0,461538,0,absolute,node,52879,-1,3,560
574,0,0,461538,0,absolute,node,172150,-1,-3,560
575,0,0,461538,0,absolute,node,75208,-1,2,560
576,0,0,461538,0,absolute,node,140976,-1,-2,560
577,0,0,5e+05,0,absolute,node,128690,-1,1,560
578,0,0,5e+05,0,absolute,node,78988,-1,-1,560
579,0,0,5e+05,0,absolute,node,42122,-1,3,560
580,0,0,5e+05,0,absolute,node,84060,-1,-3,560
581,0,0,5e+05,0,absolute,node,48982,-1,1,560
582,0,0,5e+05,0,absolute,node,108311,-1,-1,560
583,0,0,5e+05,0,absolute,node,147235,-1,1,560
584,0,0,5e+05,0,absolute,node,21601,-1,-1,560
585,0,0,5e+05,0,absolute,node,23690,-1,1,560
586,0,0,5e+05,0,absolute,node,52125,-1,-1,560
587,0,0,5e+05,0,absolute,node,75066,-1,3,560
588,0,0,5e+05,0,absolute,node,147334,-1,-3,560
589,0,0,5e+05,0,absolute,node,137474,-1,1,560
590,0,0,5e+05,0,absolute,node,134693,-1,-1,560
591,0,0,5e+05,0,absolute,node,177083,-1,2,560
592,0,0,5e+05,0,absolute,node,153463,-1,-2,560
593,0,0,5e+05,0,absolute,node,163578,-1,2,560
594,0,0,5e+05,0,absolute,node,103328,-1,-2,560
595,0,0,5e+05,0,absolute,node,184930,-1,2,560
596,0,0,5e+05,0,absolute,node,178711,-1,-2,560
597,0,0,5e+05,0,absolute,node,130257,-1,2,560
598,0,0,5e+05,0,absolute,node,109393,-1,-2,560
599,0,0,5e+05,0,absolute,node,5413,-1,1,560
600,0,0,5e+05,0,absolute,node,59566,-1,-1,560
601,0,0,5e+05,0,absolute,node,37625,-1,1,560
602,0,0,5e+05,0,absolute,node,78988,-1,-1,560
603,0,0,5e+05,0,absolute,node,1544,-1,4,560
604,0,0,5e+05,0,absolute,node,90239,-1,-4,560
605,0,0,5e+05,0,absolute,node,31220,-1,2,560
606,0,0,5e+05,0,absolute,node,93993,-1,-2,560
607,0,0,5e+05,0,absolute,node,174026,-1,2,560
608,0,0,5e+05,0,absolute,node,109393,-1,-2,560
609,0,0,5e+05,0,absolute,node,87244,-1,1,560
610,0,0,5e+05,0,absolute,node,72544,-1,-1,560
611,0,0,5e+05,0,absolute,node,96444,-1,2,560
612,0,0,5e+05,0,absolute,node,96686,-1,-2,560
613,0,0,5e+05,0,absolute,node,140976,-1,3,560
614,0,0,5e+05,0,absolute,node,703,-1,-3,560
615,0,0,5e+05,0,absolute,node,209373,-1,3,560
616,0,0,5e+05,0,absolute,node,150898,-1,-3,560
617,0,0,5e+05,0,absolute,node,154121,-1,1,560
618,0,0,5e+05,0,absolute,node,158738,-1,-1,560
619,0,0,5e+05,0,absolute,node,15205,-1,3,560
620,0,0,5e+05,0,absolute,node,107971,-1,-3,560
621,0,0,5e+05,0,absolute,node,75208,-1,1,560
622,0,0,5e+05,0,absolute,node,206560,-1,-1,560
623,0,0,5e+05,0,absolute,node,210614,-1,2,560
624,0,0,5e+05,0,absolute,node,194936,-1,-2,560
625,0,0,538461,0,absolute,node,5413,-1,1,560
626,0,0,538461,0,absolute,node,192608,-1,-1,560
627,0,0,538461,0,absolute,node,164687,-1,1,560
628,0,0,538461,0,absolute,node,15205,-1,-1,560
629,0,0,538461,0,absolute,node,703,-1,1,560
630,0,0,538461,0,absolute,node,21601,-1,-1,560
631,0,0,538461,0,absolute,node,75208,-1,3,560
632,0,0,538461,0,absolute,node,75066,-1,-3,560
633,0,0,538461,0,absolute,node,59566,-1,3,560
634,0,0,538461,0,absolute,node,150898,-1,-3,560
635,0,0,538461,0,absolute,node,164558,-1,2,560
636,0,0,538461,0,absolute,node,31220,-1,-2,560
637,0,0,538461,0,absolute,node,210614,-1,1,560
638,0,0,538461,0,absolute,node,128690,-1,-1,560
639,0,0,538461,0,absolute,node,90239,-1,3,560
640,0,0,538461,0,absolute,node,38595,-1,-3,560
641,0,0,538461,0,absolute,node,97559,-1,2,560
642,0,0,538461,0,absolute,node,178711,-1,-2,560
643,0,0,538461,0,absolute,node,52125,-1,1,560
644,0,0,538461,0,absolute,node,77291,-1,-1,560
645,0,0,538461,0,absolute,node,134343,-1,2,560
646,0,0,538461,0,absolute,node,108858,-1,-2,560
647,0,0,538461,0,absolute,node,167837,-1,2,560
648,0,0,538461,0,absolute,node,177837,-1,-2,560
649,0,0,538461,0,absolute,node,9463,-1,1,560
650,0,0,538461,0,absolute,node,13731,-1,-1,560
651,0,0,538461,0,absolute,node,84060,-1,2,560
652,0,0,538461,0,absolute,node,178711,-1,-2,560
653,0,0,538461,0,absolute,node,103328,-1,1,560
654,0,0,538461,0,absolute,node,77291,-1,-1,560
655,0,0,538461,0,absolute,node,140976,-1,1,560
656,0,0,538461,0,absolute,node,96368,-1,-1,560
657,0,0,538461,0,absolute,node,52879,-1,1,560
658,0,0,538461,0,absolute,node,77291,-1,-1,560
659,0,0,538461,0,absolute,node,194936,-1,2,560
660,0,0,538461,0,absolute,node,178711,-1,-2,560
661,0,0,538461,0,absolute,node,48982,-1,2,560
662,0,0,538461,0,absolute,node,87244,-1,-2,560
663,0,0,538461,0,absolute,node,54663,-1,1,560
664,0,0,538461,0,absolute,node,96368,-1,-1,560
665,0,0,538461,0,absolute,node,157973,-1,1,560
666,0,0,538461,0,absolute,node,153463,-1,-1,560
667,0,0,538461,0,absolute,node,107971,-1,1,560
668,0,0,538461,0,absolute,node,137474,-1,-1,560
669,0,0,538461,0,absolute,node,93993,-1,1,560
670,0,0,538461,0,absolute,node,95859,-1,-1,560
671,0,0,538461,0,absolute,node,166707,-1,1,560
672,0,0,538461,0,absolute,node,206560,-1,-1,560
673,0,0,576923,0,absolute,node,42256,-1,1,560
674,0,0,576923,0,absolute,node,54663,-1,-1,560
675,0,0,576923,0,absolute,node,204448,-1,2,560
676,0,0,576923,0,absolute,node,147334,-1,-2,560
677,0,0,576923,0,absolute,node,130257,-1,2,560
678,0,0,576923,0,absolute,node,177083,-1,-2,560
679,0,0,576923,0,absolute,node,58038,-1,4,560
680,0,0,576923,0,absolute,node,210614,-1,-4,560
681,0,0,576923,0,absolute,node,158738,-1,2,560
682,0,0,576923,0,absolute,node,202115,-1,-2,560
683,0,0,576923,0,absolute,node,9463,-1,3,560
684,0,0,576923,0,absolute,node,133730,-1,-3,560
685,0,0,576923,0,absolute,node,108858,-1,1,560
686,0,0,576923,0,absolute,node,184930,-1,-1,560
687,0,0,576923,0,absolute,node,16250,-1,1,560
688,0,0,576923,0,absolute,node,13731,-1,-1,560
689,0,0,576923,0,absolute,node,75066,-1,3,560
690,0,0,576923,0,absolute,node,38595,-1,-3,560
691,0,0,576923,0,absolute,node,703,-1,2,560
692,0,0,576923,0,absolute,node,163578,-1,-2,560
693,0,0,576923,0,absolute,node,15205,-1,1,560
694,0,0,576923,0,absolute,node,167837,-1,-1,560
695,0,0,576923,0,absolute,node,83952,-1,1,560
696,0,0,576923,0,absolute,node,103328,-1,-1,560
697,0,0,576923,0,absolute,node,84060,-1,2,560
698,0,0,576923,0,absolute,node,42122,-1,-2,560
699,0,0,576923,0,absolute,node,21601,-1,1,560
700,0,0,576923,0,absolute,node,206560,-1,-1,560
701,0,0,576923,0,absolute,node,183768,-1,3,560
702,0,0,576923,0,absolute,node,147334,-1,-3,560
703,0,0,576923,0,absolute,node,99645,-1,1,560
704,0,0,576923,0,absolute,node,1544,-1,-1,560
705,0,0,576923,0,absolute,node,52879,-1,3,560
706,0,0,576923,0,absolute,node,202115,-1,-3,560
707,0,0,576923,0,absolute,node,59566,-1,4,560
708,0,0,576923,0,absolute,node,90239,-1,-4,560
709,0,0,576923,0,absolute,node,75208,-1,1,560
710,0,0,576923,0,absolute,node,154121,-1,-1,560
711,0,0,576923,0,absolute,node,95859,-1,2,560
712,0,0,576923,0,absolute,node,117113,-1,-2,560
713,0,0,576923,0,absolute,node,164687,-1,1,560
714,0,0,576923,0,absolute,node,113025,-1,-1,560
715,0,0,576923,0,absolute,node,150898,-1,1,560
716,0,0,576923,0,absolute,node,206560,-1,-1,560
717,0,0,576923,0,absolute,node,11042,-1,2,560
718,0,0,576923,0,absolute,node,174026,-1,-2,560
719,0,0,576923,0,absolute,node,77291,-1,1,560
720,0,0,576923,0,absolute,node,133730,-1,-1,560
721,0,0,615384,0,absolute,node,164558,-1,2,560
722,0,0,615384,0,absolute,node,204448,-1,-2,560
723,0,0,615384,0,absolute,node,134343,-1,2,560
724,0,0,615384,0,absolute,node,209373,-1,-2,560
725,0,0,615384,0,absolute,node,9463,-1,1,560
726,0,0,615384,0,absolute,node,177083,-1,-1,560
727,0,0,615384,0,absolute,node,52125,-1,4,560
728,0,0,615384,0,absolute,node,38595,-1,-4,560
729,0,0,615384,0,absolute,node,77291,-1,1,560
730,0,0,615384,0,absolute,node,96368,-1,-1,560
731,0,0,615384,0,absolute,node,21604,-1,3,560
732,0,0,615384,0,absolute,node,107971,-1,-3,560
733,0,0,615384,0,absolute,node,16250,-1,2,560
734,0,0,615384,0,absolute,node,97559,-1,-2,560
735,0,0,615384,0,absolute,node,87244,-1,1,560
736,0,0,615384,0,absolute,node,78604,-1,-1,560
737,0,0,615384,0,absolute,node,99645,-1,4,560
738,0,0,615384,0,absolute,node,75208,-1,-4,560
739,0,0,615384,0,absolute,node,59566,-1,2,560
740,0,0,615384,0,absolute,node,158738,-1,-2,560
741,0,0,615384,0,absolute,node,165324,-1,1,560
742,0,0,615384,0,absolute,node,39570,-1,-1,560
743,0,0,615384,0,absolute,node,167837,-1,1,560
744,0,0,615384,0,absolute,node,113025,-1,-1,560
745,0,0,615384,0,absolute,node,184930,-1,1,560
746,0,0,615384,0,absolute,node,157973,-1,-1,560
747,0,0,615384,0,absolute,node,206560,-1,1,560
748,0,0,615384,0,absolute,node,103328,-1,-1,560
749,0,0,615384,0,absolute,node,164977,-1,3,560
750,0,0,615384,0,absolute,node,164687,-1,-3,560
751,0,0,615384,0,absolute,node,181955,-1,2,560
752,0,0,615384,0,absolute,node,107971,-1,-2,560
753,0,0,615384,0,absolute,node,42122,-1,5,560
754,0,0,615384,0,absolute,node,210614,-1,-5,560
755,0,0,615384,0,absolute,node,75066,-1,3,560
756,0,0,615384,0,absolute,node,703,-1,-3,560
757,0,0,615384,0,absolute,node,9140,-1,1,560
758,0,0,615384,0,absolute,node,703,-1,-1,560
759,0,0,615384,0,absolute,node,58038,-1,1,560
760,0,0,615384,0,absolute,node,96368,-1,-1,560
761,0,0,615384,0,absolute,node,130257,-1,1,560
762,0,0,615384,0,absolute,node,78988,-1,-1,560
763,0,0,615384,0,absolute,node,9643,-1,1,560
764,0,0,615384,0,absolute,node,95859,-1,-1,560
765,0,0,615384,0,absolute,node,110173,-1,1,560
766,0,0,615384,0,absolute,node,154121,-1,-1,560
767,0,0,615384,0,absolute,node,183768,-1,1,560
768,0,0,615384,0,absolute,node,178137,-1,-1,560
769,0,0,653846,0,absolute,node,42256,-1,2,560
770,0,0,653846,0,absolute,node,107971,-1,-2,560
771,0,0,653846,0,absolute,node,58038,-1,1,560
772,0,0,653846,0,absolute,node,178137,-1,-1,560
773,0,0,653846,0,absolute,node,97559,-1,1,560
774,0,0,653846,0,absolute,node,177083,-1,-1,560
775,0,0,653846,0,absolute,node,37625,-1,1,560
776,0,0,653846,0,absolute,node,21601,-1,-1,560
777,0,0,653846,0,absolute,node,16250,-1,1,560
778,0,0,653846,0,absolute,node,192608,-1,-1,560
779,0,0,653846,0,absolute,node,75208,-1,1,560
780,0,0,653846,0,absolute,node,13731,-1,-1,560
781,0,0,653846,0,absolute,node,39570,-1,2,560
782,0,0,653846,0,absolute,node,5413,-1,-2,560
783,0,0,653846,0,absolute,node,95859,-1,1,560
784,0,0,653846,0,absolute,node,9140,-1,-1,560
785,0,0,653846,0,absolute,node,703,-1,3,560
786,0,0,653846,0,absolute,node,78604,-1,-3,560
787,0,0,653846,0,absolute,node,90239,-1,1,560
788,0,0,653846,0,absolute,node,154121,-1,-1,560
789,0,0,653846,0,absolute,node,118299,-1,3,560
790,0,0,653846,0,absolute,node,87244,-1,-3,560
791,0,0,653846,0,absolute,node,23690,-1,2,560
792,0,0,653846,0,absolute,node,209373,-1,-2,560
793,0,0,653846,0,absolute,node,52125,-1,1,560
794,0,0,653846,0,absolute,node,108311,-1,-1,560
795,0,0,653846,0,absolute,node,116583,-1,4,560
796,0,0,653846,0,absolute,node,42122,-1,-4,560
797,0,0,653846,0,absolute,node,76932,-1,1,560
798,0,0,653846,0,absolute,node,113025,-1,-1,560
799,0,0,653846,0,absolute,node,167837,-1,1,560
800,0,0,653846,0,absolute,node,164977,-1,-1,560
801,0,0,653846,0,absolute,node,177837,-1,3,560
802,0,0,653846,0,absolute,node,75066,-1,-3,560
803,0,0,653846,0,absolute,node,59566,-1,1,560
804,0,0,653846,0,absolute,node,178137,-1,-1,560
805,0,0,653846,0,absolute,node,96444,-1,1,560
806,0,0,653846,0,absolute,node,117113,-1,-1,560
807,0,0,653846,0,absolute,node,109393,-1,1,560
808,0,0,653846,0,absolute,node,77291,-1,-1,560
809,0,0,653846,0,absolute,node,147334,-1,3,560
810,0,0,653846,0,absolute,node,107971,-1,-3,560
811,0,0,653846,0,absolute,node,52879,-1,1,560
812,0,0,653846,0,absolute,node,181955,-1,-1,560
813,0,0,653846,0,absolute,node,130257,-1,3,560
814,0,0,653846,0,absolute,node,140976,-1,-3,560
815,0,0,653846,0,absolute,node,157973,-1,1,560
816,0,0,653846,0,absolute,node,147235,-1,-1,560
817,0,0,692307,0,absolute,node,206560,-1,2,560
818,0,0,692307,0,absolute,node,9140,-1,-2,560
819,0,0,692307,0,absolute,node,134693,-1,4,560
820,0,0,692307,0,absolute,node,165324,-1,-4,560
821,0,0,692307,0,absolute,node,194936,-1,1,560
822,0,0,692307,0,absolute,node,76932,-1,-1,560
823,0,0,692307,0,absolute,node,184930,-1,1,560
824,0,0,692307,0,absolute,node,87244,-1,-1,560
825,0,0,692307,0,absolute,node,39570,-1,2,560
826,0,0,692307,0,absolute,node,137474,-1,-2,560
827,0,0,692307,0,absolute,node,13731,-1,1,560
828,0,0,692307,0,absolute,node,9643,-1,-1,560
829,0,0,692307,0,absolute,node,154121,-1,1,560
830,0,0,692307,0,absolute,node,703,-1,-1,560
831,0,0,692307,0,absolute,node,76143,-1,3,560
832,0,0,692307,0,absolute,node,78604,-1,-3,560
833,0,0,692307,0,absolute,node,48982,-1,1,560
834,0,0,692307,0,absolute,node,42256,-1,-1,560
835,0,0,692307,0,absolute,node,96368,-1,1,560
836,0,0,692307,0,absolute,node,54663,-1,-1,560
837,0,0,692307,0,absolute,node,97559,-1,1,560
838,0,0,692307,0,absolute,node,703,-1,-1,560
839,0,0,692307,0,absolute,node,108311,-1,1,560
840,0,0,692307,0,absolute,node,166707,-1,-1,560
841,0,0,692307,0,absolute,node,59566,-1,1,560
842,0,0,692307,0,absolute,node,90239,-1,-1,560
843,0,0,692307,0,absolute,node,75066,-1,1,560
844,0,0,692307,0,absolute,node,37625,-1,-1,560
845,0,0,692307,0,absolute,node,130257,-1,2,560
846,0,0,692307,0,absolute,node,140976,-1,-2,560
847,0,0,692307,0,absolute,node,52125,-1,2,560
848,0,0,692307,0,absolute,node,92467,-1,-2,560
849,0,0,692307,0,absolute,node,83952,-1,1,560
850,0,0,692307,0,absolute,node,118299,-1,-1,560
851,0,0,692307,0,absolute,node,134343,-1,3,560
852,0,0,692307,0,absolute,node,54663,-1,-3,560
853,0,0,692307,0,absolute,node,209373,-1,2,560
854,0,0,692307,0,absolute,node,103328,-1,-2,560
855,0,0,692307,0,absolute,node,21601,-1,1,560
856,0,0,692307,0,absolute,node,77291,-1,-1,560
857,0,0,692307,0,absolute,node,12329,-1,3,560
858,0,0,692307,0,absolute,node,158738,-1,-3,560
859,0,0,692307,0,absolute,node,164977,-1,1,560
860,0,0,692307,0,absolute,node,11042,-1,-1,560
861,0,0,692307,0,absolute,node,93993,-1,1,560
862,0,0,692307,0,absolute,node,703,-1,-1,560
863,0,0,692307,0,absolute,node,84060,-1,2,560
864,0,0,692307,0,absolute,node,78604,-1,-2,560
865,0,0,730769,0,absolute,node,178137,-1,2,560
866,0,0,730769,0,absolute,node,83952,-1,-2,560
867,0,0,730769,0,absolute,node,192608,-1,2,560
868,0,0,730769,0,absolute,node,108858,-1,-2,560
869,0,0,730769,0,absolute,node,12329,-1,1,560
870,0,0,730769,0,absolute,node,37625,-1,-1,560
871,0,0,730769,0,absolute,node,84060,-1,3,560
872,0,0,730769,0,absolute,node,97559,-1,-3,560
873,0,0,730769,0,absolute,node,78988,-1,2,560
874,0,0,730769,0,absolute,node,140976,-1,-2,560
875,0,0,730769,0,absolute,node,210614,-1,1,560
876,0,0,730769,0,absolute,node,77291,-1,-1,560
877,0,0,730769,0,absolute,node,39570,-1,1,560
878,0,0,730769,0,absolute,node,99645,-1,-1,560
879,0,0,730769,0,absolute,node,110173,-1,1,560
880,0,0,730769,0,absolute,node,1544,-1,-1,560
881,0,0,730769,0,absolute,node,163578,-1,3,560
882,0,0,730769,0,absolute,node,133730,-1,-3,560
883,0,0,730769,0,absolute,node,164558,-1,2,560
884,0,0,730769,0,absolute,node,9140,-1,-2,560
885,0,0,730769,0,absolute,node,38595,-1,3,560
886,0,0,730769,0,absolute,node,83952,-1,-3,560
887,0,0,730769,0,absolute,node,165324,-1,1,560
888,0,0,730769,0,absolute,node,16250,-1,-1,560
889,0,0,730769,0,absolute,node,181955,-1,2,560
890,0,0,730769,0,absolute,node,116583,-1,-2,560
891,0,0,730769,0,absolute,node,128690,-1,2,560
892,0,0,730769,0,absolute,node,137474,-1,-2,560
893,0,0,730769,0,absolute,node,9463,-1,5,560
894,0,0,730769,0,absolute,node,5413,-1,-5,560
895,0,0,730769,0,absolute,node,118299,-1,2,560
896,0,0,730769,0,absolute,node,23690,-1,-2,560
897,0,0,730769,0,absolute,node,126511,-1,2,560
898,0,0,730769,0,absolute,node,184930,-1,-2,560
899,0,0,730769,0,absolute,node,96444,-1,3,560
900,0,0,730769,0,absolute,node,75066,-1,-3,560
901,0,0,730769,0,absolute,node,157973,-1,1,560
902,0,0,730769,0,absolute,node,209373,-1,-1,560
903,0,0,730769,0,absolute,node,183768,-1,4,560
904,0,0,730769,0,absolute,node,75208,-1,-4,560
905,0,0,730769,0,absolute,node,58038,-1,3,560
906,0,0,730769,0,absolute,node,130257,-1,-3,560
907,0,0,730769,0,absolute,node,117113,-1,1,560
908,0,0,730769,0,absolute,node,16250,-1,-1,560
909,0,0,730769,0,absolute,node,158738,-1,1,560
910,0,0,730769,0,absolute,node,178711,-1,-1,560
911,0,0,730769,0,absolute,node,48982,-1,1,560
912,0,0,730769,0,absolute,node,59566,-1,-1,560
913,0,0,769230,0,absolute,node,116583,-1,3,560
914,0,0,769230,0,absolute,node,38595,-1,-3,560
915,0,0,769230,0,absolute,node,140976,-1,2,560
916,0,0,769230,0,absolute,node,11042,-1,-2,560
917,0,0,769230,0,absolute,node,39570,-1,2,560
918,0,0,769230,0,absolute,node,204448,-1,-2,560
919,0,0,769230,0,absolute,node,48982,-1,2,560
920,0,0,769230,0,absolute,node,209373,-1,-2,560
921,0,0,769230,0,absolute,node,49861,-1,3,560
922,0,0,769230,0,absolute,node,703,-1,-3,560
923,0,0,769230,0,absolute,node,137474,-1,2,560
924,0,0,769230,0,absolute,node,23690,-1,-2,560
925,0,0,769230,0,absolute,node,192608,-1,2,560
926,0,0,769230,0,absolute,node,126511,-1,-2,560
927,0,0,769230,0,absolute,node,78604,-1,4,560
928,0,0,769230,0,absolute,node,75066,-1,-4,560
929,0,0,769230,0,absolute,node,16250,-1,3,560
930,0,0,769230,0,absolute,node,90239,-1,-3,560
931,0,0,769230,0,absolute,node,93993,-1,1,560
932,0,0,769230,0,absolute,node,164977,-1,-1,560
933,0,0,769230,0,absolute,node,147334,-1,1,560
934,0,0,769230,0,absolute,node,13731,-1,-1,560
935,0,0,769230,0,absolute,node,157973,-1,2,560
936,0,0,769230,0,absolute,node,42122,-1,-2,560
937,0,0,769230,0,absolute,node,99645,-1,1,560
938,0,0,769230,0,absolute,node,184930,-1,-1,560
939,0,0,769230,0,absolute,node,210614,-1,3,560
940,0,0,769230,0,absolute,node,177837,-1,-3,560
941,0,0,769230,0,absolute,node,76932,-1,1,560
942,0,0,769230,0,absolute,node,107971,-1,-1,560
943,0,0,769230,0,absolute,node,117113,-1,3,560
944,0,0,769230,0,absolute,node,134343,-1,-3,560
945,0,0,769230,0,absolute,node,203320,-1,2,560
946,0,0,769230,0,absolute,node,183768,-1,-2,560
947,0,0,769230,0,absolute,node,15205,-1,3,560
948,0,0,769230,0,absolute,node,9463,-1,-3,560
949,0,0,769230,0,absolute,node,78988,-1,1,560
950,0,0,769230,0,absolute,node,87244,-1,-1,560
951,0,0,769230,0,absolute,node,206560,-1,1,560
952,0,0,769230,0,absolute,node,166707,-1,-1,560
953,0,0,769230,0,absolute,node,172150,-1,2,560
954,0,0,769230,0,absolute,node,153463,-1,-2,560
955,0,0,769230,0,absolute,node,83952,-1,1,560
956,0,0,769230,0,absolute,node,76143,-1,-1,560
957,0,0,769230,0,absolute,node,96444,-1,1,560
958,0,0,769230,0,absolute,node,58038,-1,-1,560
959,0,0,769230,0,absolute,node,134693,-1,1,560
960,0,0,769230,0,absolute,node,103328,-1,-1,560
961,0,0,807692,0,absolute,node,192608,-1,2,560
962,0,0,807692,0,absolute,node,173499,-1,-2,560
963,0,0,807692,0,absolute,node,163578,-1,2,560
964,0,0,807692,0,absolute,node,117113,-1,-2,560
965,0,0,807692,0,absolute,node,703,-1,3,560
966,0,0,807692,0,absolute,node,134343,-1,-3,560
967,0,0,807692,0,absolute,node,151133,-1,3,560
968,0,0,807692,0,absolute,node,21604,-1,-3,560
969,0,0,807692,0,absolute,node,5413,-1,3,560
970,0,0,807692,0,absolute,node,15205,-1,-3,560
971,0,0,807692,0,absolute,node,103328,-1,1,560
972,0,0,807692,0,absolute,node,16250,-1,-1,560
973,0,0,807692,0,absolute,node,75066,-1,1,560
974,0,0,807692,0,absolute,node,93993,-1,-1,560
975,0,0,807692,0,absolute,node,164977,-1,2,560
976,0,0,807692,0,absolute,node,203320,-1,-2,560
977,0,0,807692,0,absolute,node,158738,-1,1,560
978,0,0,807692,0,absolute,node,1544,-1,-1,560
979,0,0,807692,0,absolute,node,202115,-1,1,560
980,0,0,807692,0,absolute,node,209373,-1,-1,560
981,0,0,807692,0,absolute,node,21601,-1,1,560
982,0,0,807692,0,absolute,node,58038,-1,-1,560
983,0,0,807692,0,absolute,node,178137,-1,1,560
984,0,0,807692,0,absolute,node,209373,-1,-1,560
985,0,0,807692,0,absolute,node,39570,-1,1,560
986,0,0,807692,0,absolute,node,95859,-1,-1,560
987,0,0,807692,0,absolute,node,84060,-1,1,560
988,0,0,807692,0,absolute,node,118299,-1,-1,560
989,0,0,807692,0,absolute,node,78988,-1,2,560
990,0,0,807692,0,absolute,node,52879,-1,-2,560
991,0,0,807692,0,absolute,node,42122,-1,1,560
992,0,0,807692,0,absolute,node,147235,-1,-1,560
993,0,0,807692,0,absolute,node,204448,-1,1,560
994,0,0,807692,0,absolute,node,42256,-1,-1,560
995,0,0,807692,0,absolute,node,76143,-1,1,560
996,0,0,807692,0,absolute,node,153463,-1,-1,560
997,0,0,807692,0,absolute,node,31220,-1,1,560
998,0,0,807692,0,absolute,node,157973,-1,-1,560
999,0,0,807692,0,absolute,node,59566,-1,1,560
1000,0,0,807692,0,absolute,node,95859,-1,-1,560
1001,0,0,807692,0,absolute,node,54663,-1,1,560
1002,0,0,807692,0,absolute,node,42256,-1,-1,560
1003,0,0,807692,0,absolute,node,164687,-1,4,560
1004,0,0,807692,0,absolute,node,23690,-1,-4,560
1005,0,0,807692,0,absolute,node,108311,-1,1,560
1006,0,0,807692,0,absolute,node,118299,-1,-1,560
1007,0,0,807692,0,absolute,node,116583,-1,1,560
1008,0,0,807692,0,absolute,node,157973,-1,-1,560
1009,0,0,846153,0,absolute,node,117113,-1,1,560
1010,0,0,846153,0,absolute,node,178137,-1,-1,560
1011,0,0,846153,0,absolute,node,58038,-1,1,560
1012,0,0,846153,0,absolute,node,37625,-1,-1,560
1013,0,0,846153,0,absolute,node,16250,-1,2,560
1014,0,0,846153,0,absolute,node,151133,-1,-2,560
1015,0,0,846153,0,absolute,node,78604,-1,1,560
1016,0,0,846153,0,absolute,node,1544,-1,-1,560
1017,0,0,846153,0,absolute,node,186052,-1,1,560
1018,0,0,846153,0,absolute,node,192608,-1,-1,560
1019,0,0,846153,0,absolute,node,203320,-1,2,560
1020,0,0,846153,0,absolute,node,116583,-1,-2,560
1021,0,0,846153,0,absolute,node,76143,-1,3,560
1022,0,0,846153,0,absolute,node,48982,-1,-3,560
1023,0,0,846153,0,absolute,node,177837,-1,1,560
1024,0,0,846153,0,absolute,node,113025,-1,-1,560
1025,0,0,846153,0,absolute,node,99645,-1,1,560
1026,0,0,846153,0,absolute,node,1544,-1,-1,560
1027,0,0,846153,0,absolute,node,13731,-1,3,560
1028,0,0,846153,0,absolute,node,49861,-1,-3,560
1029,0,0,846153,0,absolute,node,15205,-1,4,560
1030,0,0,846153,0,absolute,node,52125,-1,-4,560
1031,0,0,846153,0,absolute,node,42122,-1,1,560
1032,0,0,846153,0,absolute,node,21601,-1,-1,560
1033,0,0,846153,0,absolute,node,210614,-1,1,560
1034,0,0,846153,0,absolute,node,157973,-1,-1,560
1035,0,0,846153,0,absolute,node,202115,-1,1,560
1036,0,0,846153,0,absolute,node,181955,-1,-1,560
1037,0,0,846153,0,absolute,node,11042,-1,1,560
1038,0,0,846153,0,absolute,node,97559,-1,-1,560
1039,0,0,846153,0,absolute,node,154121,-1,2,560
1040,0,0,846153,0,absolute,node,9463,-1,-2,560
1041,0,0,846153,0,absolute,node,12329,-1,1,560
1042,0,0,846153,0,absolute,node,194936,-1,-1,560
1043,0,0,846153,0,absolute,node,126511,-1,3,560
1044,0,0,846153,0,absolute,node,93993,-1,-3,560
1045,0,0,846153,0,absolute,node,158738,-1,1,560
1046,0,0,846153,0,absolute,node,96444,-1,-1,560
1047,0,0,846153,0,absolute,node,5413,-1,1,560
1048,0,0,846153,0,absolute,node,96444,-1,-1,560
1049,0,0,846153,0,absolute,node,75066,-1,1,560
1050,0,0,846153,0,absolute,node,97559,-1,-1,560
1051,0,0,846153,0,absolute,node,178711,-1,2,560
1052,0,0,846153,0,absolute,node,52879,-1,-2,560
1053,0,0,846153,0,absolute,node,96368,-1,3,560
1054,0,0,846153,0,absolute,node,140976,-1,-3,560
1055,0,0,846153,0,absolute,node,21604,-1,4,560
1056,0,0,846153,0,absolute,node,97559,-1,-4,560
1057,0,0,884615,0,absolute,node,13731,-1,1,560
1058,0,0,884615,0,absolute,node,21601,-1,-1,560
1059,0,0,884615,0,absolute,node,177083,-1,1,560
1060,0,0,884615,0,absolute,node,84060,-1,-1,560
1061,0,0,884615,0,absolute,node,134693,-1,1,560
1062,0,0,884615,0,absolute,node,110173,-1,-1,560
1063,0,0,884615,0,absolute,node,9643,-1,2,560
1064,0,0,884615,0,absolute,node,178711,-1,-2,560
1065,0,0,884615,0,absolute,node,97559,-1,2,560
1066,0,0,884615,0,absolute,node,84060,-1,-2,560
1067,0,0,884615,0,absolute,node,75208,-1,1,560
1068,0,0,884615,0,absolute,node,108311,-1,-1,560
1069,0,0,884615,0,absolute,node,150898,-1,1,560
1070,0,0,884615,0,absolute,node,5413,-1,-1,560
1071,0,0,884615,0,absolute,node,31220,-1,1,560
1072,0,0,884615,0,absolute,node,109393,-1,-1,560
1073,0,0,884615,0,absolute,node,96444,-1,1,560
1074,0,0,884615,0,absolute,node,96368,-1,-1,560
1075,0,0,884615,0,absolute,node,137474,-1,2,560
1076,0,0,884615,0,absolute,node,48982,-1,-2,560
1077,0,0,884615,0,absolute,node,16250,-1,1,560
1078,0,0,884615,0,absolute,node,186052,-1,-1,560
1079,0,0,884615,0,absolute,node,37625,-1,2,560
1080,0,0,884615,0,absolute,node,126511,-1,-2,560
1081,0,0,884615,0,absolute,node,72544,-1,1,560
1082,0,0,884615,0,absolute,node,21601,-1,-1,560
1083,0,0,884615,0,absolute,node,167837,-1,1,560
1084,0,0,884615,0,absolute,node,113025,-1,-1,560
1085,0,0,884615,0,absolute,node,174026,-1,2,560
1086,0,0,884615,0,absolute,node,110173,-1,-2,560
1087,0,0,884615,0,absolute,node,163578,-1,2,560
1088,0,0,884615,0,absolute,node,128690,-1,-2,560
1089,0,0,884615,0,absolute,node,95859,-1,2,560
1090,0,0,884615,0,absolute,node,21604,-1,-2,560
1091,0,0,884615,0,absolute,node,42256,-1,2,560
1092,0,0,884615,0,absolute,node,52879,-1,-2,560
1093,0,0,884615,0,absolute,node,194936,-1,2,560
1094,0,0,884615,0,absolute,node,116583,-1,-2,560
1095,0,0,884615,0,absolute,node,76143,-1,2,560
1096,0,0,884615,0,absolute,node,83952,-1,-2,560
1097,0,0,884615,0,absolute,node,147334,-1,1,560
1098,0,0,884615,0,absolute,node,140976,-1,-1,560
1099,0,0,884615,0,absolute,node,184930,-1,1,560
1100,0,0,884615,0,absolute,node,703,-1,-1,560
1101,0,0,884615,0,absolute,node,172150,-1,4,560
1102,0,0,884615,0,absolute,node,84060,-1,-4,560
1103,0,0,884615,0,absolute,node,58038,-1,2,560
1104,0,0,884615,0,absolute,node,11042,-1,-2,560
1105,0,0,923076,0,absolute,node,134693,-1,2,560
1106,0,0,923076,0,absolute,node,147334,-1,-2,560
1107,0,0,923076,0,absolute,node,5413,-1,1,560
1108,0,0,923076,0,absolute,node,9140,-1,-1,560
1109,0,0,923076,0,absolute,node,52125,-1,2,560
1110,0,0,923076,0,absolute,node,78604,-1,-2,560
1111,0,0,923076,0,absolute,node,107971,-1,3,560
1112,0,0,923076,0,absolute,node,133730,-1,-3,560
1113,0,0,923076,0,absolute,node,178137,-1,3,560
1114,0,0,923076,0,absolute,node,194936,-1,-3,560
1115,0,0,923076,0,absolute,node,49861,-1,5,560
1116,0,0,923076,0,absolute,node,210614,-1,-5,560
1117,0,0,923076,0,absolute,node,58038,-1,1,560
1118,0,0,923076,0,absolute,node,103328,-1,-1,560
1119,0,0,923076,0,absolute,node,76143,-1,1,560
1120,0,0,923076,0,absolute,node,76932,-1,-1,560
1121,0,0,923076,0,absolute,node,165324,-1,1,560
1122,0,0,923076,0,absolute,node,206560,-1,-1,560
1123,0,0,923076,0,absolute,node,11042,-1,1,560
1124,0,0,923076,0,absolute,node,78604,-1,-1,560
1125,0,0,923076,0,absolute,node,203320,-1,1,560
1126,0,0,923076,0,absolute,node,133730,-1,-1,560
1127,0,0,923076,0,absolute,node,109393,-1,1,560
1128,0,0,923076,0,absolute,node,97559,-1,-1,560
1129,0,0,923076,0,absolute,node,78988,-1,1,560
1130,0,0,923076,0,absolute,node,37625,-1,-1,560
1131,0,0,923076,0,absolute,node,166707,-1,1,560
1132,0,0,923076,0,absolute,node,12329,-1,-1,560
1133,0,0,923076,0,absolute,node,23690,-1,1,560
1134,0,0,923076,0,absolute,node,72544,-1,-1,560
1135,0,0,923076,0,absolute,node,117113,-1,1,560
1136,0,0,923076,0,absolute,node,194936,-1,-1,560
1137,0,0,923076,0,absolute,node,38595,-1,2,560
1138,0,0,923076,0,absolute,node,703,-1,-2,560
1139,0,0,923076,0,absolute,node,108311,-1,1,560
1140,0,0,923076,0,absolute,node,192608,-1,-1,560
1141,0,0,923076,0,absolute,node,181955,-1,3,560
1142,0,0,923076,0,absolute,node,210614,-1,-3,560
1143,0,0,923076,0,absolute,node,54663,-1,1,560
1144,0,0,923076,0,absolute,node,164558,-1,-1,560
1145,0,0,923076,0,absolute,node,9463,-1,2,560
1146,0,0,923076,0,absolute,node,103328,-1,-2,560
1147,0,0,923076,0,absolute,node,83952,-1,2,560
1148,0,0,923076,0,absolute,node,103328,-1,-2,560
1149,0,0,923076,0,absolute,node,172150,-1,1,560
1150,0,0,923076,0,absolute,node,192608,-1,-1,560
1151,0,0,923076,0,absolute,node,84060,-1,1,560
1152,0,0,923076,0,absolute,node,99645,-1,-1,560
1153,0,0,961538,0,absolute,node,16250,-1,2,560
1154,0,0,961538,0,absolute,node,39570,-1,-2,560
1155,0,0,961538,0,absolute,node,52879,-1,1,560
1156,0,0,961538,0,absolute,node,90239,-1,-1,560
1157,0,0,961538,0,absolute,node,54663,-1,1,560
1158,0,0,961538,0,absolute,node,5413,-1,-1,560
1159,0,0,961538,0,absolute,node,158738,-1,3,560
1160,0,0,961538,0,absolute,node,90239,-1,-3,560
1161,0,0,961538,0,absolute,node,210614,-1,1,560
1162,0,0,961538,0,absolute,node,21601,-1,-1,560
1163,0,0,961538,0,absolute,node,9463,-1,1,560
1164,0,0,961538,0,absolute,node,167837,-1,-1,560
1165,0,0,961538,0,absolute,node,186052,-1,5,560
1166,0,0,961538,0,absolute,node,15205,-1,-5,560
1167,0,0,961538,0,absolute,node,202115,-1,3,560
1168,0,0,961538,0,absolute,node,21604,-1,-3,560
1169,0,0,961538,0,absolute,node,113025,-1,1,560
1170,0,0,961538,0,absolute,node,151133,-1,-1,560
1171,0,0,961538,0,absolute,node,107971,-1,1,560
1172,0,0,961538,0,absolute,node,166707,-1,-1,560
1173,0,0,961538,0,absolute,node,165324,-1,2,560
1174,0,0,961538,0,absolute,node,42122,-1,-2,560
1175,0,0,961538,0,absolute,node,164977,-1,1,560
1176,0,0,961538,0,absolute,node,130257,-1,-1,560
1177,0,0,961538,0,absolute,node,177083,-1,2,560
1178,0,0,961538,0,absolute,node,134343,-1,-2,560
1179,0,0,961538,0,absolute,node,118299,-1,2,560
1180,0,0,961538,0,absolute,node,164558,-1,-2,560
1181,0,0,961538,0,absolute,node,110173,-1,2,560
1182,0,0,961538,0,absolute,node,116583,-1,-2,560
1183,0,0,961538,0,absolute,node,37625,-1,2,560
1184,0,0,961538,0,absolute,node,203320,-1,-2,560
1185,0,0,961538,0,absolute,node,108858,-1,1,560
1186,0,0,961538,0,absolute,node,164558,-1,-1,560
1187,0,0,961538,0,absolute,node,92467,-1,1,560
1188,0,0,961538,0,absolute,node,134693,-1,-1,560
1189,0,0,961538,0,absolute,node,78604,-1,3,560
1190,0,0,961538,0,absolute,node,21604,-1,-3,560
1191,0,0,961538,0,absolute,node,11042,-1,1,560
1192,0,0,961538,0,absolute,node,90239,-1,-1,560
1193,0,0,961538,0,absolute,node,9140,-1,1,560
1194,0,0,961538,0,absolute,node,178137,-1,-1,560
1195,0,0,961538,0,absolute,node,77291,-1,1,560
1196,0,0,961538,0,absolute,node,147334,-1,-1,560
1197,0,0,961538,0,absolute,node,178711,-1,1,560
1198,0,0,961538,0,absolute,node,164558,-1,-1,560
1199,0,0,961538,0,absolute,node,157973,-1,2,560
1200,0,0,961538,0,absolute,node,163578,-1,-2,560
