changeID,absoluteTime,evaluation,bitVector,distanceEvaluation,typeOfChange,affected,affectedID1,affectedID2,change,totalAfterChange
0,0,0,0,0,,,-1,-1,0,535
1,0,0,90909,0,absolute,node,11893,-1,1,535
2,0,0,90909,0,absolute,node,4200,-1,-1,535
3,0,0,90909,0,absolute,node,24988,-1,2,535
4,0,0,90909,0,absolute,node,23231,-1,-2,535
5,0,0,90909,0,absolute,node,13742,-1,3,535
6,0,0,90909,0,absolute,node,23231,-1,-3,535
7,0,0,90909,0,absolute,node,17661,-1,3,535
8,0,0,90909,0,absolute,node,6040,-1,-3,535
9,0,0,90909,0,absolute,node,7797,-1,1,535
10,0,0,90909,0,absolute,node,5243,-1,-1,535
11,0,0,90909,0,absolute,node,3245,-1,1,535
12,0,0,90909,0,absolute,node,7953,-1,-1,535
13,0,0,90909,0,absolute,node,26018,-1,1,535
14,0,0,90909,0,absolute,node,2050,-1,-1,535
15,0,0,90909,0,absolute,node,18291,-1,2,535
16,0,0,90909,0,absolute,node,17201,-1,-2,535
17,0,0,90909,0,absolute,node,2339,-1,1,535
18,0,0,90909,0,absolute,node,20894,-1,-1,535
19,0,0,90909,0,absolute,node,21691,-1,1,535
20,0,0,90909,0,absolute,node,1872,-1,-1,535
21,0,0,90909,0,absolute,node,15335,-1,1,535
22,0,0,90909,0,absolute,node,18449,-1,-1,535
23,0,0,90909,0,absolute,node,20316,-1,2,535
24,0,0,90909,0,absolute,node,20894,-1,-2,535
25,0,0,181818,0,absolute,node,23231,-1,1,535
26,0,0,181818,0,absolute,node,25293,-1,-1,535
27,0,0,181818,0,absolute,node,26018,-1,1,535
28,0,0,181818,0,absolute,node,10150,-1,-1,535
29,0,0,181818,0,absolute,node,1801,-1,2,535
30,0,0,181818,0,absolute,node,10922,-1,-2,535
31,0,0,181818,0,absolute,node,3996,-1,1,535
32,0,0,181818,0,absolute,node,5243,-1,-1,535
33,0,0,181818,0,absolute,node,6223,-1,2,535
34,0,0,181818,0,absolute,node,19178,-1,-2,535
35,0,0,181818,0,absolute,node,25983,-1,5,535
36,0,0,181818,0,absolute,node,3420,-1,-5,535
37,0,0,181818,0,absolute,node,22050,-1,1,535
38,0,0,181818,0,absolute,node,5016,-1,-1,535
39,0,0,181818,0,absolute,node,6220,-1,2,535
40,0,0,181818,0,absolute,node,15550,-1,-2,535
41,0,0,181818,0,absolute,node,17262,-1,1,535
42,0,0,181818,0,absolute,node,18333,-1,-1,535
43,0,0,181818,0,absolute,node,7713,-1,1,535
44,0,0,181818,0,absolute,node,21691,-1,-1,535
45,0,0,181818,0,absolute,node,4200,-1,3,535
46,0,0,181818,0,absolute,node,3048,-1,-3,535
47,0,0,181818,0,absolute,node,5168,-1,3,535
48,0,0,181818,0,absolute,node,15313,-1,-3,535
49,0,0,272727,0,absolute,node,17661,-1,4,535
50,0,0,272727,0,absolute,node,3420,-1,-4,535
51,0,0,272727,0,absolute,node,1622,-1,4,535
52,0,0,272727,0,absolute,node,19178,-1,-4,535
53,0,0,272727,0,absolute,node,14737,-1,3,535
54,0,0,272727,0,absolute,node,9262,-1,-3,535
55,0,0,272727,0,absolute,node,6223,-1,3,535
56,0,0,272727,0,absolute,node,11893,-1,-3,535
57,0,0,272727,0,absolute,node,2202,-1,1,535
58,0,0,272727,0,absolute,node,4698,-1,-1,535
59,0,0,272727,0,absolute,node,25089,-1,2,535
60,0,0,272727,0,absolute,node,18333,-1,-2,535
61,0,0,272727,0,absolute,node,3996,-1,5,535
62,0,0,272727,0,absolute,node,11893,-1,-5,535
63,0,0,272727,0,absolute,node,24433,-1,1,535
64,0,0,272727,0,absolute,node,17888,-1,-1,535
65,0,0,272727,0,absolute,node,5126,-1,1,535
66,0,0,272727,0,absolute,node,7966,-1,-1,535
67,0,0,272727,0,absolute,node,9202,-1,2,535
68,0,0,272727,0,absolute,node,4320,-1,-2,535
69,0,0,272727,0,absolute,node,5740,-1,1,535
70,0,0,272727,0,absolute,node,25068,-1,-1,535
71,0,0,272727,0,absolute,node,5405,-1,4,535
72,0,0,272727,0,absolute,node,7134,-1,-4,535
73,0,0,363636,0,absolute,node,2339,-1,1,535
74,0,0,363636,0,absolute,node,5306,-1,-1,535
75,0,0,363636,0,absolute,node,7228,-1,1,535
76,0,0,363636,0,absolute,node,1872,-1,-1,535
77,0,0,363636,0,absolute,node,19485,-1,1,535
78,0,0,363636,0,absolute,node,17661,-1,-1,535
79,0,0,363636,0,absolute,node,25651,-1,2,535
80,0,0,363636,0,absolute,node,6040,-1,-2,535
81,0,0,363636,0,absolute,node,3937,-1,1,535
82,0,0,363636,0,absolute,node,7797,-1,-1,535
83,0,0,363636,0,absolute,node,18063,-1,1,535
84,0,0,363636,0,absolute,node,15335,-1,-1,535
85,0,0,363636,0,absolute,node,24239,-1,1,535
86,0,0,363636,0,absolute,node,1433,-1,-1,535
87,0,0,363636,0,absolute,node,5017,-1,1,535
88,0,0,363636,0,absolute,node,24433,-1,-1,535
89,0,0,363636,0,absolute,node,8606,-1,1,535
90,0,0,363636,0,absolute,node,1622,-1,-1,535
91,0,0,363636,0,absolute,node,17888,-1,3,535
92,0,0,363636,0,absolute,node,9262,-1,-3,535
93,0,0,363636,0,absolute,node,7134,-1,1,535
94,0,0,363636,0,absolute,node,19607,-1,-1,535
95,0,0,363636,0,absolute,node,26093,-1,1,535
96,0,0,363636,0,absolute,node,55,-1,-1,535
97,0,0,454545,0,absolute,node,55,-1,1,535
98,0,0,454545,0,absolute,node,3777,-1,-1,535
99,0,0,454545,0,absolute,node,2050,-1,2,535
100,0,0,454545,0,absolute,node,3777,-1,-2,535
101,0,0,454545,0,absolute,node,17661,-1,3,535
102,0,0,454545,0,absolute,node,4200,-1,-3,535
103,0,0,454545,0,absolute,node,25293,-1,3,535
104,0,0,454545,0,absolute,node,24988,-1,-3,535
105,0,0,454545,0,absolute,node,10922,-1,4,535
106,0,0,454545,0,absolute,node,26018,-1,-4,535
107,0,0,454545,0,absolute,node,6223,-1,4,535
108,0,0,454545,0,absolute,node,153,-1,-4,535
109,0,0,454545,0,absolute,node,12783,-1,1,535
110,0,0,454545,0,absolute,node,153,-1,-1,535
111,0,0,454545,0,absolute,node,11893,-1,1,535
112,0,0,454545,0,absolute,node,20407,-1,-1,535
113,0,0,454545,0,absolute,node,11011,-1,1,535
114,0,0,454545,0,absolute,node,21691,-1,-1,535
115,0,0,454545,0,absolute,node,1622,-1,2,535
116,0,0,454545,0,absolute,node,7797,-1,-2,535
117,0,0,454545,0,absolute,node,22050,-1,1,535
118,0,0,454545,0,absolute,node,15989,-1,-1,535
119,0,0,454545,0,absolute,node,17262,-1,3,535
120,0,0,454545,0,absolute,node,3048,-1,-3,535
121,0,0,545454,0,absolute,node,20894,-1,2,535
122,0,0,545454,0,absolute,node,153,-1,-2,535
123,0,0,545454,0,absolute,node,12941,-1,1,535
124,0,0,545454,0,absolute,node,18063,-1,-1,535
125,0,0,545454,0,absolute,node,8097,-1,2,535
126,0,0,545454,0,absolute,node,17888,-1,-2,535
127,0,0,545454,0,absolute,node,1262,-1,1,535
128,0,0,545454,0,absolute,node,20316,-1,-1,535
129,0,0,545454,0,absolute,node,2202,-1,1,535
130,0,0,545454,0,absolute,node,7481,-1,-1,535
131,0,0,545454,0,absolute,node,3937,-1,1,535
132,0,0,545454,0,absolute,node,4698,-1,-1,535
133,0,0,545454,0,absolute,node,11011,-1,4,535
134,0,0,545454,0,absolute,node,9151,-1,-4,535
135,0,0,545454,0,absolute,node,2339,-1,2,535
136,0,0,545454,0,absolute,node,17888,-1,-2,535
137,0,0,545454,0,absolute,node,20407,-1,1,535
138,0,0,545454,0,absolute,node,4320,-1,-1,535
139,0,0,545454,0,absolute,node,10295,-1,2,535
140,0,0,545454,0,absolute,node,55,-1,-2,535
141,0,0,545454,0,absolute,node,6040,-1,1,535
142,0,0,545454,0,absolute,node,26018,-1,-1,535
143,0,0,545454,0,absolute,node,5405,-1,1,535
144,0,0,545454,0,absolute,node,15313,-1,-1,535
145,0,0,636363,0,absolute,node,18406,-1,1,535
146,0,0,636363,0,absolute,node,7966,-1,-1,535
147,0,0,636363,0,absolute,node,25089,-1,3,535
148,0,0,636363,0,absolute,node,7797,-1,-3,535
149,0,0,636363,0,absolute,node,23231,-1,1,535
150,0,0,636363,0,absolute,node,4200,-1,-1,535
151,0,0,636363,0,absolute,node,3245,-1,4,535
152,0,0,636363,0,absolute,node,1801,-1,-4,535
153,0,0,636363,0,absolute,node,17661,-1,1,535
154,0,0,636363,0,absolute,node,7481,-1,-1,535
155,0,0,636363,0,absolute,node,1262,-1,2,535
156,0,0,636363,0,absolute,node,24239,-1,-2,535
157,0,0,636363,0,absolute,node,18291,-1,4,535
158,0,0,636363,0,absolute,node,11893,-1,-4,535
159,0,0,636363,0,absolute,node,10922,-1,1,535
160,0,0,636363,0,absolute,node,5126,-1,-1,535
161,0,0,636363,0,absolute,node,9966,-1,2,535
162,0,0,636363,0,absolute,node,18333,-1,-2,535
163,0,0,636363,0,absolute,node,5405,-1,1,535
164,0,0,636363,0,absolute,node,3996,-1,-1,535
165,0,0,636363,0,absolute,node,25293,-1,2,535
166,0,0,636363,0,absolute,node,15550,-1,-2,535
167,0,0,636363,0,absolute,node,14737,-1,4,535
168,0,0,636363,0,absolute,node,15550,-1,-4,535
169,0,0,727272,0,absolute,node,55,-1,4,535
170,0,0,727272,0,absolute,node,7134,-1,-4,535
171,0,0,727272,0,absolute,node,8632,-1,1,535
172,0,0,727272,0,absolute,node,4320,-1,-1,535
173,0,0,727272,0,absolute,node,5665,-1,1,535
174,0,0,727272,0,absolute,node,2339,-1,-1,535
175,0,0,727272,0,absolute,node,25983,-1,1,535
176,0,0,727272,0,absolute,node,3245,-1,-1,535
177,0,0,727272,0,absolute,node,13742,-1,4,535
178,0,0,727272,0,absolute,node,6220,-1,-4,535
179,0,0,727272,0,absolute,node,12038,-1,2,535
180,0,0,727272,0,absolute,node,10305,-1,-2,535
181,0,0,727272,0,absolute,node,5017,-1,1,535
182,0,0,727272,0,absolute,node,1433,-1,-1,535
183,0,0,727272,0,absolute,node,26093,-1,1,535
184,0,0,727272,0,absolute,node,10922,-1,-1,535
185,0,0,727272,0,absolute,node,17888,-1,2,535
186,0,0,727272,0,absolute,node,10295,-1,-2,535
187,0,0,727272,0,absolute,node,6040,-1,3,535
188,0,0,727272,0,absolute,node,3593,-1,-3,535
189,0,0,727272,0,absolute,node,8606,-1,1,535
190,0,0,727272,0,absolute,node,17661,-1,-1,535
191,0,0,727272,0,absolute,node,10150,-1,1,535
192,0,0,727272,0,absolute,node,4200,-1,-1,535
193,0,0,818181,0,absolute,node,3426,-1,1,535
194,0,0,818181,0,absolute,node,18291,-1,-1,535
195,0,0,818181,0,absolute,node,24064,-1,1,535
196,0,0,818181,0,absolute,node,1433,-1,-1,535
197,0,0,818181,0,absolute,node,4698,-1,1,535
198,0,0,818181,0,absolute,node,13742,-1,-1,535
199,0,0,818181,0,absolute,node,18449,-1,2,535
200,0,0,818181,0,absolute,node,1872,-1,-2,535
201,0,0,818181,0,absolute,node,5665,-1,1,535
202,0,0,818181,0,absolute,node,18291,-1,-1,535
203,0,0,818181,0,absolute,node,15989,-1,1,535
204,0,0,818181,0,absolute,node,7134,-1,-1,535
205,0,0,818181,0,absolute,node,25293,-1,2,535
206,0,0,818181,0,absolute,node,11011,-1,-2,535
207,0,0,818181,0,absolute,node,5126,-1,1,535
208,0,0,818181,0,absolute,node,153,-1,-1,535
209,0,0,818181,0,absolute,node,20407,-1,1,535
210,0,0,818181,0,absolute,node,19607,-1,-1,535
211,0,0,818181,0,absolute,node,5016,-1,2,535
212,0,0,818181,0,absolute,node,22050,-1,-2,535
213,0,0,818181,0,absolute,node,18406,-1,1,535
214,0,0,818181,0,absolute,node,6223,-1,-1,535
215,0,0,818181,0,absolute,node,3048,-1,1,535
216,0,0,818181,0,absolute,node,12380,-1,-1,535
217,0,0,909090,0,absolute,node,26093,-1,1,535
218,0,0,909090,0,absolute,node,3426,-1,-1,535
219,0,0,909090,0,absolute,node,14737,-1,1,535
220,0,0,909090,0,absolute,node,4698,-1,-1,535
221,0,0,909090,0,absolute,node,15989,-1,1,535
222,0,0,909090,0,absolute,node,5168,-1,-1,535
223,0,0,909090,0,absolute,node,10922,-1,1,535
224,0,0,909090,0,absolute,node,5665,-1,-1,535
225,0,0,909090,0,absolute,node,10305,-1,1,535
226,0,0,909090,0,absolute,node,21691,-1,-1,535
227,0,0,909090,0,absolute,node,5017,-1,3,535
228,0,0,909090,0,absolute,node,25651,-1,-3,535
229,0,0,909090,0,absolute,node,7713,-1,1,535
230,0,0,909090,0,absolute,node,20316,-1,-1,535
231,0,0,909090,0,absolute,node,25089,-1,4,535
232,0,0,909090,0,absolute,node,17888,-1,-4,535
233,0,0,909090,0,absolute,node,24239,-1,2,535
234,0,0,909090,0,absolute,node,3048,-1,-2,535
235,0,0,909090,0,absolute,node,17262,-1,1,535
236,0,0,909090,0,absolute,node,20407,-1,-1,535
237,0,0,909090,0,absolute,node,24064,-1,1,535
238,0,0,909090,0,absolute,node,2050,-1,-1,535
239,0,0,909090,0,absolute,node,18406,-1,2,535
240,0,0,909090,0,absolute,node,12380,-1,-2,535
