changeID,absoluteTime,evaluation,bitVector,distanceEvaluation,typeOfChange,affected,affectedID1,affectedID2,change,totalAfterChange
0,0,0,0,0,,,-1,-1,0,562
1,0,0,90909,0,absolute,node,9166,-1,2,562
2,0,0,90909,0,absolute,node,14357,-1,-2,562
3,0,0,90909,0,absolute,node,15297,-1,2,562
4,0,0,90909,0,absolute,node,17193,-1,-2,562
5,0,0,90909,0,absolute,node,19723,-1,1,562
6,0,0,90909,0,absolute,node,1467,-1,-1,562
7,0,0,90909,0,absolute,node,21462,-1,1,562
8,0,0,90909,0,absolute,node,5279,-1,-1,562
9,0,0,90909,0,absolute,node,9851,-1,2,562
10,0,0,90909,0,absolute,node,10984,-1,-2,562
11,0,0,90909,0,absolute,node,17344,-1,1,562
12,0,0,90909,0,absolute,node,24295,-1,-1,562
13,0,0,90909,0,absolute,node,4563,-1,2,562
14,0,0,90909,0,absolute,node,2548,-1,-2,562
15,0,0,90909,0,absolute,node,24866,-1,1,562
16,0,0,90909,0,absolute,node,24100,-1,-1,562
17,0,0,90909,0,absolute,node,10328,-1,4,562
18,0,0,90909,0,absolute,node,25024,-1,-4,562
19,0,0,90909,0,absolute,node,18779,-1,1,562
20,0,0,90909,0,absolute,node,18258,-1,-1,562
21,0,0,90909,0,absolute,node,19458,-1,1,562
22,0,0,90909,0,absolute,node,9675,-1,-1,562
23,0,0,90909,0,absolute,node,17845,-1,2,562
24,0,0,90909,0,absolute,node,19694,-1,-2,562
25,0,0,90909,0,absolute,node,13030,-1,1,562
26,0,0,90909,0,absolute,node,2375,-1,-1,562
27,0,0,90909,0,absolute,node,19599,-1,2,562
28,0,0,90909,0,absolute,node,5486,-1,-2,562
29,0,0,90909,0,absolute,node,22074,-1,1,562
30,0,0,90909,0,absolute,node,8527,-1,-1,562
31,0,0,90909,0,absolute,node,20427,-1,2,562
32,0,0,90909,0,absolute,node,23682,-1,-2,562
33,0,0,90909,0,absolute,node,21520,-1,3,562
34,0,0,90909,0,absolute,node,17193,-1,-3,562
35,0,0,90909,0,absolute,node,19577,-1,1,562
36,0,0,90909,0,absolute,node,24942,-1,-1,562
37,0,0,90909,0,absolute,node,1796,-1,2,562
38,0,0,90909,0,absolute,node,5486,-1,-2,562
39,0,0,90909,0,absolute,node,3352,-1,2,562
40,0,0,90909,0,absolute,node,3124,-1,-2,562
41,0,0,90909,0,absolute,node,14640,-1,3,562
42,0,0,90909,0,absolute,node,24108,-1,-3,562
43,0,0,90909,0,absolute,node,24319,-1,2,562
44,0,0,90909,0,absolute,node,26004,-1,-2,562
45,0,0,90909,0,absolute,node,18056,-1,1,562
46,0,0,90909,0,absolute,node,14066,-1,-1,562
47,0,0,90909,0,absolute,node,6652,-1,1,562
48,0,0,90909,0,absolute,node,9670,-1,-1,562
49,0,0,181818,0,absolute,node,1467,-1,1,562
50,0,0,181818,0,absolute,node,24100,-1,-1,562
51,0,0,181818,0,absolute,node,24108,-1,3,562
52,0,0,181818,0,absolute,node,19723,-1,-3,562
53,0,0,181818,0,absolute,node,3997,-1,3,562
54,0,0,181818,0,absolute,node,14357,-1,-3,562
55,0,0,181818,0,absolute,node,22776,-1,3,562
56,0,0,181818,0,absolute,node,11855,-1,-3,562
57,0,0,181818,0,absolute,node,24866,-1,1,562
58,0,0,181818,0,absolute,node,13030,-1,-1,562
59,0,0,181818,0,absolute,node,10601,-1,1,562
60,0,0,181818,0,absolute,node,10328,-1,-1,562
61,0,0,181818,0,absolute,node,14584,-1,1,562
62,0,0,181818,0,absolute,node,17193,-1,-1,562
63,0,0,181818,0,absolute,node,2903,-1,2,562
64,0,0,181818,0,absolute,node,19599,-1,-2,562
65,0,0,181818,0,absolute,node,20427,-1,1,562
66,0,0,181818,0,absolute,node,15463,-1,-1,562
67,0,0,181818,0,absolute,node,19577,-1,1,562
68,0,0,181818,0,absolute,node,24319,-1,-1,562
69,0,0,181818,0,absolute,node,26004,-1,1,562
70,0,0,181818,0,absolute,node,19779,-1,-1,562
71,0,0,181818,0,absolute,node,21220,-1,3,562
72,0,0,181818,0,absolute,node,14894,-1,-3,562
73,0,0,181818,0,absolute,node,24295,-1,1,562
74,0,0,181818,0,absolute,node,21882,-1,-1,562
75,0,0,181818,0,absolute,node,24842,-1,3,562
76,0,0,181818,0,absolute,node,19458,-1,-3,562
77,0,0,181818,0,absolute,node,15297,-1,2,562
78,0,0,181818,0,absolute,node,5047,-1,-2,562
79,0,0,181818,0,absolute,node,17842,-1,2,562
80,0,0,181818,0,absolute,node,5047,-1,-2,562
81,0,0,181818,0,absolute,node,14640,-1,2,562
82,0,0,181818,0,absolute,node,9851,-1,-2,562
83,0,0,181818,0,absolute,node,9166,-1,5,562
84,0,0,181818,0,absolute,node,15463,-1,-5,562
85,0,0,181818,0,absolute,node,18258,-1,1,562
86,0,0,181818,0,absolute,node,19487,-1,-1,562
87,0,0,181818,0,absolute,node,10096,-1,2,562
88,0,0,181818,0,absolute,node,5058,-1,-2,562
89,0,0,181818,0,absolute,node,22074,-1,2,562
90,0,0,181818,0,absolute,node,19583,-1,-2,562
91,0,0,181818,0,absolute,node,21462,-1,1,562
92,0,0,181818,0,absolute,node,10328,-1,-1,562
93,0,0,181818,0,absolute,node,25096,-1,2,562
94,0,0,181818,0,absolute,node,4563,-1,-2,562
95,0,0,181818,0,absolute,node,3352,-1,1,562
96,0,0,181818,0,absolute,node,8527,-1,-1,562
97,0,0,272727,0,absolute,node,2359,-1,2,562
98,0,0,272727,0,absolute,node,4563,-1,-2,562
99,0,0,272727,0,absolute,node,10433,-1,1,562
100,0,0,272727,0,absolute,node,7081,-1,-1,562
101,0,0,272727,0,absolute,node,15297,-1,1,562
102,0,0,272727,0,absolute,node,10984,-1,-1,562
103,0,0,272727,0,absolute,node,17344,-1,1,562
104,0,0,272727,0,absolute,node,3337,-1,-1,562
105,0,0,272727,0,absolute,node,17845,-1,3,562
106,0,0,272727,0,absolute,node,9744,-1,-3,562
107,0,0,272727,0,absolute,node,6714,-1,1,562
108,0,0,272727,0,absolute,node,2903,-1,-1,562
109,0,0,272727,0,absolute,node,9542,-1,4,562
110,0,0,272727,0,absolute,node,2548,-1,-4,562
111,0,0,272727,0,absolute,node,8527,-1,2,562
112,0,0,272727,0,absolute,node,1467,-1,-2,562
113,0,0,272727,0,absolute,node,9675,-1,1,562
114,0,0,272727,0,absolute,node,11855,-1,-1,562
115,0,0,272727,0,absolute,node,2375,-1,1,562
116,0,0,272727,0,absolute,node,9744,-1,-1,562
117,0,0,272727,0,absolute,node,11093,-1,3,562
118,0,0,272727,0,absolute,node,3337,-1,-3,562
119,0,0,272727,0,absolute,node,13030,-1,5,562
120,0,0,272727,0,absolute,node,14894,-1,-5,562
121,0,0,272727,0,absolute,node,21693,-1,1,562
122,0,0,272727,0,absolute,node,6437,-1,-1,562
123,0,0,272727,0,absolute,node,5486,-1,2,562
124,0,0,272727,0,absolute,node,20991,-1,-2,562
125,0,0,272727,0,absolute,node,6652,-1,3,562
126,0,0,272727,0,absolute,node,2548,-1,-3,562
127,0,0,272727,0,absolute,node,2849,-1,1,562
128,0,0,272727,0,absolute,node,6437,-1,-1,562
129,0,0,272727,0,absolute,node,9166,-1,2,562
130,0,0,272727,0,absolute,node,25096,-1,-2,562
131,0,0,272727,0,absolute,node,15463,-1,1,562
132,0,0,272727,0,absolute,node,20316,-1,-1,562
133,0,0,272727,0,absolute,node,19599,-1,2,562
134,0,0,272727,0,absolute,node,20427,-1,-2,562
135,0,0,272727,0,absolute,node,19254,-1,4,562
136,0,0,272727,0,absolute,node,21462,-1,-4,562
137,0,0,272727,0,absolute,node,19487,-1,2,562
138,0,0,272727,0,absolute,node,3352,-1,-2,562
139,0,0,272727,0,absolute,node,1796,-1,3,562
140,0,0,272727,0,absolute,node,3337,-1,-3,562
141,0,0,272727,0,absolute,node,18056,-1,1,562
142,0,0,272727,0,absolute,node,10601,-1,-1,562
143,0,0,272727,0,absolute,node,3997,-1,3,562
144,0,0,272727,0,absolute,node,25751,-1,-3,562
145,0,0,363636,0,absolute,node,19577,-1,2,562
146,0,0,363636,0,absolute,node,3124,-1,-2,562
147,0,0,363636,0,absolute,node,25208,-1,3,562
148,0,0,363636,0,absolute,node,9236,-1,-3,562
149,0,0,363636,0,absolute,node,18779,-1,1,562
150,0,0,363636,0,absolute,node,17344,-1,-1,562
151,0,0,363636,0,absolute,node,19723,-1,1,562
152,0,0,363636,0,absolute,node,2903,-1,-1,562
153,0,0,363636,0,absolute,node,17193,-1,4,562
154,0,0,363636,0,absolute,node,18056,-1,-4,562
155,0,0,363636,0,absolute,node,5486,-1,2,562
156,0,0,363636,0,absolute,node,20427,-1,-2,562
157,0,0,363636,0,absolute,node,1796,-1,1,562
158,0,0,363636,0,absolute,node,22335,-1,-1,562
159,0,0,363636,0,absolute,node,19694,-1,2,562
160,0,0,363636,0,absolute,node,7081,-1,-2,562
161,0,0,363636,0,absolute,node,10328,-1,3,562
162,0,0,363636,0,absolute,node,6652,-1,-3,562
163,0,0,363636,0,absolute,node,21520,-1,1,562
164,0,0,363636,0,absolute,node,22335,-1,-1,562
165,0,0,363636,0,absolute,node,19487,-1,1,562
166,0,0,363636,0,absolute,node,24319,-1,-1,562
167,0,0,363636,0,absolute,node,17845,-1,1,562
168,0,0,363636,0,absolute,node,20991,-1,-1,562
169,0,0,363636,0,absolute,node,17842,-1,2,562
170,0,0,363636,0,absolute,node,15297,-1,-2,562
171,0,0,363636,0,absolute,node,22074,-1,3,562
172,0,0,363636,0,absolute,node,19254,-1,-3,562
173,0,0,363636,0,absolute,node,19599,-1,1,562
174,0,0,363636,0,absolute,node,8527,-1,-1,562
175,0,0,363636,0,absolute,node,9851,-1,1,562
176,0,0,363636,0,absolute,node,11945,-1,-1,562
177,0,0,363636,0,absolute,node,10096,-1,1,562
178,0,0,363636,0,absolute,node,9577,-1,-1,562
179,0,0,363636,0,absolute,node,24942,-1,1,562
180,0,0,363636,0,absolute,node,9670,-1,-1,562
181,0,0,363636,0,absolute,node,21220,-1,2,562
182,0,0,363636,0,absolute,node,6437,-1,-2,562
183,0,0,363636,0,absolute,node,7969,-1,2,562
184,0,0,363636,0,absolute,node,9166,-1,-2,562
185,0,0,363636,0,absolute,node,18258,-1,1,562
186,0,0,363636,0,absolute,node,2903,-1,-1,562
187,0,0,363636,0,absolute,node,21462,-1,1,562
188,0,0,363636,0,absolute,node,22213,-1,-1,562
189,0,0,363636,0,absolute,node,9918,-1,2,562
190,0,0,363636,0,absolute,node,20316,-1,-2,562
191,0,0,363636,0,absolute,node,25024,-1,1,562
192,0,0,363636,0,absolute,node,16464,-1,-1,562
193,0,0,454545,0,absolute,node,22074,-1,3,562
194,0,0,454545,0,absolute,node,11855,-1,-3,562
195,0,0,454545,0,absolute,node,14584,-1,1,562
196,0,0,454545,0,absolute,node,2375,-1,-1,562
197,0,0,454545,0,absolute,node,5058,-1,1,562
198,0,0,454545,0,absolute,node,3352,-1,-1,562
199,0,0,454545,0,absolute,node,6714,-1,1,562
200,0,0,454545,0,absolute,node,24842,-1,-1,562
201,0,0,454545,0,absolute,node,21520,-1,4,562
202,0,0,454545,0,absolute,node,19779,-1,-4,562
203,0,0,454545,0,absolute,node,17344,-1,2,562
204,0,0,454545,0,absolute,node,22335,-1,-2,562
205,0,0,454545,0,absolute,node,25024,-1,2,562
206,0,0,454545,0,absolute,node,16908,-1,-2,562
207,0,0,454545,0,absolute,node,5486,-1,1,562
208,0,0,454545,0,absolute,node,25751,-1,-1,562
209,0,0,454545,0,absolute,node,9577,-1,1,562
210,0,0,454545,0,absolute,node,17845,-1,-1,562
211,0,0,454545,0,absolute,node,21462,-1,1,562
212,0,0,454545,0,absolute,node,10328,-1,-1,562
213,0,0,454545,0,absolute,node,24866,-1,1,562
214,0,0,454545,0,absolute,node,22213,-1,-1,562
215,0,0,454545,0,absolute,node,19599,-1,1,562
216,0,0,454545,0,absolute,node,9918,-1,-1,562
217,0,0,454545,0,absolute,node,15463,-1,1,562
218,0,0,454545,0,absolute,node,10984,-1,-1,562
219,0,0,454545,0,absolute,node,24319,-1,2,562
220,0,0,454545,0,absolute,node,25751,-1,-2,562
221,0,0,454545,0,absolute,node,3997,-1,2,562
222,0,0,454545,0,absolute,node,4563,-1,-2,562
223,0,0,454545,0,absolute,node,14357,-1,5,562
224,0,0,454545,0,absolute,node,22776,-1,-5,562
225,0,0,454545,0,absolute,node,19254,-1,1,562
226,0,0,454545,0,absolute,node,2359,-1,-1,562
227,0,0,454545,0,absolute,node,18056,-1,1,562
228,0,0,454545,0,absolute,node,24295,-1,-1,562
229,0,0,454545,0,absolute,node,2548,-1,2,562
230,0,0,454545,0,absolute,node,25096,-1,-2,562
231,0,0,454545,0,absolute,node,5047,-1,1,562
232,0,0,454545,0,absolute,node,9166,-1,-1,562
233,0,0,454545,0,absolute,node,19694,-1,2,562
234,0,0,454545,0,absolute,node,12543,-1,-2,562
235,0,0,454545,0,absolute,node,19487,-1,2,562
236,0,0,454545,0,absolute,node,25096,-1,-2,562
237,0,0,454545,0,absolute,node,21220,-1,3,562
238,0,0,454545,0,absolute,node,9744,-1,-3,562
239,0,0,454545,0,absolute,node,24100,-1,3,562
240,0,0,454545,0,absolute,node,9166,-1,-3,562
241,0,0,545454,0,absolute,node,15463,-1,2,562
242,0,0,545454,0,absolute,node,19458,-1,-2,562
243,0,0,545454,0,absolute,node,19577,-1,1,562
244,0,0,545454,0,absolute,node,21882,-1,-1,562
245,0,0,545454,0,absolute,node,25751,-1,2,562
246,0,0,545454,0,absolute,node,1796,-1,-2,562
247,0,0,545454,0,absolute,node,23417,-1,1,562
248,0,0,545454,0,absolute,node,21882,-1,-1,562
249,0,0,545454,0,absolute,node,2849,-1,2,562
250,0,0,545454,0,absolute,node,21101,-1,-2,562
251,0,0,545454,0,absolute,node,11945,-1,1,562
252,0,0,545454,0,absolute,node,19697,-1,-1,562
253,0,0,545454,0,absolute,node,10433,-1,1,562
254,0,0,545454,0,absolute,node,24842,-1,-1,562
255,0,0,545454,0,absolute,node,14894,-1,1,562
256,0,0,545454,0,absolute,node,20991,-1,-1,562
257,0,0,545454,0,absolute,node,2375,-1,1,562
258,0,0,545454,0,absolute,node,18056,-1,-1,562
259,0,0,545454,0,absolute,node,8527,-1,4,562
260,0,0,545454,0,absolute,node,6652,-1,-4,562
261,0,0,545454,0,absolute,node,13030,-1,1,562
262,0,0,545454,0,absolute,node,22213,-1,-1,562
263,0,0,545454,0,absolute,node,19254,-1,2,562
264,0,0,545454,0,absolute,node,12543,-1,-2,562
265,0,0,545454,0,absolute,node,2548,-1,1,562
266,0,0,545454,0,absolute,node,24295,-1,-1,562
267,0,0,545454,0,absolute,node,10503,-1,1,562
268,0,0,545454,0,absolute,node,3997,-1,-1,562
269,0,0,545454,0,absolute,node,7969,-1,3,562
270,0,0,545454,0,absolute,node,21220,-1,-3,562
271,0,0,545454,0,absolute,node,9166,-1,1,562
272,0,0,545454,0,absolute,node,15788,-1,-1,562
273,0,0,545454,0,absolute,node,2903,-1,1,562
274,0,0,545454,0,absolute,node,5486,-1,-1,562
275,0,0,545454,0,absolute,node,14640,-1,1,562
276,0,0,545454,0,absolute,node,17845,-1,-1,562
277,0,0,545454,0,absolute,node,11855,-1,3,562
278,0,0,545454,0,absolute,node,25024,-1,-3,562
279,0,0,545454,0,absolute,node,17842,-1,2,562
280,0,0,545454,0,absolute,node,1467,-1,-2,562
281,0,0,545454,0,absolute,node,24866,-1,1,562
282,0,0,545454,0,absolute,node,20316,-1,-1,562
283,0,0,545454,0,absolute,node,9918,-1,1,562
284,0,0,545454,0,absolute,node,19779,-1,-1,562
285,0,0,545454,0,absolute,node,18258,-1,2,562
286,0,0,545454,0,absolute,node,11093,-1,-2,562
287,0,0,545454,0,absolute,node,19599,-1,2,562
288,0,0,545454,0,absolute,node,19779,-1,-2,562
289,0,0,636363,0,absolute,node,19254,-1,2,562
290,0,0,636363,0,absolute,node,1796,-1,-2,562
291,0,0,636363,0,absolute,node,20427,-1,3,562
292,0,0,636363,0,absolute,node,19487,-1,-3,562
293,0,0,636363,0,absolute,node,9675,-1,1,562
294,0,0,636363,0,absolute,node,19723,-1,-1,562
295,0,0,636363,0,absolute,node,17344,-1,1,562
296,0,0,636363,0,absolute,node,15788,-1,-1,562
297,0,0,636363,0,absolute,node,21220,-1,4,562
298,0,0,636363,0,absolute,node,15463,-1,-4,562
299,0,0,636363,0,absolute,node,10433,-1,1,562
300,0,0,636363,0,absolute,node,10984,-1,-1,562
301,0,0,636363,0,absolute,node,14096,-1,5,562
302,0,0,636363,0,absolute,node,22776,-1,-5,562
303,0,0,636363,0,absolute,node,1577,-1,1,562
304,0,0,636363,0,absolute,node,24842,-1,-1,562
305,0,0,636363,0,absolute,node,2548,-1,1,562
306,0,0,636363,0,absolute,node,5486,-1,-1,562
307,0,0,636363,0,absolute,node,21882,-1,1,562
308,0,0,636363,0,absolute,node,24295,-1,-1,562
309,0,0,636363,0,absolute,node,19697,-1,1,562
310,0,0,636363,0,absolute,node,19577,-1,-1,562
311,0,0,636363,0,absolute,node,21101,-1,3,562
312,0,0,636363,0,absolute,node,22074,-1,-3,562
313,0,0,636363,0,absolute,node,4563,-1,1,562
314,0,0,636363,0,absolute,node,19577,-1,-1,562
315,0,0,636363,0,absolute,node,9918,-1,2,562
316,0,0,636363,0,absolute,node,18779,-1,-2,562
317,0,0,636363,0,absolute,node,17842,-1,3,562
318,0,0,636363,0,absolute,node,22074,-1,-3,562
319,0,0,636363,0,absolute,node,5047,-1,4,562
320,0,0,636363,0,absolute,node,22074,-1,-4,562
321,0,0,636363,0,absolute,node,2375,-1,1,562
322,0,0,636363,0,absolute,node,2849,-1,-1,562
323,0,0,636363,0,absolute,node,25024,-1,1,562
324,0,0,636363,0,absolute,node,9670,-1,-1,562
325,0,0,636363,0,absolute,node,16908,-1,2,562
326,0,0,636363,0,absolute,node,11093,-1,-2,562
327,0,0,636363,0,absolute,node,19583,-1,1,562
328,0,0,636363,0,absolute,node,22335,-1,-1,562
329,0,0,636363,0,absolute,node,25096,-1,1,562
330,0,0,636363,0,absolute,node,17845,-1,-1,562
331,0,0,636363,0,absolute,node,22213,-1,1,562
332,0,0,636363,0,absolute,node,19577,-1,-1,562
333,0,0,636363,0,absolute,node,18056,-1,3,562
334,0,0,636363,0,absolute,node,22074,-1,-3,562
335,0,0,636363,0,absolute,node,2903,-1,2,562
336,0,0,636363,0,absolute,node,23417,-1,-2,562
337,0,0,727272,0,absolute,node,24295,-1,2,562
338,0,0,727272,0,absolute,node,23682,-1,-2,562
339,0,0,727272,0,absolute,node,3352,-1,2,562
340,0,0,727272,0,absolute,node,19697,-1,-2,562
341,0,0,727272,0,absolute,node,5486,-1,4,562
342,0,0,727272,0,absolute,node,25096,-1,-4,562
343,0,0,727272,0,absolute,node,7969,-1,3,562
344,0,0,727272,0,absolute,node,14894,-1,-3,562
345,0,0,727272,0,absolute,node,17842,-1,1,562
346,0,0,727272,0,absolute,node,19487,-1,-1,562
347,0,0,727272,0,absolute,node,24108,-1,1,562
348,0,0,727272,0,absolute,node,19487,-1,-1,562
349,0,0,727272,0,absolute,node,21462,-1,1,562
350,0,0,727272,0,absolute,node,15463,-1,-1,562
351,0,0,727272,0,absolute,node,15788,-1,1,562
352,0,0,727272,0,absolute,node,2375,-1,-1,562
353,0,0,727272,0,absolute,node,24100,-1,1,562
354,0,0,727272,0,absolute,node,24319,-1,-1,562
355,0,0,727272,0,absolute,node,10601,-1,2,562
356,0,0,727272,0,absolute,node,11855,-1,-2,562
357,0,0,727272,0,absolute,node,21882,-1,1,562
358,0,0,727272,0,absolute,node,15463,-1,-1,562
359,0,0,727272,0,absolute,node,19779,-1,1,562
360,0,0,727272,0,absolute,node,24319,-1,-1,562
361,0,0,727272,0,absolute,node,19583,-1,2,562
362,0,0,727272,0,absolute,node,10096,-1,-2,562
363,0,0,727272,0,absolute,node,25751,-1,1,562
364,0,0,727272,0,absolute,node,24942,-1,-1,562
365,0,0,727272,0,absolute,node,20316,-1,2,562
366,0,0,727272,0,absolute,node,21101,-1,-2,562
367,0,0,727272,0,absolute,node,21693,-1,2,562
368,0,0,727272,0,absolute,node,9542,-1,-2,562
369,0,0,727272,0,absolute,node,13030,-1,1,562
370,0,0,727272,0,absolute,node,2903,-1,-1,562
371,0,0,727272,0,absolute,node,22776,-1,1,562
372,0,0,727272,0,absolute,node,16908,-1,-1,562
373,0,0,727272,0,absolute,node,10328,-1,1,562
374,0,0,727272,0,absolute,node,24319,-1,-1,562
375,0,0,727272,0,absolute,node,23417,-1,1,562
376,0,0,727272,0,absolute,node,22335,-1,-1,562
377,0,0,727272,0,absolute,node,14096,-1,1,562
378,0,0,727272,0,absolute,node,9851,-1,-1,562
379,0,0,727272,0,absolute,node,9670,-1,4,562
380,0,0,727272,0,absolute,node,17193,-1,-4,562
381,0,0,727272,0,absolute,node,6652,-1,1,562
382,0,0,727272,0,absolute,node,9918,-1,-1,562
383,0,0,727272,0,absolute,node,11093,-1,2,562
384,0,0,727272,0,absolute,node,19487,-1,-2,562
385,0,0,818181,0,absolute,node,11945,-1,2,562
386,0,0,818181,0,absolute,node,5486,-1,-2,562
387,0,0,818181,0,absolute,node,1796,-1,1,562
388,0,0,818181,0,absolute,node,9851,-1,-1,562
389,0,0,818181,0,absolute,node,18779,-1,3,562
390,0,0,818181,0,absolute,node,10503,-1,-3,562
391,0,0,818181,0,absolute,node,3352,-1,2,562
392,0,0,818181,0,absolute,node,3997,-1,-2,562
393,0,0,818181,0,absolute,node,23417,-1,2,562
394,0,0,818181,0,absolute,node,6714,-1,-2,562
395,0,0,818181,0,absolute,node,19694,-1,2,562
396,0,0,818181,0,absolute,node,19458,-1,-2,562
397,0,0,818181,0,absolute,node,21462,-1,1,562
398,0,0,818181,0,absolute,node,14096,-1,-1,562
399,0,0,818181,0,absolute,node,21220,-1,3,562
400,0,0,818181,0,absolute,node,10096,-1,-3,562
401,0,0,818181,0,absolute,node,25096,-1,4,562
402,0,0,818181,0,absolute,node,19487,-1,-4,562
403,0,0,818181,0,absolute,node,22335,-1,2,562
404,0,0,818181,0,absolute,node,9670,-1,-2,562
405,0,0,818181,0,absolute,node,24866,-1,1,562
406,0,0,818181,0,absolute,node,24108,-1,-1,562
407,0,0,818181,0,absolute,node,14066,-1,2,562
408,0,0,818181,0,absolute,node,19697,-1,-2,562
409,0,0,818181,0,absolute,node,5279,-1,1,562
410,0,0,818181,0,absolute,node,24100,-1,-1,562
411,0,0,818181,0,absolute,node,1467,-1,1,562
412,0,0,818181,0,absolute,node,10601,-1,-1,562
413,0,0,818181,0,absolute,node,10984,-1,2,562
414,0,0,818181,0,absolute,node,22776,-1,-2,562
415,0,0,818181,0,absolute,node,2359,-1,3,562
416,0,0,818181,0,absolute,node,9236,-1,-3,562
417,0,0,818181,0,absolute,node,24842,-1,1,562
418,0,0,818181,0,absolute,node,21101,-1,-1,562
419,0,0,818181,0,absolute,node,7969,-1,1,562
420,0,0,818181,0,absolute,node,14584,-1,-1,562
421,0,0,818181,0,absolute,node,18056,-1,1,562
422,0,0,818181,0,absolute,node,13030,-1,-1,562
423,0,0,818181,0,absolute,node,7081,-1,3,562
424,0,0,818181,0,absolute,node,15788,-1,-3,562
425,0,0,818181,0,absolute,node,25024,-1,1,562
426,0,0,818181,0,absolute,node,10433,-1,-1,562
427,0,0,818181,0,absolute,node,14894,-1,1,562
428,0,0,818181,0,absolute,node,9675,-1,-1,562
429,0,0,818181,0,absolute,node,9918,-1,1,562
430,0,0,818181,0,absolute,node,19697,-1,-1,562
431,0,0,818181,0,absolute,node,8527,-1,1,562
432,0,0,818181,0,absolute,node,5058,-1,-1,562
433,0,0,909090,0,absolute,node,24842,-1,1,562
434,0,0,909090,0,absolute,node,24108,-1,-1,562
435,0,0,909090,0,absolute,node,25096,-1,1,562
436,0,0,909090,0,absolute,node,14096,-1,-1,562
437,0,0,909090,0,absolute,node,16464,-1,1,562
438,0,0,909090,0,absolute,node,14096,-1,-1,562
439,0,0,909090,0,absolute,node,2548,-1,3,562
440,0,0,909090,0,absolute,node,7969,-1,-3,562
441,0,0,909090,0,absolute,node,21520,-1,3,562
442,0,0,909090,0,absolute,node,21693,-1,-3,562
443,0,0,909090,0,absolute,node,22776,-1,4,562
444,0,0,909090,0,absolute,node,25024,-1,-4,562
445,0,0,909090,0,absolute,node,21220,-1,1,562
446,0,0,909090,0,absolute,node,24100,-1,-1,562
447,0,0,909090,0,absolute,node,11855,-1,1,562
448,0,0,909090,0,absolute,node,6714,-1,-1,562
449,0,0,909090,0,absolute,node,9851,-1,3,562
450,0,0,909090,0,absolute,node,18056,-1,-3,562
451,0,0,909090,0,absolute,node,3352,-1,1,562
452,0,0,909090,0,absolute,node,24295,-1,-1,562
453,0,0,909090,0,absolute,node,19577,-1,1,562
454,0,0,909090,0,absolute,node,14584,-1,-1,562
455,0,0,909090,0,absolute,node,2359,-1,2,562
456,0,0,909090,0,absolute,node,20427,-1,-2,562
457,0,0,909090,0,absolute,node,9670,-1,1,562
458,0,0,909090,0,absolute,node,10601,-1,-1,562
459,0,0,909090,0,absolute,node,17845,-1,1,562
460,0,0,909090,0,absolute,node,17842,-1,-1,562
461,0,0,909090,0,absolute,node,7081,-1,1,562
462,0,0,909090,0,absolute,node,17193,-1,-1,562
463,0,0,909090,0,absolute,node,22074,-1,1,562
464,0,0,909090,0,absolute,node,11093,-1,-1,562
465,0,0,909090,0,absolute,node,10503,-1,3,562
466,0,0,909090,0,absolute,node,14066,-1,-3,562
467,0,0,909090,0,absolute,node,6652,-1,2,562
468,0,0,909090,0,absolute,node,5058,-1,-2,562
469,0,0,909090,0,absolute,node,24942,-1,2,562
470,0,0,909090,0,absolute,node,6714,-1,-2,562
471,0,0,909090,0,absolute,node,8527,-1,2,562
472,0,0,909090,0,absolute,node,5047,-1,-2,562
473,0,0,909090,0,absolute,node,11945,-1,2,562
474,0,0,909090,0,absolute,node,9577,-1,-2,562
475,0,0,909090,0,absolute,node,25751,-1,1,562
476,0,0,909090,0,absolute,node,24295,-1,-1,562
477,0,0,909090,0,absolute,node,2375,-1,1,562
478,0,0,909090,0,absolute,node,15788,-1,-1,562
479,0,0,909090,0,absolute,node,22213,-1,4,562
480,0,0,909090,0,absolute,node,10096,-1,-4,562
