changeID,absoluteTime,evaluation,bitVector,distanceEvaluation,typeOfChange,affected,affectedID1,affectedID2,change,totalAfterChange
0,0,0,0,0,,,-1,-1,0,521
1,0,0,38461,0,absolute,node,106966,-1,1,521
2,0,0,38461,0,absolute,node,117203,-1,-1,521
3,0,0,38461,0,absolute,node,53573,-1,1,521
4,0,0,38461,0,absolute,node,39028,-1,-1,521
5,0,0,38461,0,absolute,node,210590,-1,1,521
6,0,0,38461,0,absolute,node,206379,-1,-1,521
7,0,0,38461,0,absolute,node,1408,-1,4,521
8,0,0,38461,0,absolute,node,55912,-1,-4,521
9,0,0,38461,0,absolute,node,191033,-1,1,521
10,0,0,38461,0,absolute,node,11322,-1,-1,521
11,0,0,38461,0,absolute,node,42826,-1,5,521
12,0,0,38461,0,absolute,node,24394,-1,-5,521
13,0,0,38461,0,absolute,node,32278,-1,3,521
14,0,0,38461,0,absolute,node,167806,-1,-3,521
15,0,0,38461,0,absolute,node,87033,-1,1,521
16,0,0,38461,0,absolute,node,144856,-1,-1,521
17,0,0,38461,0,absolute,node,52756,-1,2,521
18,0,0,38461,0,absolute,node,87100,-1,-2,521
19,0,0,38461,0,absolute,node,69420,-1,1,521
20,0,0,38461,0,absolute,node,140569,-1,-1,521
21,0,0,38461,0,absolute,node,186701,-1,1,521
22,0,0,38461,0,absolute,node,14420,-1,-1,521
23,0,0,38461,0,absolute,node,91433,-1,2,521
24,0,0,38461,0,absolute,node,25479,-1,-2,521
25,0,0,38461,0,absolute,node,182998,-1,1,521
26,0,0,38461,0,absolute,node,52853,-1,-1,521
27,0,0,38461,0,absolute,node,154007,-1,1,521
28,0,0,38461,0,absolute,node,62965,-1,-1,521
29,0,0,38461,0,absolute,node,20290,-1,1,521
30,0,0,38461,0,absolute,node,29757,-1,-1,521
31,0,0,38461,0,absolute,node,8103,-1,1,521
32,0,0,38461,0,absolute,node,206379,-1,-1,521
33,0,0,38461,0,absolute,node,165680,-1,2,521
34,0,0,38461,0,absolute,node,171483,-1,-2,521
35,0,0,38461,0,absolute,node,206663,-1,1,521
36,0,0,38461,0,absolute,node,153787,-1,-1,521
37,0,0,38461,0,absolute,node,163010,-1,1,521
38,0,0,38461,0,absolute,node,189364,-1,-1,521
39,0,0,38461,0,absolute,node,19117,-1,1,521
40,0,0,38461,0,absolute,node,117203,-1,-1,521
41,0,0,38461,0,absolute,node,131893,-1,2,521
42,0,0,38461,0,absolute,node,147922,-1,-2,521
43,0,0,38461,0,absolute,node,17037,-1,1,521
44,0,0,38461,0,absolute,node,52245,-1,-1,521
45,0,0,38461,0,absolute,node,158495,-1,1,521
46,0,0,38461,0,absolute,node,141438,-1,-1,521
47,0,0,38461,0,absolute,node,138338,-1,2,521
48,0,0,38461,0,absolute,node,128868,-1,-2,521
49,0,0,76923,0,absolute,node,154007,-1,4,521
50,0,0,76923,0,absolute,node,106966,-1,-4,521
51,0,0,76923,0,absolute,node,170819,-1,2,521
52,0,0,76923,0,absolute,node,191033,-1,-2,521
53,0,0,76923,0,absolute,node,207885,-1,1,521
54,0,0,76923,0,absolute,node,1408,-1,-1,521
55,0,0,76923,0,absolute,node,24394,-1,4,521
56,0,0,76923,0,absolute,node,19117,-1,-4,521
57,0,0,76923,0,absolute,node,173513,-1,2,521
58,0,0,76923,0,absolute,node,39028,-1,-2,521
59,0,0,76923,0,absolute,node,20476,-1,2,521
60,0,0,76923,0,absolute,node,159833,-1,-2,521
61,0,0,76923,0,absolute,node,167806,-1,1,521
62,0,0,76923,0,absolute,node,55573,-1,-1,521
63,0,0,76923,0,absolute,node,130098,-1,1,521
64,0,0,76923,0,absolute,node,159833,-1,-1,521
65,0,0,76923,0,absolute,node,37269,-1,1,521
66,0,0,76923,0,absolute,node,8662,-1,-1,521
67,0,0,76923,0,absolute,node,138338,-1,5,521
68,0,0,76923,0,absolute,node,55573,-1,-5,521
69,0,0,76923,0,absolute,node,196073,-1,1,521
70,0,0,76923,0,absolute,node,42826,-1,-1,521
71,0,0,76923,0,absolute,node,183912,-1,2,521
72,0,0,76923,0,absolute,node,206663,-1,-2,521
73,0,0,76923,0,absolute,node,126263,-1,2,521
74,0,0,76923,0,absolute,node,52245,-1,-2,521
75,0,0,76923,0,absolute,node,210351,-1,1,521
76,0,0,76923,0,absolute,node,189534,-1,-1,521
77,0,0,76923,0,absolute,node,145672,-1,1,521
78,0,0,76923,0,absolute,node,55721,-1,-1,521
79,0,0,76923,0,absolute,node,153787,-1,1,521
80,0,0,76923,0,absolute,node,42076,-1,-1,521
81,0,0,76923,0,absolute,node,20290,-1,1,521
82,0,0,76923,0,absolute,node,186701,-1,-1,521
83,0,0,76923,0,absolute,node,123578,-1,2,521
84,0,0,76923,0,absolute,node,1568,-1,-2,521
85,0,0,76923,0,absolute,node,101040,-1,1,521
86,0,0,76923,0,absolute,node,58529,-1,-1,521
87,0,0,76923,0,absolute,node,144856,-1,1,521
88,0,0,76923,0,absolute,node,44970,-1,-1,521
89,0,0,76923,0,absolute,node,189364,-1,1,521
90,0,0,76923,0,absolute,node,52853,-1,-1,521
91,0,0,76923,0,absolute,node,123811,-1,3,521
92,0,0,76923,0,absolute,node,141530,-1,-3,521
93,0,0,76923,0,absolute,node,154759,-1,1,521
94,0,0,76923,0,absolute,node,140569,-1,-1,521
95,0,0,76923,0,absolute,node,32278,-1,3,521
96,0,0,76923,0,absolute,node,106966,-1,-3,521
97,0,0,115384,0,absolute,node,10769,-1,1,521
98,0,0,115384,0,absolute,node,127465,-1,-1,521
99,0,0,115384,0,absolute,node,163010,-1,1,521
100,0,0,115384,0,absolute,node,158495,-1,-1,521
101,0,0,115384,0,absolute,node,189534,-1,2,521
102,0,0,115384,0,absolute,node,192970,-1,-2,521
103,0,0,115384,0,absolute,node,58529,-1,2,521
104,0,0,115384,0,absolute,node,173513,-1,-2,521
105,0,0,115384,0,absolute,node,182998,-1,3,521
106,0,0,115384,0,absolute,node,196073,-1,-3,521
107,0,0,115384,0,absolute,node,154759,-1,2,521
108,0,0,115384,0,absolute,node,46592,-1,-2,521
109,0,0,115384,0,absolute,node,52756,-1,1,521
110,0,0,115384,0,absolute,node,158495,-1,-1,521
111,0,0,115384,0,absolute,node,53573,-1,1,521
112,0,0,115384,0,absolute,node,55721,-1,-1,521
113,0,0,115384,0,absolute,node,126263,-1,1,521
114,0,0,115384,0,absolute,node,153787,-1,-1,521
115,0,0,115384,0,absolute,node,147922,-1,1,521
116,0,0,115384,0,absolute,node,138338,-1,-1,521
117,0,0,115384,0,absolute,node,52245,-1,3,521
118,0,0,115384,0,absolute,node,153787,-1,-3,521
119,0,0,115384,0,absolute,node,24394,-1,1,521
120,0,0,115384,0,absolute,node,101040,-1,-1,521
121,0,0,115384,0,absolute,node,201533,-1,1,521
122,0,0,115384,0,absolute,node,42826,-1,-1,521
123,0,0,115384,0,absolute,node,206663,-1,1,521
124,0,0,115384,0,absolute,node,38373,-1,-1,521
125,0,0,115384,0,absolute,node,2951,-1,3,521
126,0,0,115384,0,absolute,node,140323,-1,-3,521
127,0,0,115384,0,absolute,node,191033,-1,2,521
128,0,0,115384,0,absolute,node,44970,-1,-2,521
129,0,0,115384,0,absolute,node,128069,-1,3,521
130,0,0,115384,0,absolute,node,186701,-1,-3,521
131,0,0,115384,0,absolute,node,106966,-1,2,521
132,0,0,115384,0,absolute,node,38373,-1,-2,521
133,0,0,115384,0,absolute,node,25479,-1,2,521
134,0,0,115384,0,absolute,node,171483,-1,-2,521
135,0,0,115384,0,absolute,node,11322,-1,1,521
136,0,0,115384,0,absolute,node,42076,-1,-1,521
137,0,0,115384,0,absolute,node,206379,-1,3,521
138,0,0,115384,0,absolute,node,18508,-1,-3,521
139,0,0,115384,0,absolute,node,37269,-1,1,521
140,0,0,115384,0,absolute,node,42751,-1,-1,521
141,0,0,115384,0,absolute,node,123578,-1,1,521
142,0,0,115384,0,absolute,node,39028,-1,-1,521
143,0,0,115384,0,absolute,node,8103,-1,1,521
144,0,0,115384,0,absolute,node,62965,-1,-1,521
145,0,0,153846,0,absolute,node,190136,-1,1,521
146,0,0,153846,0,absolute,node,200416,-1,-1,521
147,0,0,153846,0,absolute,node,18508,-1,1,521
148,0,0,153846,0,absolute,node,20290,-1,-1,521
149,0,0,153846,0,absolute,node,206379,-1,1,521
150,0,0,153846,0,absolute,node,20476,-1,-1,521
151,0,0,153846,0,absolute,node,154759,-1,4,521
152,0,0,153846,0,absolute,node,191033,-1,-4,521
153,0,0,153846,0,absolute,node,52756,-1,1,521
154,0,0,153846,0,absolute,node,126263,-1,-1,521
155,0,0,153846,0,absolute,node,206663,-1,2,521
156,0,0,153846,0,absolute,node,155855,-1,-2,521
157,0,0,153846,0,absolute,node,52853,-1,4,521
158,0,0,153846,0,absolute,node,106966,-1,-4,521
159,0,0,153846,0,absolute,node,69420,-1,2,521
160,0,0,153846,0,absolute,node,155855,-1,-2,521
161,0,0,153846,0,absolute,node,201533,-1,4,521
162,0,0,153846,0,absolute,node,145672,-1,-4,521
163,0,0,153846,0,absolute,node,39028,-1,3,521
164,0,0,153846,0,absolute,node,1568,-1,-3,521
165,0,0,153846,0,absolute,node,128069,-1,3,521
166,0,0,153846,0,absolute,node,192970,-1,-3,521
167,0,0,153846,0,absolute,node,130098,-1,2,521
168,0,0,153846,0,absolute,node,147922,-1,-2,521
169,0,0,153846,0,absolute,node,104038,-1,2,521
170,0,0,153846,0,absolute,node,181377,-1,-2,521
171,0,0,153846,0,absolute,node,32278,-1,1,521
172,0,0,153846,0,absolute,node,111217,-1,-1,521
173,0,0,153846,0,absolute,node,123578,-1,1,521
174,0,0,153846,0,absolute,node,55573,-1,-1,521
175,0,0,153846,0,absolute,node,189534,-1,4,521
176,0,0,153846,0,absolute,node,2951,-1,-4,521
177,0,0,153846,0,absolute,node,101040,-1,1,521
178,0,0,153846,0,absolute,node,181377,-1,-1,521
179,0,0,153846,0,absolute,node,165327,-1,1,521
180,0,0,153846,0,absolute,node,58529,-1,-1,521
181,0,0,153846,0,absolute,node,210351,-1,1,521
182,0,0,153846,0,absolute,node,42826,-1,-1,521
183,0,0,153846,0,absolute,node,182998,-1,1,521
184,0,0,153846,0,absolute,node,123811,-1,-1,521
185,0,0,153846,0,absolute,node,91433,-1,5,521
186,0,0,153846,0,absolute,node,154007,-1,-5,521
187,0,0,153846,0,absolute,node,141530,-1,2,521
188,0,0,153846,0,absolute,node,155855,-1,-2,521
189,0,0,153846,0,absolute,node,14420,-1,1,521
190,0,0,153846,0,absolute,node,58529,-1,-1,521
191,0,0,153846,0,absolute,node,83571,-1,3,521
192,0,0,153846,0,absolute,node,207885,-1,-3,521
193,0,0,192307,0,absolute,node,104038,-1,1,521
194,0,0,192307,0,absolute,node,159833,-1,-1,521
195,0,0,192307,0,absolute,node,62965,-1,4,521
196,0,0,192307,0,absolute,node,53573,-1,-4,521
197,0,0,192307,0,absolute,node,171483,-1,1,521
198,0,0,192307,0,absolute,node,123578,-1,-1,521
199,0,0,192307,0,absolute,node,18508,-1,4,521
200,0,0,192307,0,absolute,node,46592,-1,-4,521
201,0,0,192307,0,absolute,node,170819,-1,2,521
202,0,0,192307,0,absolute,node,1408,-1,-2,521
203,0,0,192307,0,absolute,node,210590,-1,5,521
204,0,0,192307,0,absolute,node,2951,-1,-5,521
205,0,0,192307,0,absolute,node,8103,-1,3,521
206,0,0,192307,0,absolute,node,87033,-1,-3,521
207,0,0,192307,0,absolute,node,132982,-1,1,521
208,0,0,192307,0,absolute,node,91433,-1,-1,521
209,0,0,192307,0,absolute,node,117203,-1,2,521
210,0,0,192307,0,absolute,node,128868,-1,-2,521
211,0,0,192307,0,absolute,node,42751,-1,1,521
212,0,0,192307,0,absolute,node,56335,-1,-1,521
213,0,0,192307,0,absolute,node,38373,-1,2,521
214,0,0,192307,0,absolute,node,137817,-1,-2,521
215,0,0,192307,0,absolute,node,10769,-1,2,521
216,0,0,192307,0,absolute,node,163010,-1,-2,521
217,0,0,192307,0,absolute,node,8662,-1,1,521
218,0,0,192307,0,absolute,node,128069,-1,-1,521
219,0,0,192307,0,absolute,node,200416,-1,3,521
220,0,0,192307,0,absolute,node,162272,-1,-3,521
221,0,0,192307,0,absolute,node,18026,-1,3,521
222,0,0,192307,0,absolute,node,166003,-1,-3,521
223,0,0,192307,0,absolute,node,126263,-1,1,521
224,0,0,192307,0,absolute,node,181377,-1,-1,521
225,0,0,192307,0,absolute,node,83571,-1,1,521
226,0,0,192307,0,absolute,node,153787,-1,-1,521
227,0,0,192307,0,absolute,node,87100,-1,1,521
228,0,0,192307,0,absolute,node,206663,-1,-1,521
229,0,0,192307,0,absolute,node,207885,-1,1,521
230,0,0,192307,0,absolute,node,42826,-1,-1,521
231,0,0,192307,0,absolute,node,165680,-1,1,521
232,0,0,192307,0,absolute,node,42076,-1,-1,521
233,0,0,192307,0,absolute,node,55573,-1,2,521
234,0,0,192307,0,absolute,node,196073,-1,-2,521
235,0,0,192307,0,absolute,node,210351,-1,2,521
236,0,0,192307,0,absolute,node,173513,-1,-2,521
237,0,0,192307,0,absolute,node,17037,-1,1,521
238,0,0,192307,0,absolute,node,198588,-1,-1,521
239,0,0,192307,0,absolute,node,141438,-1,1,521
240,0,0,192307,0,absolute,node,182998,-1,-1,521
241,0,0,230769,0,absolute,node,123811,-1,1,521
242,0,0,230769,0,absolute,node,42826,-1,-1,521
243,0,0,230769,0,absolute,node,104038,-1,1,521
244,0,0,230769,0,absolute,node,58529,-1,-1,521
245,0,0,230769,0,absolute,node,42076,-1,1,521
246,0,0,230769,0,absolute,node,56335,-1,-1,521
247,0,0,230769,0,absolute,node,200416,-1,2,521
248,0,0,230769,0,absolute,node,207885,-1,-2,521
249,0,0,230769,0,absolute,node,183912,-1,2,521
250,0,0,230769,0,absolute,node,101040,-1,-2,521
251,0,0,230769,0,absolute,node,42751,-1,1,521
252,0,0,230769,0,absolute,node,123578,-1,-1,521
253,0,0,230769,0,absolute,node,159833,-1,2,521
254,0,0,230769,0,absolute,node,140323,-1,-2,521
255,0,0,230769,0,absolute,node,1408,-1,1,521
256,0,0,230769,0,absolute,node,162272,-1,-1,521
257,0,0,230769,0,absolute,node,87033,-1,1,521
258,0,0,230769,0,absolute,node,52245,-1,-1,521
259,0,0,230769,0,absolute,node,165680,-1,1,521
260,0,0,230769,0,absolute,node,155855,-1,-1,521
261,0,0,230769,0,absolute,node,181377,-1,1,521
262,0,0,230769,0,absolute,node,189534,-1,-1,521
263,0,0,230769,0,absolute,node,55573,-1,3,521
264,0,0,230769,0,absolute,node,25479,-1,-3,521
265,0,0,230769,0,absolute,node,206379,-1,2,521
266,0,0,230769,0,absolute,node,210351,-1,-2,521
267,0,0,230769,0,absolute,node,189364,-1,1,521
268,0,0,230769,0,absolute,node,10769,-1,-1,521
269,0,0,230769,0,absolute,node,11322,-1,2,521
270,0,0,230769,0,absolute,node,137817,-1,-2,521
271,0,0,230769,0,absolute,node,206663,-1,1,521
272,0,0,230769,0,absolute,node,19117,-1,-1,521
273,0,0,230769,0,absolute,node,201533,-1,3,521
274,0,0,230769,0,absolute,node,165327,-1,-3,521
275,0,0,230769,0,absolute,node,91433,-1,3,521
276,0,0,230769,0,absolute,node,141530,-1,-3,521
277,0,0,230769,0,absolute,node,1568,-1,3,521
278,0,0,230769,0,absolute,node,19117,-1,-3,521
279,0,0,230769,0,absolute,node,52756,-1,2,521
280,0,0,230769,0,absolute,node,25479,-1,-2,521
281,0,0,230769,0,absolute,node,128069,-1,1,521
282,0,0,230769,0,absolute,node,8103,-1,-1,521
283,0,0,230769,0,absolute,node,130098,-1,2,521
284,0,0,230769,0,absolute,node,83571,-1,-2,521
285,0,0,230769,0,absolute,node,131893,-1,5,521
286,0,0,230769,0,absolute,node,191033,-1,-5,521
287,0,0,230769,0,absolute,node,20290,-1,2,521
288,0,0,230769,0,absolute,node,127465,-1,-2,521
289,0,0,269230,0,absolute,node,192970,-1,1,521
290,0,0,269230,0,absolute,node,52853,-1,-1,521
291,0,0,269230,0,absolute,node,18026,-1,5,521
292,0,0,269230,0,absolute,node,24394,-1,-5,521
293,0,0,269230,0,absolute,node,140569,-1,2,521
294,0,0,269230,0,absolute,node,24394,-1,-2,521
295,0,0,269230,0,absolute,node,144856,-1,2,521
296,0,0,269230,0,absolute,node,137817,-1,-2,521
297,0,0,269230,0,absolute,node,1408,-1,1,521
298,0,0,269230,0,absolute,node,154759,-1,-1,521
299,0,0,269230,0,absolute,node,207885,-1,3,521
300,0,0,269230,0,absolute,node,128069,-1,-3,521
301,0,0,269230,0,absolute,node,183912,-1,3,521
302,0,0,269230,0,absolute,node,52245,-1,-3,521
303,0,0,269230,0,absolute,node,42826,-1,2,521
304,0,0,269230,0,absolute,node,182998,-1,-2,521
305,0,0,269230,0,absolute,node,154007,-1,2,521
306,0,0,269230,0,absolute,node,131893,-1,-2,521
307,0,0,269230,0,absolute,node,2951,-1,1,521
308,0,0,269230,0,absolute,node,20290,-1,-1,521
309,0,0,269230,0,absolute,node,8103,-1,1,521
310,0,0,269230,0,absolute,node,123578,-1,-1,521
311,0,0,269230,0,absolute,node,38373,-1,1,521
312,0,0,269230,0,absolute,node,18508,-1,-1,521
313,0,0,269230,0,absolute,node,163010,-1,1,521
314,0,0,269230,0,absolute,node,170819,-1,-1,521
315,0,0,269230,0,absolute,node,173513,-1,2,521
316,0,0,269230,0,absolute,node,159833,-1,-2,521
317,0,0,269230,0,absolute,node,46592,-1,3,521
318,0,0,269230,0,absolute,node,11401,-1,-3,521
319,0,0,269230,0,absolute,node,130098,-1,3,521
320,0,0,269230,0,absolute,node,186701,-1,-3,521
321,0,0,269230,0,absolute,node,181377,-1,1,521
322,0,0,269230,0,absolute,node,42751,-1,-1,521
323,0,0,269230,0,absolute,node,171483,-1,2,521
324,0,0,269230,0,absolute,node,42751,-1,-2,521
325,0,0,269230,0,absolute,node,201533,-1,1,521
326,0,0,269230,0,absolute,node,52756,-1,-1,521
327,0,0,269230,0,absolute,node,58529,-1,1,521
328,0,0,269230,0,absolute,node,32278,-1,-1,521
329,0,0,269230,0,absolute,node,42076,-1,4,521
330,0,0,269230,0,absolute,node,42751,-1,-4,521
331,0,0,269230,0,absolute,node,158495,-1,2,521
332,0,0,269230,0,absolute,node,131893,-1,-2,521
333,0,0,269230,0,absolute,node,117203,-1,4,521
334,0,0,269230,0,absolute,node,53573,-1,-4,521
335,0,0,269230,0,absolute,node,17037,-1,2,521
336,0,0,269230,0,absolute,node,83571,-1,-2,521
337,0,0,307692,0,absolute,node,166003,-1,1,521
338,0,0,307692,0,absolute,node,32278,-1,-1,521
339,0,0,307692,0,absolute,node,155855,-1,3,521
340,0,0,307692,0,absolute,node,1568,-1,-3,521
341,0,0,307692,0,absolute,node,11322,-1,2,521
342,0,0,307692,0,absolute,node,91433,-1,-2,521
343,0,0,307692,0,absolute,node,52756,-1,1,521
344,0,0,307692,0,absolute,node,191033,-1,-1,521
345,0,0,307692,0,absolute,node,25479,-1,1,521
346,0,0,307692,0,absolute,node,190136,-1,-1,521
347,0,0,307692,0,absolute,node,131893,-1,3,521
348,0,0,307692,0,absolute,node,1568,-1,-3,521
349,0,0,307692,0,absolute,node,186701,-1,1,521
350,0,0,307692,0,absolute,node,32278,-1,-1,521
351,0,0,307692,0,absolute,node,140323,-1,1,521
352,0,0,307692,0,absolute,node,52853,-1,-1,521
353,0,0,307692,0,absolute,node,14420,-1,1,521
354,0,0,307692,0,absolute,node,111217,-1,-1,521
355,0,0,307692,0,absolute,node,52245,-1,1,521
356,0,0,307692,0,absolute,node,37269,-1,-1,521
357,0,0,307692,0,absolute,node,46592,-1,1,521
358,0,0,307692,0,absolute,node,62965,-1,-1,521
359,0,0,307692,0,absolute,node,117203,-1,1,521
360,0,0,307692,0,absolute,node,42826,-1,-1,521
361,0,0,307692,0,absolute,node,56335,-1,2,521
362,0,0,307692,0,absolute,node,101040,-1,-2,521
363,0,0,307692,0,absolute,node,210351,-1,3,521
364,0,0,307692,0,absolute,node,192970,-1,-3,521
365,0,0,307692,0,absolute,node,1408,-1,1,521
366,0,0,307692,0,absolute,node,206663,-1,-1,521
367,0,0,307692,0,absolute,node,20476,-1,3,521
368,0,0,307692,0,absolute,node,154007,-1,-3,521
369,0,0,307692,0,absolute,node,147922,-1,2,521
370,0,0,307692,0,absolute,node,42751,-1,-2,521
371,0,0,307692,0,absolute,node,132982,-1,2,521
372,0,0,307692,0,absolute,node,123578,-1,-2,521
373,0,0,307692,0,absolute,node,55573,-1,2,521
374,0,0,307692,0,absolute,node,18026,-1,-2,521
375,0,0,307692,0,absolute,node,87100,-1,1,521
376,0,0,307692,0,absolute,node,190136,-1,-1,521
377,0,0,307692,0,absolute,node,29757,-1,1,521
378,0,0,307692,0,absolute,node,190136,-1,-1,521
379,0,0,307692,0,absolute,node,207885,-1,3,521
380,0,0,307692,0,absolute,node,165680,-1,-3,521
381,0,0,307692,0,absolute,node,154759,-1,2,521
382,0,0,307692,0,absolute,node,128069,-1,-2,521
383,0,0,307692,0,absolute,node,138338,-1,1,521
384,0,0,307692,0,absolute,node,140569,-1,-1,521
385,0,0,346153,0,absolute,node,165327,-1,2,521
386,0,0,346153,0,absolute,node,128069,-1,-2,521
387,0,0,346153,0,absolute,node,2951,-1,2,521
388,0,0,346153,0,absolute,node,210590,-1,-2,521
389,0,0,346153,0,absolute,node,153787,-1,1,521
390,0,0,346153,0,absolute,node,83571,-1,-1,521
391,0,0,346153,0,absolute,node,198588,-1,1,521
392,0,0,346153,0,absolute,node,56335,-1,-1,521
393,0,0,346153,0,absolute,node,159833,-1,1,521
394,0,0,346153,0,absolute,node,166003,-1,-1,521
395,0,0,346153,0,absolute,node,165680,-1,1,521
396,0,0,346153,0,absolute,node,58529,-1,-1,521
397,0,0,346153,0,absolute,node,141438,-1,1,521
398,0,0,346153,0,absolute,node,56335,-1,-1,521
399,0,0,346153,0,absolute,node,182998,-1,3,521
400,0,0,346153,0,absolute,node,8103,-1,-3,521
401,0,0,346153,0,absolute,node,141530,-1,1,521
402,0,0,346153,0,absolute,node,11322,-1,-1,521
403,0,0,346153,0,absolute,node,154759,-1,1,521
404,0,0,346153,0,absolute,node,131893,-1,-1,521
405,0,0,346153,0,absolute,node,163010,-1,1,521
406,0,0,346153,0,absolute,node,170819,-1,-1,521
407,0,0,346153,0,absolute,node,171483,-1,1,521
408,0,0,346153,0,absolute,node,191033,-1,-1,521
409,0,0,346153,0,absolute,node,127465,-1,1,521
410,0,0,346153,0,absolute,node,39028,-1,-1,521
411,0,0,346153,0,absolute,node,189364,-1,2,521
412,0,0,346153,0,absolute,node,128069,-1,-2,521
413,0,0,346153,0,absolute,node,154007,-1,2,521
414,0,0,346153,0,absolute,node,147922,-1,-2,521
415,0,0,346153,0,absolute,node,173513,-1,1,521
416,0,0,346153,0,absolute,node,140569,-1,-1,521
417,0,0,346153,0,absolute,node,1568,-1,2,521
418,0,0,346153,0,absolute,node,210590,-1,-2,521
419,0,0,346153,0,absolute,node,55912,-1,1,521
420,0,0,346153,0,absolute,node,14420,-1,-1,521
421,0,0,346153,0,absolute,node,18508,-1,1,521
422,0,0,346153,0,absolute,node,158495,-1,-1,521
423,0,0,346153,0,absolute,node,206379,-1,1,521
424,0,0,346153,0,absolute,node,69420,-1,-1,521
425,0,0,346153,0,absolute,node,17037,-1,1,521
426,0,0,346153,0,absolute,node,69420,-1,-1,521
427,0,0,346153,0,absolute,node,196073,-1,1,521
428,0,0,346153,0,absolute,node,158495,-1,-1,521
429,0,0,346153,0,absolute,node,200416,-1,1,521
430,0,0,346153,0,absolute,node,83571,-1,-1,521
431,0,0,346153,0,absolute,node,207885,-1,2,521
432,0,0,346153,0,absolute,node,8662,-1,-2,521
433,0,0,384615,0,absolute,node,10769,-1,1,521
434,0,0,384615,0,absolute,node,154759,-1,-1,521
435,0,0,384615,0,absolute,node,128069,-1,1,521
436,0,0,384615,0,absolute,node,189534,-1,-1,521
437,0,0,384615,0,absolute,node,101040,-1,2,521
438,0,0,384615,0,absolute,node,11401,-1,-2,521
439,0,0,384615,0,absolute,node,201533,-1,1,521
440,0,0,384615,0,absolute,node,132982,-1,-1,521
441,0,0,384615,0,absolute,node,138338,-1,1,521
442,0,0,384615,0,absolute,node,62965,-1,-1,521
443,0,0,384615,0,absolute,node,55912,-1,1,521
444,0,0,384615,0,absolute,node,126263,-1,-1,521
445,0,0,384615,0,absolute,node,39028,-1,1,521
446,0,0,384615,0,absolute,node,198588,-1,-1,521
447,0,0,384615,0,absolute,node,32278,-1,1,521
448,0,0,384615,0,absolute,node,140569,-1,-1,521
449,0,0,384615,0,absolute,node,24394,-1,2,521
450,0,0,384615,0,absolute,node,182998,-1,-2,521
451,0,0,384615,0,absolute,node,147922,-1,4,521
452,0,0,384615,0,absolute,node,25479,-1,-4,521
453,0,0,384615,0,absolute,node,145672,-1,1,521
454,0,0,384615,0,absolute,node,52853,-1,-1,521
455,0,0,384615,0,absolute,node,167806,-1,2,521
456,0,0,384615,0,absolute,node,8662,-1,-2,521
457,0,0,384615,0,absolute,node,42076,-1,2,521
458,0,0,384615,0,absolute,node,18508,-1,-2,521
459,0,0,384615,0,absolute,node,37269,-1,4,521
460,0,0,384615,0,absolute,node,210590,-1,-4,521
461,0,0,384615,0,absolute,node,52245,-1,1,521
462,0,0,384615,0,absolute,node,53573,-1,-1,521
463,0,0,384615,0,absolute,node,9155,-1,2,521
464,0,0,384615,0,absolute,node,173513,-1,-2,521
465,0,0,384615,0,absolute,node,104038,-1,1,521
466,0,0,384615,0,absolute,node,18508,-1,-1,521
467,0,0,384615,0,absolute,node,159833,-1,2,521
468,0,0,384615,0,absolute,node,8103,-1,-2,521
469,0,0,384615,0,absolute,node,154007,-1,1,521
470,0,0,384615,0,absolute,node,14420,-1,-1,521
471,0,0,384615,0,absolute,node,206379,-1,2,521
472,0,0,384615,0,absolute,node,123578,-1,-2,521
473,0,0,384615,0,absolute,node,131893,-1,1,521
474,0,0,384615,0,absolute,node,18508,-1,-1,521
475,0,0,384615,0,absolute,node,207885,-1,1,521
476,0,0,384615,0,absolute,node,189534,-1,-1,521
477,0,0,384615,0,absolute,node,153787,-1,2,521
478,0,0,384615,0,absolute,node,2951,-1,-2,521
479,0,0,384615,0,absolute,node,91433,-1,2,521
480,0,0,384615,0,absolute,node,18026,-1,-2,521
481,0,0,423076,0,absolute,node,20476,-1,1,521
482,0,0,423076,0,absolute,node,25479,-1,-1,521
483,0,0,423076,0,absolute,node,147922,-1,5,521
484,0,0,423076,0,absolute,node,154007,-1,-5,521
485,0,0,423076,0,absolute,node,8103,-1,3,521
486,0,0,423076,0,absolute,node,192970,-1,-3,521
487,0,0,423076,0,absolute,node,9155,-1,1,521
488,0,0,423076,0,absolute,node,117203,-1,-1,521
489,0,0,423076,0,absolute,node,11401,-1,2,521
490,0,0,423076,0,absolute,node,145672,-1,-2,521
491,0,0,423076,0,absolute,node,210590,-1,1,521
492,0,0,423076,0,absolute,node,132982,-1,-1,521
493,0,0,423076,0,absolute,node,170819,-1,1,521
494,0,0,423076,0,absolute,node,206663,-1,-1,521
495,0,0,423076,0,absolute,node,128069,-1,2,521
496,0,0,423076,0,absolute,node,91433,-1,-2,521
497,0,0,423076,0,absolute,node,19117,-1,1,521
498,0,0,423076,0,absolute,node,163010,-1,-1,521
499,0,0,423076,0,absolute,node,29757,-1,2,521
500,0,0,423076,0,absolute,node,101040,-1,-2,521
501,0,0,423076,0,absolute,node,11322,-1,1,521
502,0,0,423076,0,absolute,node,138338,-1,-1,521
503,0,0,423076,0,absolute,node,191033,-1,1,521
504,0,0,423076,0,absolute,node,24394,-1,-1,521
505,0,0,423076,0,absolute,node,165327,-1,1,521
506,0,0,423076,0,absolute,node,144856,-1,-1,521
507,0,0,423076,0,absolute,node,38373,-1,1,521
508,0,0,423076,0,absolute,node,69420,-1,-1,521
509,0,0,423076,0,absolute,node,173513,-1,1,521
510,0,0,423076,0,absolute,node,201533,-1,-1,521
511,0,0,423076,0,absolute,node,154759,-1,4,521
512,0,0,423076,0,absolute,node,24394,-1,-4,521
513,0,0,423076,0,absolute,node,55912,-1,1,521
514,0,0,423076,0,absolute,node,206663,-1,-1,521
515,0,0,423076,0,absolute,node,140323,-1,1,521
516,0,0,423076,0,absolute,node,206379,-1,-1,521
517,0,0,423076,0,absolute,node,189534,-1,1,521
518,0,0,423076,0,absolute,node,18508,-1,-1,521
519,0,0,423076,0,absolute,node,8662,-1,3,521
520,0,0,423076,0,absolute,node,87033,-1,-3,521
521,0,0,423076,0,absolute,node,162272,-1,1,521
522,0,0,423076,0,absolute,node,183912,-1,-1,521
523,0,0,423076,0,absolute,node,137817,-1,2,521
524,0,0,423076,0,absolute,node,155855,-1,-2,521
525,0,0,423076,0,absolute,node,18026,-1,1,521
526,0,0,423076,0,absolute,node,210351,-1,-1,521
527,0,0,423076,0,absolute,node,141530,-1,1,521
528,0,0,423076,0,absolute,node,62965,-1,-1,521
529,0,0,461538,0,absolute,node,29757,-1,1,521
530,0,0,461538,0,absolute,node,141438,-1,-1,521
531,0,0,461538,0,absolute,node,201533,-1,1,521
532,0,0,461538,0,absolute,node,183912,-1,-1,521
533,0,0,461538,0,absolute,node,19117,-1,1,521
534,0,0,461538,0,absolute,node,46592,-1,-1,521
535,0,0,461538,0,absolute,node,126263,-1,3,521
536,0,0,461538,0,absolute,node,145672,-1,-3,521
537,0,0,461538,0,absolute,node,163010,-1,1,521
538,0,0,461538,0,absolute,node,87033,-1,-1,521
539,0,0,461538,0,absolute,node,18508,-1,2,521
540,0,0,461538,0,absolute,node,171483,-1,-2,521
541,0,0,461538,0,absolute,node,53573,-1,2,521
542,0,0,461538,0,absolute,node,1568,-1,-2,521
543,0,0,461538,0,absolute,node,154759,-1,1,521
544,0,0,461538,0,absolute,node,189364,-1,-1,521
545,0,0,461538,0,absolute,node,191033,-1,2,521
546,0,0,461538,0,absolute,node,8662,-1,-2,521
547,0,0,461538,0,absolute,node,130098,-1,1,521
548,0,0,461538,0,absolute,node,42826,-1,-1,521
549,0,0,461538,0,absolute,node,62965,-1,1,521
550,0,0,461538,0,absolute,node,181377,-1,-1,521
551,0,0,461538,0,absolute,node,189534,-1,5,521
552,0,0,461538,0,absolute,node,11322,-1,-5,521
553,0,0,461538,0,absolute,node,170819,-1,3,521
554,0,0,461538,0,absolute,node,210590,-1,-3,521
555,0,0,461538,0,absolute,node,87100,-1,1,521
556,0,0,461538,0,absolute,node,138338,-1,-1,521
557,0,0,461538,0,absolute,node,55912,-1,1,521
558,0,0,461538,0,absolute,node,206663,-1,-1,521
559,0,0,461538,0,absolute,node,137817,-1,4,521
560,0,0,461538,0,absolute,node,55573,-1,-4,521
561,0,0,461538,0,absolute,node,173513,-1,1,521
562,0,0,461538,0,absolute,node,144856,-1,-1,521
563,0,0,461538,0,absolute,node,198588,-1,2,521
564,0,0,461538,0,absolute,node,141438,-1,-2,521
565,0,0,461538,0,absolute,node,8103,-1,2,521
566,0,0,461538,0,absolute,node,117203,-1,-2,521
567,0,0,461538,0,absolute,node,159833,-1,2,521
568,0,0,461538,0,absolute,node,117203,-1,-2,521
569,0,0,461538,0,absolute,node,52853,-1,2,521
570,0,0,461538,0,absolute,node,140323,-1,-2,521
571,0,0,461538,0,absolute,node,162272,-1,1,521
572,0,0,461538,0,absolute,node,101040,-1,-1,521
573,0,0,461538,0,absolute,node,10769,-1,1,521
574,0,0,461538,0,absolute,node,32278,-1,-1,521
575,0,0,461538,0,absolute,node,69420,-1,1,521
576,0,0,461538,0,absolute,node,42826,-1,-1,521
577,0,0,5e+05,0,absolute,node,17037,-1,5,521
578,0,0,5e+05,0,absolute,node,55573,-1,-5,521
579,0,0,5e+05,0,absolute,node,87100,-1,3,521
580,0,0,5e+05,0,absolute,node,191033,-1,-3,521
581,0,0,5e+05,0,absolute,node,163010,-1,4,521
582,0,0,5e+05,0,absolute,node,207885,-1,-4,521
583,0,0,5e+05,0,absolute,node,131893,-1,1,521
584,0,0,5e+05,0,absolute,node,181377,-1,-1,521
585,0,0,5e+05,0,absolute,node,55912,-1,1,521
586,0,0,5e+05,0,absolute,node,10769,-1,-1,521
587,0,0,5e+05,0,absolute,node,8662,-1,1,521
588,0,0,5e+05,0,absolute,node,170819,-1,-1,521
589,0,0,5e+05,0,absolute,node,20476,-1,1,521
590,0,0,5e+05,0,absolute,node,1568,-1,-1,521
591,0,0,5e+05,0,absolute,node,25479,-1,3,521
592,0,0,5e+05,0,absolute,node,18508,-1,-3,521
593,0,0,5e+05,0,absolute,node,206663,-1,1,521
594,0,0,5e+05,0,absolute,node,29757,-1,-1,521
595,0,0,5e+05,0,absolute,node,140569,-1,1,521
596,0,0,5e+05,0,absolute,node,130098,-1,-1,521
597,0,0,5e+05,0,absolute,node,39028,-1,1,521
598,0,0,5e+05,0,absolute,node,190136,-1,-1,521
599,0,0,5e+05,0,absolute,node,128868,-1,1,521
600,0,0,5e+05,0,absolute,node,144856,-1,-1,521
601,0,0,5e+05,0,absolute,node,106966,-1,1,521
602,0,0,5e+05,0,absolute,node,201533,-1,-1,521
603,0,0,5e+05,0,absolute,node,147922,-1,1,521
604,0,0,5e+05,0,absolute,node,11401,-1,-1,521
605,0,0,5e+05,0,absolute,node,8103,-1,1,521
606,0,0,5e+05,0,absolute,node,198588,-1,-1,521
607,0,0,5e+05,0,absolute,node,165327,-1,3,521
608,0,0,5e+05,0,absolute,node,18026,-1,-3,521
609,0,0,5e+05,0,absolute,node,123578,-1,4,521
610,0,0,5e+05,0,absolute,node,46592,-1,-4,521
611,0,0,5e+05,0,absolute,node,138338,-1,1,521
612,0,0,5e+05,0,absolute,node,137817,-1,-1,521
613,0,0,5e+05,0,absolute,node,42826,-1,1,521
614,0,0,5e+05,0,absolute,node,189534,-1,-1,521
615,0,0,5e+05,0,absolute,node,127465,-1,1,521
616,0,0,5e+05,0,absolute,node,123811,-1,-1,521
617,0,0,5e+05,0,absolute,node,52756,-1,1,521
618,0,0,5e+05,0,absolute,node,52245,-1,-1,521
619,0,0,5e+05,0,absolute,node,11322,-1,2,521
620,0,0,5e+05,0,absolute,node,159833,-1,-2,521
621,0,0,5e+05,0,absolute,node,87033,-1,1,521
622,0,0,5e+05,0,absolute,node,206379,-1,-1,521
623,0,0,5e+05,0,absolute,node,153787,-1,1,521
624,0,0,5e+05,0,absolute,node,132982,-1,-1,521
625,0,0,538461,0,absolute,node,140323,-1,1,521
626,0,0,538461,0,absolute,node,206379,-1,-1,521
627,0,0,538461,0,absolute,node,11401,-1,1,521
628,0,0,538461,0,absolute,node,145672,-1,-1,521
629,0,0,538461,0,absolute,node,153787,-1,1,521
630,0,0,538461,0,absolute,node,62965,-1,-1,521
631,0,0,538461,0,absolute,node,87033,-1,1,521
632,0,0,538461,0,absolute,node,101040,-1,-1,521
633,0,0,538461,0,absolute,node,11322,-1,2,521
634,0,0,538461,0,absolute,node,25479,-1,-2,521
635,0,0,538461,0,absolute,node,167806,-1,1,521
636,0,0,538461,0,absolute,node,127465,-1,-1,521
637,0,0,538461,0,absolute,node,128069,-1,2,521
638,0,0,538461,0,absolute,node,182998,-1,-2,521
639,0,0,538461,0,absolute,node,53573,-1,4,521
640,0,0,538461,0,absolute,node,162272,-1,-4,521
641,0,0,538461,0,absolute,node,130098,-1,3,521
642,0,0,538461,0,absolute,node,182998,-1,-3,521
643,0,0,538461,0,absolute,node,69420,-1,1,521
644,0,0,538461,0,absolute,node,132982,-1,-1,521
645,0,0,538461,0,absolute,node,140569,-1,1,521
646,0,0,538461,0,absolute,node,18508,-1,-1,521
647,0,0,538461,0,absolute,node,138338,-1,1,521
648,0,0,538461,0,absolute,node,189534,-1,-1,521
649,0,0,538461,0,absolute,node,17037,-1,1,521
650,0,0,538461,0,absolute,node,52853,-1,-1,521
651,0,0,538461,0,absolute,node,201533,-1,2,521
652,0,0,538461,0,absolute,node,147922,-1,-2,521
653,0,0,538461,0,absolute,node,155855,-1,5,521
654,0,0,538461,0,absolute,node,165680,-1,-5,521
655,0,0,538461,0,absolute,node,196073,-1,1,521
656,0,0,538461,0,absolute,node,165327,-1,-1,521
657,0,0,538461,0,absolute,node,20290,-1,2,521
658,0,0,538461,0,absolute,node,165327,-1,-2,521
659,0,0,538461,0,absolute,node,154759,-1,1,521
660,0,0,538461,0,absolute,node,1408,-1,-1,521
661,0,0,538461,0,absolute,node,39028,-1,1,521
662,0,0,538461,0,absolute,node,52853,-1,-1,521
663,0,0,538461,0,absolute,node,56335,-1,2,521
664,0,0,538461,0,absolute,node,106966,-1,-2,521
665,0,0,538461,0,absolute,node,42826,-1,1,521
666,0,0,538461,0,absolute,node,8103,-1,-1,521
667,0,0,538461,0,absolute,node,170819,-1,2,521
668,0,0,538461,0,absolute,node,55912,-1,-2,521
669,0,0,538461,0,absolute,node,131893,-1,1,521
670,0,0,538461,0,absolute,node,20476,-1,-1,521
671,0,0,538461,0,absolute,node,87100,-1,1,521
672,0,0,538461,0,absolute,node,62965,-1,-1,521
673,0,0,576923,0,absolute,node,154007,-1,1,521
674,0,0,576923,0,absolute,node,10769,-1,-1,521
675,0,0,576923,0,absolute,node,24394,-1,3,521
676,0,0,576923,0,absolute,node,210590,-1,-3,521
677,0,0,576923,0,absolute,node,101040,-1,3,521
678,0,0,576923,0,absolute,node,87033,-1,-3,521
679,0,0,576923,0,absolute,node,190136,-1,3,521
680,0,0,576923,0,absolute,node,1408,-1,-3,521
681,0,0,576923,0,absolute,node,39028,-1,1,521
682,0,0,576923,0,absolute,node,137817,-1,-1,521
683,0,0,576923,0,absolute,node,14420,-1,1,521
684,0,0,576923,0,absolute,node,56335,-1,-1,521
685,0,0,576923,0,absolute,node,200416,-1,1,521
686,0,0,576923,0,absolute,node,162272,-1,-1,521
687,0,0,576923,0,absolute,node,183912,-1,3,521
688,0,0,576923,0,absolute,node,19117,-1,-3,521
689,0,0,576923,0,absolute,node,167806,-1,1,521
690,0,0,576923,0,absolute,node,201533,-1,-1,521
691,0,0,576923,0,absolute,node,138338,-1,1,521
692,0,0,576923,0,absolute,node,201533,-1,-1,521
693,0,0,576923,0,absolute,node,52756,-1,1,521
694,0,0,576923,0,absolute,node,132982,-1,-1,521
695,0,0,576923,0,absolute,node,163010,-1,1,521
696,0,0,576923,0,absolute,node,10769,-1,-1,521
697,0,0,576923,0,absolute,node,189534,-1,1,521
698,0,0,576923,0,absolute,node,128868,-1,-1,521
699,0,0,576923,0,absolute,node,154759,-1,2,521
700,0,0,576923,0,absolute,node,141530,-1,-2,521
701,0,0,576923,0,absolute,node,141438,-1,2,521
702,0,0,576923,0,absolute,node,1408,-1,-2,521
703,0,0,576923,0,absolute,node,140323,-1,1,521
704,0,0,576923,0,absolute,node,159833,-1,-1,521
705,0,0,576923,0,absolute,node,127465,-1,1,521
706,0,0,576923,0,absolute,node,171483,-1,-1,521
707,0,0,576923,0,absolute,node,1568,-1,1,521
708,0,0,576923,0,absolute,node,20290,-1,-1,521
709,0,0,576923,0,absolute,node,25479,-1,1,521
710,0,0,576923,0,absolute,node,32278,-1,-1,521
711,0,0,576923,0,absolute,node,165680,-1,1,521
712,0,0,576923,0,absolute,node,1408,-1,-1,521
713,0,0,576923,0,absolute,node,198588,-1,1,521
714,0,0,576923,0,absolute,node,206663,-1,-1,521
715,0,0,576923,0,absolute,node,145672,-1,2,521
716,0,0,576923,0,absolute,node,131893,-1,-2,521
717,0,0,576923,0,absolute,node,18026,-1,1,521
718,0,0,576923,0,absolute,node,44970,-1,-1,521
719,0,0,576923,0,absolute,node,207885,-1,2,521
720,0,0,576923,0,absolute,node,147922,-1,-2,521
721,0,0,615384,0,absolute,node,39028,-1,1,521
722,0,0,615384,0,absolute,node,56335,-1,-1,521
723,0,0,615384,0,absolute,node,189364,-1,1,521
724,0,0,615384,0,absolute,node,14420,-1,-1,521
725,0,0,615384,0,absolute,node,19117,-1,5,521
726,0,0,615384,0,absolute,node,154007,-1,-5,521
727,0,0,615384,0,absolute,node,186701,-1,2,521
728,0,0,615384,0,absolute,node,101040,-1,-2,521
729,0,0,615384,0,absolute,node,171483,-1,1,521
730,0,0,615384,0,absolute,node,24394,-1,-1,521
731,0,0,615384,0,absolute,node,182998,-1,1,521
732,0,0,615384,0,absolute,node,37269,-1,-1,521
733,0,0,615384,0,absolute,node,198588,-1,1,521
734,0,0,615384,0,absolute,node,37269,-1,-1,521
735,0,0,615384,0,absolute,node,69420,-1,1,521
736,0,0,615384,0,absolute,node,25479,-1,-1,521
737,0,0,615384,0,absolute,node,11322,-1,3,521
738,0,0,615384,0,absolute,node,9155,-1,-3,521
739,0,0,615384,0,absolute,node,42751,-1,1,521
740,0,0,615384,0,absolute,node,155855,-1,-1,521
741,0,0,615384,0,absolute,node,165680,-1,2,521
742,0,0,615384,0,absolute,node,38373,-1,-2,521
743,0,0,615384,0,absolute,node,117203,-1,2,521
744,0,0,615384,0,absolute,node,165327,-1,-2,521
745,0,0,615384,0,absolute,node,11401,-1,2,521
746,0,0,615384,0,absolute,node,206663,-1,-2,521
747,0,0,615384,0,absolute,node,42076,-1,2,521
748,0,0,615384,0,absolute,node,141438,-1,-2,521
749,0,0,615384,0,absolute,node,140569,-1,1,521
750,0,0,615384,0,absolute,node,190136,-1,-1,521
751,0,0,615384,0,absolute,node,17037,-1,3,521
752,0,0,615384,0,absolute,node,18026,-1,-3,521
753,0,0,615384,0,absolute,node,123578,-1,3,521
754,0,0,615384,0,absolute,node,141530,-1,-3,521
755,0,0,615384,0,absolute,node,201533,-1,3,521
756,0,0,615384,0,absolute,node,1408,-1,-3,521
757,0,0,615384,0,absolute,node,163010,-1,1,521
758,0,0,615384,0,absolute,node,196073,-1,-1,521
759,0,0,615384,0,absolute,node,207885,-1,1,521
760,0,0,615384,0,absolute,node,20476,-1,-1,521
761,0,0,615384,0,absolute,node,83571,-1,1,521
762,0,0,615384,0,absolute,node,104038,-1,-1,521
763,0,0,615384,0,absolute,node,147922,-1,1,521
764,0,0,615384,0,absolute,node,206663,-1,-1,521
765,0,0,615384,0,absolute,node,166003,-1,3,521
766,0,0,615384,0,absolute,node,52756,-1,-3,521
767,0,0,615384,0,absolute,node,153787,-1,2,521
768,0,0,615384,0,absolute,node,127465,-1,-2,521
769,0,0,653846,0,absolute,node,55912,-1,1,521
770,0,0,653846,0,absolute,node,29757,-1,-1,521
771,0,0,653846,0,absolute,node,1568,-1,1,521
772,0,0,653846,0,absolute,node,20476,-1,-1,521
773,0,0,653846,0,absolute,node,37269,-1,1,521
774,0,0,653846,0,absolute,node,20476,-1,-1,521
775,0,0,653846,0,absolute,node,132982,-1,1,521
776,0,0,653846,0,absolute,node,159833,-1,-1,521
777,0,0,653846,0,absolute,node,189534,-1,1,521
778,0,0,653846,0,absolute,node,29757,-1,-1,521
779,0,0,653846,0,absolute,node,42751,-1,1,521
780,0,0,653846,0,absolute,node,166003,-1,-1,521
781,0,0,653846,0,absolute,node,17037,-1,2,521
782,0,0,653846,0,absolute,node,137817,-1,-2,521
783,0,0,653846,0,absolute,node,140569,-1,1,521
784,0,0,653846,0,absolute,node,104038,-1,-1,521
785,0,0,653846,0,absolute,node,14420,-1,1,521
786,0,0,653846,0,absolute,node,20476,-1,-1,521
787,0,0,653846,0,absolute,node,144856,-1,1,521
788,0,0,653846,0,absolute,node,190136,-1,-1,521
789,0,0,653846,0,absolute,node,191033,-1,1,521
790,0,0,653846,0,absolute,node,20476,-1,-1,521
791,0,0,653846,0,absolute,node,39028,-1,3,521
792,0,0,653846,0,absolute,node,19117,-1,-3,521
793,0,0,653846,0,absolute,node,42826,-1,1,521
794,0,0,653846,0,absolute,node,9155,-1,-1,521
795,0,0,653846,0,absolute,node,55573,-1,2,521
796,0,0,653846,0,absolute,node,153787,-1,-2,521
797,0,0,653846,0,absolute,node,126263,-1,1,521
798,0,0,653846,0,absolute,node,123811,-1,-1,521
799,0,0,653846,0,absolute,node,10769,-1,1,521
800,0,0,653846,0,absolute,node,91433,-1,-1,521
801,0,0,653846,0,absolute,node,138338,-1,1,521
802,0,0,653846,0,absolute,node,46592,-1,-1,521
803,0,0,653846,0,absolute,node,140323,-1,2,521
804,0,0,653846,0,absolute,node,163010,-1,-2,521
805,0,0,653846,0,absolute,node,183912,-1,2,521
806,0,0,653846,0,absolute,node,8103,-1,-2,521
807,0,0,653846,0,absolute,node,201533,-1,2,521
808,0,0,653846,0,absolute,node,123578,-1,-2,521
809,0,0,653846,0,absolute,node,52756,-1,1,521
810,0,0,653846,0,absolute,node,145672,-1,-1,521
811,0,0,653846,0,absolute,node,182998,-1,3,521
812,0,0,653846,0,absolute,node,141438,-1,-3,521
813,0,0,653846,0,absolute,node,170819,-1,2,521
814,0,0,653846,0,absolute,node,19117,-1,-2,521
815,0,0,653846,0,absolute,node,25479,-1,1,521
816,0,0,653846,0,absolute,node,52853,-1,-1,521
817,0,0,692307,0,absolute,node,56335,-1,3,521
818,0,0,692307,0,absolute,node,52756,-1,-3,521
819,0,0,692307,0,absolute,node,44970,-1,2,521
820,0,0,692307,0,absolute,node,55573,-1,-2,521
821,0,0,692307,0,absolute,node,17037,-1,1,521
822,0,0,692307,0,absolute,node,138338,-1,-1,521
823,0,0,692307,0,absolute,node,165327,-1,1,521
824,0,0,692307,0,absolute,node,190136,-1,-1,521
825,0,0,692307,0,absolute,node,170819,-1,1,521
826,0,0,692307,0,absolute,node,37269,-1,-1,521
827,0,0,692307,0,absolute,node,1408,-1,3,521
828,0,0,692307,0,absolute,node,131893,-1,-3,521
829,0,0,692307,0,absolute,node,166003,-1,1,521
830,0,0,692307,0,absolute,node,55912,-1,-1,521
831,0,0,692307,0,absolute,node,8103,-1,2,521
832,0,0,692307,0,absolute,node,52245,-1,-2,521
833,0,0,692307,0,absolute,node,38373,-1,1,521
834,0,0,692307,0,absolute,node,29757,-1,-1,521
835,0,0,692307,0,absolute,node,155855,-1,1,521
836,0,0,692307,0,absolute,node,32278,-1,-1,521
837,0,0,692307,0,absolute,node,128069,-1,1,521
838,0,0,692307,0,absolute,node,20290,-1,-1,521
839,0,0,692307,0,absolute,node,18026,-1,1,521
840,0,0,692307,0,absolute,node,32278,-1,-1,521
841,0,0,692307,0,absolute,node,111217,-1,1,521
842,0,0,692307,0,absolute,node,101040,-1,-1,521
843,0,0,692307,0,absolute,node,123578,-1,3,521
844,0,0,692307,0,absolute,node,182998,-1,-3,521
845,0,0,692307,0,absolute,node,25479,-1,3,521
846,0,0,692307,0,absolute,node,87100,-1,-3,521
847,0,0,692307,0,absolute,node,128868,-1,3,521
848,0,0,692307,0,absolute,node,163010,-1,-3,521
849,0,0,692307,0,absolute,node,207885,-1,2,521
850,0,0,692307,0,absolute,node,182998,-1,-2,521
851,0,0,692307,0,absolute,node,87033,-1,3,521
852,0,0,692307,0,absolute,node,11322,-1,-3,521
853,0,0,692307,0,absolute,node,69420,-1,2,521
854,0,0,692307,0,absolute,node,131893,-1,-2,521
855,0,0,692307,0,absolute,node,123811,-1,1,521
856,0,0,692307,0,absolute,node,39028,-1,-1,521
857,0,0,692307,0,absolute,node,192970,-1,1,521
858,0,0,692307,0,absolute,node,91433,-1,-1,521
859,0,0,692307,0,absolute,node,159833,-1,3,521
860,0,0,692307,0,absolute,node,186701,-1,-3,521
861,0,0,692307,0,absolute,node,198588,-1,1,521
862,0,0,692307,0,absolute,node,201533,-1,-1,521
863,0,0,692307,0,absolute,node,165680,-1,1,521
864,0,0,692307,0,absolute,node,206379,-1,-1,521
865,0,0,730769,0,absolute,node,181377,-1,1,521
866,0,0,730769,0,absolute,node,154759,-1,-1,521
867,0,0,730769,0,absolute,node,128868,-1,1,521
868,0,0,730769,0,absolute,node,56335,-1,-1,521
869,0,0,730769,0,absolute,node,11322,-1,1,521
870,0,0,730769,0,absolute,node,173513,-1,-1,521
871,0,0,730769,0,absolute,node,39028,-1,2,521
872,0,0,730769,0,absolute,node,167806,-1,-2,521
873,0,0,730769,0,absolute,node,91433,-1,1,521
874,0,0,730769,0,absolute,node,130098,-1,-1,521
875,0,0,730769,0,absolute,node,52853,-1,2,521
876,0,0,730769,0,absolute,node,147922,-1,-2,521
877,0,0,730769,0,absolute,node,165327,-1,2,521
878,0,0,730769,0,absolute,node,8662,-1,-2,521
879,0,0,730769,0,absolute,node,127465,-1,2,521
880,0,0,730769,0,absolute,node,182998,-1,-2,521
881,0,0,730769,0,absolute,node,137817,-1,3,521
882,0,0,730769,0,absolute,node,87100,-1,-3,521
883,0,0,730769,0,absolute,node,62965,-1,3,521
884,0,0,730769,0,absolute,node,25479,-1,-3,521
885,0,0,730769,0,absolute,node,8103,-1,2,521
886,0,0,730769,0,absolute,node,128069,-1,-2,521
887,0,0,730769,0,absolute,node,163010,-1,1,521
888,0,0,730769,0,absolute,node,206379,-1,-1,521
889,0,0,730769,0,absolute,node,42076,-1,2,521
890,0,0,730769,0,absolute,node,53573,-1,-2,521
891,0,0,730769,0,absolute,node,165680,-1,1,521
892,0,0,730769,0,absolute,node,8662,-1,-1,521
893,0,0,730769,0,absolute,node,141438,-1,3,521
894,0,0,730769,0,absolute,node,1408,-1,-3,521
895,0,0,730769,0,absolute,node,200416,-1,1,521
896,0,0,730769,0,absolute,node,56335,-1,-1,521
897,0,0,730769,0,absolute,node,1568,-1,1,521
898,0,0,730769,0,absolute,node,138338,-1,-1,521
899,0,0,730769,0,absolute,node,189364,-1,2,521
900,0,0,730769,0,absolute,node,123578,-1,-2,521
901,0,0,730769,0,absolute,node,140569,-1,2,521
902,0,0,730769,0,absolute,node,153787,-1,-2,521
903,0,0,730769,0,absolute,node,186701,-1,1,521
904,0,0,730769,0,absolute,node,159833,-1,-1,521
905,0,0,730769,0,absolute,node,144856,-1,1,521
906,0,0,730769,0,absolute,node,192970,-1,-1,521
907,0,0,730769,0,absolute,node,20290,-1,1,521
908,0,0,730769,0,absolute,node,52245,-1,-1,521
909,0,0,730769,0,absolute,node,101040,-1,3,521
910,0,0,730769,0,absolute,node,207885,-1,-3,521
911,0,0,730769,0,absolute,node,46592,-1,2,521
912,0,0,730769,0,absolute,node,210351,-1,-2,521
913,0,0,769230,0,absolute,node,171483,-1,1,521
914,0,0,769230,0,absolute,node,130098,-1,-1,521
915,0,0,769230,0,absolute,node,106966,-1,1,521
916,0,0,769230,0,absolute,node,42076,-1,-1,521
917,0,0,769230,0,absolute,node,52245,-1,1,521
918,0,0,769230,0,absolute,node,126263,-1,-1,521
919,0,0,769230,0,absolute,node,11401,-1,1,521
920,0,0,769230,0,absolute,node,56335,-1,-1,521
921,0,0,769230,0,absolute,node,165680,-1,1,521
922,0,0,769230,0,absolute,node,206379,-1,-1,521
923,0,0,769230,0,absolute,node,117203,-1,3,521
924,0,0,769230,0,absolute,node,87100,-1,-3,521
925,0,0,769230,0,absolute,node,138338,-1,2,521
926,0,0,769230,0,absolute,node,131893,-1,-2,521
927,0,0,769230,0,absolute,node,9155,-1,1,521
928,0,0,769230,0,absolute,node,25479,-1,-1,521
929,0,0,769230,0,absolute,node,52853,-1,1,521
930,0,0,769230,0,absolute,node,101040,-1,-1,521
931,0,0,769230,0,absolute,node,165327,-1,2,521
932,0,0,769230,0,absolute,node,38373,-1,-2,521
933,0,0,769230,0,absolute,node,167806,-1,2,521
934,0,0,769230,0,absolute,node,186701,-1,-2,521
935,0,0,769230,0,absolute,node,83571,-1,1,521
936,0,0,769230,0,absolute,node,128069,-1,-1,521
937,0,0,769230,0,absolute,node,52756,-1,1,521
938,0,0,769230,0,absolute,node,147922,-1,-1,521
939,0,0,769230,0,absolute,node,17037,-1,2,521
940,0,0,769230,0,absolute,node,87100,-1,-2,521
941,0,0,769230,0,absolute,node,137817,-1,1,521
942,0,0,769230,0,absolute,node,56335,-1,-1,521
943,0,0,769230,0,absolute,node,210590,-1,1,521
944,0,0,769230,0,absolute,node,20476,-1,-1,521
945,0,0,769230,0,absolute,node,190136,-1,1,521
946,0,0,769230,0,absolute,node,196073,-1,-1,521
947,0,0,769230,0,absolute,node,20290,-1,2,521
948,0,0,769230,0,absolute,node,91433,-1,-2,521
949,0,0,769230,0,absolute,node,158495,-1,1,521
950,0,0,769230,0,absolute,node,104038,-1,-1,521
951,0,0,769230,0,absolute,node,198588,-1,1,521
952,0,0,769230,0,absolute,node,144856,-1,-1,521
953,0,0,769230,0,absolute,node,163010,-1,1,521
954,0,0,769230,0,absolute,node,126263,-1,-1,521
955,0,0,769230,0,absolute,node,29757,-1,1,521
956,0,0,769230,0,absolute,node,1568,-1,-1,521
957,0,0,769230,0,absolute,node,62965,-1,1,521
958,0,0,769230,0,absolute,node,147922,-1,-1,521
959,0,0,769230,0,absolute,node,42751,-1,3,521
960,0,0,769230,0,absolute,node,53573,-1,-3,521
961,0,0,807692,0,absolute,node,127465,-1,1,521
962,0,0,807692,0,absolute,node,153787,-1,-1,521
963,0,0,807692,0,absolute,node,52245,-1,2,521
964,0,0,807692,0,absolute,node,123578,-1,-2,521
965,0,0,807692,0,absolute,node,69420,-1,3,521
966,0,0,807692,0,absolute,node,11322,-1,-3,521
967,0,0,807692,0,absolute,node,20290,-1,2,521
968,0,0,807692,0,absolute,node,182998,-1,-2,521
969,0,0,807692,0,absolute,node,206379,-1,1,521
970,0,0,807692,0,absolute,node,39028,-1,-1,521
971,0,0,807692,0,absolute,node,53573,-1,4,521
972,0,0,807692,0,absolute,node,55912,-1,-4,521
973,0,0,807692,0,absolute,node,166003,-1,2,521
974,0,0,807692,0,absolute,node,1568,-1,-2,521
975,0,0,807692,0,absolute,node,111217,-1,1,521
976,0,0,807692,0,absolute,node,190136,-1,-1,521
977,0,0,807692,0,absolute,node,159833,-1,3,521
978,0,0,807692,0,absolute,node,8103,-1,-3,521
979,0,0,807692,0,absolute,node,91433,-1,2,521
980,0,0,807692,0,absolute,node,11322,-1,-2,521
981,0,0,807692,0,absolute,node,206663,-1,2,521
982,0,0,807692,0,absolute,node,18026,-1,-2,521
983,0,0,807692,0,absolute,node,131893,-1,1,521
984,0,0,807692,0,absolute,node,200416,-1,-1,521
985,0,0,807692,0,absolute,node,198588,-1,3,521
986,0,0,807692,0,absolute,node,196073,-1,-3,521
987,0,0,807692,0,absolute,node,8662,-1,1,521
988,0,0,807692,0,absolute,node,128069,-1,-1,521
989,0,0,807692,0,absolute,node,2951,-1,2,521
990,0,0,807692,0,absolute,node,210351,-1,-2,521
991,0,0,807692,0,absolute,node,154007,-1,1,521
992,0,0,807692,0,absolute,node,11401,-1,-1,521
993,0,0,807692,0,absolute,node,167806,-1,3,521
994,0,0,807692,0,absolute,node,173513,-1,-3,521
995,0,0,807692,0,absolute,node,163010,-1,1,521
996,0,0,807692,0,absolute,node,123811,-1,-1,521
997,0,0,807692,0,absolute,node,38373,-1,2,521
998,0,0,807692,0,absolute,node,18026,-1,-2,521
999,0,0,807692,0,absolute,node,162272,-1,3,521
1000,0,0,807692,0,absolute,node,42751,-1,-3,521
1001,0,0,807692,0,absolute,node,183912,-1,2,521
1002,0,0,807692,0,absolute,node,155855,-1,-2,521
1003,0,0,807692,0,absolute,node,165680,-1,1,521
1004,0,0,807692,0,absolute,node,138338,-1,-1,521
1005,0,0,807692,0,absolute,node,126263,-1,1,521
1006,0,0,807692,0,absolute,node,39028,-1,-1,521
1007,0,0,807692,0,absolute,node,58529,-1,1,521
1008,0,0,807692,0,absolute,node,144856,-1,-1,521
1009,0,0,846153,0,absolute,node,2951,-1,2,521
1010,0,0,846153,0,absolute,node,117203,-1,-2,521
1011,0,0,846153,0,absolute,node,154007,-1,1,521
1012,0,0,846153,0,absolute,node,62965,-1,-1,521
1013,0,0,846153,0,absolute,node,104038,-1,1,521
1014,0,0,846153,0,absolute,node,170819,-1,-1,521
1015,0,0,846153,0,absolute,node,42826,-1,1,521
1016,0,0,846153,0,absolute,node,155855,-1,-1,521
1017,0,0,846153,0,absolute,node,83571,-1,2,521
1018,0,0,846153,0,absolute,node,130098,-1,-2,521
1019,0,0,846153,0,absolute,node,201533,-1,1,521
1020,0,0,846153,0,absolute,node,206379,-1,-1,521
1021,0,0,846153,0,absolute,node,55573,-1,2,521
1022,0,0,846153,0,absolute,node,55912,-1,-2,521
1023,0,0,846153,0,absolute,node,126263,-1,1,521
1024,0,0,846153,0,absolute,node,29757,-1,-1,521
1025,0,0,846153,0,absolute,node,42751,-1,1,521
1026,0,0,846153,0,absolute,node,14420,-1,-1,521
1027,0,0,846153,0,absolute,node,20290,-1,2,521
1028,0,0,846153,0,absolute,node,11322,-1,-2,521
1029,0,0,846153,0,absolute,node,8103,-1,1,521
1030,0,0,846153,0,absolute,node,154759,-1,-1,521
1031,0,0,846153,0,absolute,node,32278,-1,2,521
1032,0,0,846153,0,absolute,node,123578,-1,-2,521
1033,0,0,846153,0,absolute,node,138338,-1,1,521
1034,0,0,846153,0,absolute,node,206663,-1,-1,521
1035,0,0,846153,0,absolute,node,42076,-1,2,521
1036,0,0,846153,0,absolute,node,165327,-1,-2,521
1037,0,0,846153,0,absolute,node,58529,-1,2,521
1038,0,0,846153,0,absolute,node,159833,-1,-2,521
1039,0,0,846153,0,absolute,node,1408,-1,1,521
1040,0,0,846153,0,absolute,node,37269,-1,-1,521
1041,0,0,846153,0,absolute,node,189534,-1,1,521
1042,0,0,846153,0,absolute,node,62965,-1,-1,521
1043,0,0,846153,0,absolute,node,52245,-1,1,521
1044,0,0,846153,0,absolute,node,206379,-1,-1,521
1045,0,0,846153,0,absolute,node,18026,-1,1,521
1046,0,0,846153,0,absolute,node,123578,-1,-1,521
1047,0,0,846153,0,absolute,node,166003,-1,3,521
1048,0,0,846153,0,absolute,node,173513,-1,-3,521
1049,0,0,846153,0,absolute,node,46592,-1,2,521
1050,0,0,846153,0,absolute,node,117203,-1,-2,521
1051,0,0,846153,0,absolute,node,123811,-1,2,521
1052,0,0,846153,0,absolute,node,165680,-1,-2,521
1053,0,0,846153,0,absolute,node,18508,-1,1,521
1054,0,0,846153,0,absolute,node,52853,-1,-1,521
1055,0,0,846153,0,absolute,node,189364,-1,1,521
1056,0,0,846153,0,absolute,node,39028,-1,-1,521
1057,0,0,884615,0,absolute,node,198588,-1,2,521
1058,0,0,884615,0,absolute,node,9155,-1,-2,521
1059,0,0,884615,0,absolute,node,55721,-1,1,521
1060,0,0,884615,0,absolute,node,158495,-1,-1,521
1061,0,0,884615,0,absolute,node,46592,-1,1,521
1062,0,0,884615,0,absolute,node,138338,-1,-1,521
1063,0,0,884615,0,absolute,node,20290,-1,2,521
1064,0,0,884615,0,absolute,node,153787,-1,-2,521
1065,0,0,884615,0,absolute,node,141438,-1,2,521
1066,0,0,884615,0,absolute,node,101040,-1,-2,521
1067,0,0,884615,0,absolute,node,130098,-1,1,521
1068,0,0,884615,0,absolute,node,201533,-1,-1,521
1069,0,0,884615,0,absolute,node,38373,-1,4,521
1070,0,0,884615,0,absolute,node,53573,-1,-4,521
1071,0,0,884615,0,absolute,node,2951,-1,1,521
1072,0,0,884615,0,absolute,node,210351,-1,-1,521
1073,0,0,884615,0,absolute,node,200416,-1,1,521
1074,0,0,884615,0,absolute,node,155855,-1,-1,521
1075,0,0,884615,0,absolute,node,186701,-1,3,521
1076,0,0,884615,0,absolute,node,11322,-1,-3,521
1077,0,0,884615,0,absolute,node,44970,-1,2,521
1078,0,0,884615,0,absolute,node,18508,-1,-2,521
1079,0,0,884615,0,absolute,node,141530,-1,1,521
1080,0,0,884615,0,absolute,node,206379,-1,-1,521
1081,0,0,884615,0,absolute,node,163010,-1,1,521
1082,0,0,884615,0,absolute,node,154759,-1,-1,521
1083,0,0,884615,0,absolute,node,145672,-1,1,521
1084,0,0,884615,0,absolute,node,58529,-1,-1,521
1085,0,0,884615,0,absolute,node,1408,-1,2,521
1086,0,0,884615,0,absolute,node,155855,-1,-2,521
1087,0,0,884615,0,absolute,node,210590,-1,2,521
1088,0,0,884615,0,absolute,node,128868,-1,-2,521
1089,0,0,884615,0,absolute,node,159833,-1,1,521
1090,0,0,884615,0,absolute,node,8103,-1,-1,521
1091,0,0,884615,0,absolute,node,166003,-1,2,521
1092,0,0,884615,0,absolute,node,52756,-1,-2,521
1093,0,0,884615,0,absolute,node,8662,-1,2,521
1094,0,0,884615,0,absolute,node,91433,-1,-2,521
1095,0,0,884615,0,absolute,node,20476,-1,1,521
1096,0,0,884615,0,absolute,node,17037,-1,-1,521
1097,0,0,884615,0,absolute,node,190136,-1,2,521
1098,0,0,884615,0,absolute,node,52756,-1,-2,521
1099,0,0,884615,0,absolute,node,117203,-1,1,521
1100,0,0,884615,0,absolute,node,123811,-1,-1,521
1101,0,0,884615,0,absolute,node,42826,-1,3,521
1102,0,0,884615,0,absolute,node,207885,-1,-3,521
1103,0,0,884615,0,absolute,node,11401,-1,1,521
1104,0,0,884615,0,absolute,node,137817,-1,-1,521
1105,0,0,923076,0,absolute,node,52245,-1,3,521
1106,0,0,923076,0,absolute,node,186701,-1,-3,521
1107,0,0,923076,0,absolute,node,147922,-1,1,521
1108,0,0,923076,0,absolute,node,171483,-1,-1,521
1109,0,0,923076,0,absolute,node,127465,-1,4,521
1110,0,0,923076,0,absolute,node,207885,-1,-4,521
1111,0,0,923076,0,absolute,node,11401,-1,1,521
1112,0,0,923076,0,absolute,node,69420,-1,-1,521
1113,0,0,923076,0,absolute,node,123811,-1,2,521
1114,0,0,923076,0,absolute,node,189364,-1,-2,521
1115,0,0,923076,0,absolute,node,8662,-1,1,521
1116,0,0,923076,0,absolute,node,206379,-1,-1,521
1117,0,0,923076,0,absolute,node,163010,-1,1,521
1118,0,0,923076,0,absolute,node,167806,-1,-1,521
1119,0,0,923076,0,absolute,node,29757,-1,1,521
1120,0,0,923076,0,absolute,node,126263,-1,-1,521
1121,0,0,923076,0,absolute,node,196073,-1,1,521
1122,0,0,923076,0,absolute,node,191033,-1,-1,521
1123,0,0,923076,0,absolute,node,25479,-1,2,521
1124,0,0,923076,0,absolute,node,11322,-1,-2,521
1125,0,0,923076,0,absolute,node,190136,-1,1,521
1126,0,0,923076,0,absolute,node,140569,-1,-1,521
1127,0,0,923076,0,absolute,node,42826,-1,1,521
1128,0,0,923076,0,absolute,node,154759,-1,-1,521
1129,0,0,923076,0,absolute,node,182998,-1,2,521
1130,0,0,923076,0,absolute,node,128868,-1,-2,521
1131,0,0,923076,0,absolute,node,162272,-1,1,521
1132,0,0,923076,0,absolute,node,181377,-1,-1,521
1133,0,0,923076,0,absolute,node,137817,-1,2,521
1134,0,0,923076,0,absolute,node,165680,-1,-2,521
1135,0,0,923076,0,absolute,node,9155,-1,1,521
1136,0,0,923076,0,absolute,node,201533,-1,-1,521
1137,0,0,923076,0,absolute,node,155855,-1,1,521
1138,0,0,923076,0,absolute,node,130098,-1,-1,521
1139,0,0,923076,0,absolute,node,198588,-1,3,521
1140,0,0,923076,0,absolute,node,2951,-1,-3,521
1141,0,0,923076,0,absolute,node,104038,-1,1,521
1142,0,0,923076,0,absolute,node,10769,-1,-1,521
1143,0,0,923076,0,absolute,node,131893,-1,1,521
1144,0,0,923076,0,absolute,node,11322,-1,-1,521
1145,0,0,923076,0,absolute,node,111217,-1,2,521
1146,0,0,923076,0,absolute,node,19117,-1,-2,521
1147,0,0,923076,0,absolute,node,165327,-1,1,521
1148,0,0,923076,0,absolute,node,32278,-1,-1,521
1149,0,0,923076,0,absolute,node,44970,-1,1,521
1150,0,0,923076,0,absolute,node,154759,-1,-1,521
1151,0,0,923076,0,absolute,node,170819,-1,2,521
1152,0,0,923076,0,absolute,node,18026,-1,-2,521
1153,0,0,961538,0,absolute,node,52245,-1,1,521
1154,0,0,961538,0,absolute,node,206379,-1,-1,521
1155,0,0,961538,0,absolute,node,37269,-1,3,521
1156,0,0,961538,0,absolute,node,128069,-1,-3,521
1157,0,0,961538,0,absolute,node,29757,-1,1,521
1158,0,0,961538,0,absolute,node,17037,-1,-1,521
1159,0,0,961538,0,absolute,node,14420,-1,1,521
1160,0,0,961538,0,absolute,node,52853,-1,-1,521
1161,0,0,961538,0,absolute,node,106966,-1,1,521
1162,0,0,961538,0,absolute,node,201533,-1,-1,521
1163,0,0,961538,0,absolute,node,131893,-1,1,521
1164,0,0,961538,0,absolute,node,52853,-1,-1,521
1165,0,0,961538,0,absolute,node,38373,-1,1,521
1166,0,0,961538,0,absolute,node,104038,-1,-1,521
1167,0,0,961538,0,absolute,node,55573,-1,1,521
1168,0,0,961538,0,absolute,node,55721,-1,-1,521
1169,0,0,961538,0,absolute,node,19117,-1,2,521
1170,0,0,961538,0,absolute,node,141438,-1,-2,521
1171,0,0,961538,0,absolute,node,137817,-1,1,521
1172,0,0,961538,0,absolute,node,42076,-1,-1,521
1173,0,0,961538,0,absolute,node,39028,-1,2,521
1174,0,0,961538,0,absolute,node,128069,-1,-2,521
1175,0,0,961538,0,absolute,node,147922,-1,1,521
1176,0,0,961538,0,absolute,node,25479,-1,-1,521
1177,0,0,961538,0,absolute,node,166003,-1,1,521
1178,0,0,961538,0,absolute,node,132982,-1,-1,521
1179,0,0,961538,0,absolute,node,192970,-1,2,521
1180,0,0,961538,0,absolute,node,207885,-1,-2,521
1181,0,0,961538,0,absolute,node,42826,-1,1,521
1182,0,0,961538,0,absolute,node,20476,-1,-1,521
1183,0,0,961538,0,absolute,node,87100,-1,4,521
1184,0,0,961538,0,absolute,node,165680,-1,-4,521
1185,0,0,961538,0,absolute,node,140569,-1,1,521
1186,0,0,961538,0,absolute,node,104038,-1,-1,521
1187,0,0,961538,0,absolute,node,158495,-1,1,521
1188,0,0,961538,0,absolute,node,170819,-1,-1,521
1189,0,0,961538,0,absolute,node,24394,-1,4,521
1190,0,0,961538,0,absolute,node,46592,-1,-4,521
1191,0,0,961538,0,absolute,node,91433,-1,3,521
1192,0,0,961538,0,absolute,node,141438,-1,-3,521
1193,0,0,961538,0,absolute,node,144856,-1,1,521
1194,0,0,961538,0,absolute,node,62965,-1,-1,521
1195,0,0,961538,0,absolute,node,58529,-1,1,521
1196,0,0,961538,0,absolute,node,127465,-1,-1,521
1197,0,0,961538,0,absolute,node,210351,-1,1,521
1198,0,0,961538,0,absolute,node,123811,-1,-1,521
1199,0,0,961538,0,absolute,node,11401,-1,2,521
1200,0,0,961538,0,absolute,node,44970,-1,-2,521
