changeID,absoluteTime,evaluation,bitVector,distanceEvaluation,typeOfChange,affected,affectedID1,affectedID2,change,totalAfterChange
0,0,0,0,0,,,-1,-1,0,562
1,0,0,19607,0,absolute,node,25751,-1,1,562
2,0,0,19607,0,absolute,node,24866,-1,-1,562
3,0,0,19607,0,absolute,node,5486,-1,2,562
4,0,0,19607,0,absolute,node,1467,-1,-2,562
5,0,0,19607,0,absolute,node,21693,-1,2,562
6,0,0,19607,0,absolute,node,15297,-1,-2,562
7,0,0,19607,0,absolute,node,16908,-1,4,562
8,0,0,19607,0,absolute,node,25024,-1,-4,562
9,0,0,39215,0,absolute,node,9166,-1,1,562
10,0,0,39215,0,absolute,node,14096,-1,-1,562
11,0,0,39215,0,absolute,node,14894,-1,2,562
12,0,0,39215,0,absolute,node,5486,-1,-2,562
13,0,0,39215,0,absolute,node,1796,-1,1,562
14,0,0,39215,0,absolute,node,24942,-1,-1,562
15,0,0,39215,0,absolute,node,9675,-1,3,562
16,0,0,39215,0,absolute,node,3997,-1,-3,562
17,0,0,58823,0,absolute,node,15463,-1,2,562
18,0,0,58823,0,absolute,node,19694,-1,-2,562
19,0,0,58823,0,absolute,node,17845,-1,1,562
20,0,0,58823,0,absolute,node,24295,-1,-1,562
21,0,0,58823,0,absolute,node,1796,-1,1,562
22,0,0,58823,0,absolute,node,19458,-1,-1,562
23,0,0,58823,0,absolute,node,8527,-1,1,562
24,0,0,58823,0,absolute,node,15297,-1,-1,562
25,0,0,78431,0,absolute,node,13030,-1,1,562
26,0,0,78431,0,absolute,node,10601,-1,-1,562
27,0,0,78431,0,absolute,node,14066,-1,1,562
28,0,0,78431,0,absolute,node,10601,-1,-1,562
29,0,0,78431,0,absolute,node,9744,-1,2,562
30,0,0,78431,0,absolute,node,9577,-1,-2,562
31,0,0,78431,0,absolute,node,3352,-1,2,562
32,0,0,78431,0,absolute,node,14894,-1,-2,562
33,0,0,98039,0,absolute,node,2548,-1,1,562
34,0,0,98039,0,absolute,node,3997,-1,-1,562
35,0,0,98039,0,absolute,node,9236,-1,1,562
36,0,0,98039,0,absolute,node,18779,-1,-1,562
37,0,0,98039,0,absolute,node,1796,-1,1,562
38,0,0,98039,0,absolute,node,2375,-1,-1,562
39,0,0,98039,0,absolute,node,9577,-1,3,562
40,0,0,98039,0,absolute,node,23682,-1,-3,562
41,0,0,117647,0,absolute,node,19458,-1,1,562
42,0,0,117647,0,absolute,node,3337,-1,-1,562
43,0,0,117647,0,absolute,node,21220,-1,1,562
44,0,0,117647,0,absolute,node,22074,-1,-1,562
45,0,0,117647,0,absolute,node,11455,-1,1,562
46,0,0,117647,0,absolute,node,22776,-1,-1,562
47,0,0,117647,0,absolute,node,9670,-1,1,562
48,0,0,117647,0,absolute,node,10433,-1,-1,562
49,0,0,137254,0,absolute,node,11455,-1,3,562
50,0,0,137254,0,absolute,node,2548,-1,-3,562
51,0,0,137254,0,absolute,node,2903,-1,2,562
52,0,0,137254,0,absolute,node,5486,-1,-2,562
53,0,0,137254,0,absolute,node,14584,-1,1,562
54,0,0,137254,0,absolute,node,6437,-1,-1,562
55,0,0,137254,0,absolute,node,10601,-1,3,562
56,0,0,137254,0,absolute,node,14894,-1,-3,562
57,0,0,156862,0,absolute,node,19697,-1,1,562
58,0,0,156862,0,absolute,node,9577,-1,-1,562
59,0,0,156862,0,absolute,node,9675,-1,2,562
60,0,0,156862,0,absolute,node,15788,-1,-2,562
61,0,0,156862,0,absolute,node,1467,-1,1,562
62,0,0,156862,0,absolute,node,19599,-1,-1,562
63,0,0,156862,0,absolute,node,20316,-1,4,562
64,0,0,156862,0,absolute,node,21220,-1,-4,562
65,0,0,176470,0,absolute,node,10503,-1,1,562
66,0,0,176470,0,absolute,node,10328,-1,-1,562
67,0,0,176470,0,absolute,node,19599,-1,2,562
68,0,0,176470,0,absolute,node,19458,-1,-2,562
69,0,0,176470,0,absolute,node,9744,-1,2,562
70,0,0,176470,0,absolute,node,12543,-1,-2,562
71,0,0,176470,0,absolute,node,6437,-1,1,562
72,0,0,176470,0,absolute,node,2375,-1,-1,562
73,0,0,196078,0,absolute,node,21520,-1,1,562
74,0,0,196078,0,absolute,node,1796,-1,-1,562
75,0,0,196078,0,absolute,node,5047,-1,3,562
76,0,0,196078,0,absolute,node,4563,-1,-3,562
77,0,0,196078,0,absolute,node,24842,-1,2,562
78,0,0,196078,0,absolute,node,26004,-1,-2,562
79,0,0,196078,0,absolute,node,2548,-1,1,562
80,0,0,196078,0,absolute,node,17842,-1,-1,562
81,0,0,215686,0,absolute,node,24842,-1,2,562
82,0,0,215686,0,absolute,node,19599,-1,-2,562
83,0,0,215686,0,absolute,node,18779,-1,3,562
84,0,0,215686,0,absolute,node,22776,-1,-3,562
85,0,0,215686,0,absolute,node,21220,-1,4,562
86,0,0,215686,0,absolute,node,19779,-1,-4,562
87,0,0,215686,0,absolute,node,1467,-1,1,562
88,0,0,215686,0,absolute,node,6437,-1,-1,562
89,0,0,235294,0,absolute,node,10433,-1,1,562
90,0,0,235294,0,absolute,node,15788,-1,-1,562
91,0,0,235294,0,absolute,node,19487,-1,3,562
92,0,0,235294,0,absolute,node,22335,-1,-3,562
93,0,0,235294,0,absolute,node,7081,-1,1,562
94,0,0,235294,0,absolute,node,20991,-1,-1,562
95,0,0,235294,0,absolute,node,17193,-1,1,562
96,0,0,235294,0,absolute,node,22213,-1,-1,562
97,0,0,254901,0,absolute,node,9675,-1,1,562
98,0,0,254901,0,absolute,node,21882,-1,-1,562
99,0,0,254901,0,absolute,node,9166,-1,1,562
100,0,0,254901,0,absolute,node,24295,-1,-1,562
101,0,0,254901,0,absolute,node,21220,-1,3,562
102,0,0,254901,0,absolute,node,9542,-1,-3,562
103,0,0,254901,0,absolute,node,19458,-1,1,562
104,0,0,254901,0,absolute,node,16908,-1,-1,562
105,0,0,274509,0,absolute,node,7081,-1,1,562
106,0,0,274509,0,absolute,node,5047,-1,-1,562
107,0,0,274509,0,absolute,node,2375,-1,4,562
108,0,0,274509,0,absolute,node,5058,-1,-4,562
109,0,0,274509,0,absolute,node,25208,-1,4,562
110,0,0,274509,0,absolute,node,15297,-1,-4,562
111,0,0,274509,0,absolute,node,23417,-1,3,562
112,0,0,274509,0,absolute,node,3352,-1,-3,562
113,0,0,294117,0,absolute,node,17344,-1,2,562
114,0,0,294117,0,absolute,node,9851,-1,-2,562
115,0,0,294117,0,absolute,node,7081,-1,3,562
116,0,0,294117,0,absolute,node,14640,-1,-3,562
117,0,0,294117,0,absolute,node,19599,-1,1,562
118,0,0,294117,0,absolute,node,1467,-1,-1,562
119,0,0,294117,0,absolute,node,25751,-1,1,562
120,0,0,294117,0,absolute,node,8527,-1,-1,562
121,0,0,313725,0,absolute,node,14357,-1,1,562
122,0,0,313725,0,absolute,node,9670,-1,-1,562
123,0,0,313725,0,absolute,node,15463,-1,2,562
124,0,0,313725,0,absolute,node,5486,-1,-2,562
125,0,0,313725,0,absolute,node,13030,-1,3,562
126,0,0,313725,0,absolute,node,6652,-1,-3,562
127,0,0,313725,0,absolute,node,17193,-1,1,562
128,0,0,313725,0,absolute,node,7081,-1,-1,562
129,0,0,333333,0,absolute,node,24866,-1,1,562
130,0,0,333333,0,absolute,node,17193,-1,-1,562
131,0,0,333333,0,absolute,node,14066,-1,1,562
132,0,0,333333,0,absolute,node,10433,-1,-1,562
133,0,0,333333,0,absolute,node,7081,-1,1,562
134,0,0,333333,0,absolute,node,9918,-1,-1,562
135,0,0,333333,0,absolute,node,6714,-1,1,562
136,0,0,333333,0,absolute,node,10433,-1,-1,562
137,0,0,352941,0,absolute,node,14640,-1,3,562
138,0,0,352941,0,absolute,node,5058,-1,-3,562
139,0,0,352941,0,absolute,node,19577,-1,1,562
140,0,0,352941,0,absolute,node,20427,-1,-1,562
141,0,0,352941,0,absolute,node,19583,-1,1,562
142,0,0,352941,0,absolute,node,13030,-1,-1,562
143,0,0,352941,0,absolute,node,22213,-1,1,562
144,0,0,352941,0,absolute,node,24866,-1,-1,562
145,0,0,372549,0,absolute,node,24866,-1,2,562
146,0,0,372549,0,absolute,node,9851,-1,-2,562
147,0,0,372549,0,absolute,node,2359,-1,1,562
148,0,0,372549,0,absolute,node,1796,-1,-1,562
149,0,0,372549,0,absolute,node,11945,-1,2,562
150,0,0,372549,0,absolute,node,14066,-1,-2,562
151,0,0,372549,0,absolute,node,9236,-1,1,562
152,0,0,372549,0,absolute,node,3352,-1,-1,562
153,0,0,392156,0,absolute,node,10096,-1,1,562
154,0,0,392156,0,absolute,node,24319,-1,-1,562
155,0,0,392156,0,absolute,node,23417,-1,1,562
156,0,0,392156,0,absolute,node,11855,-1,-1,562
157,0,0,392156,0,absolute,node,10601,-1,3,562
158,0,0,392156,0,absolute,node,22776,-1,-3,562
159,0,0,392156,0,absolute,node,9744,-1,2,562
160,0,0,392156,0,absolute,node,22776,-1,-2,562
161,0,0,411764,0,absolute,node,12543,-1,2,562
162,0,0,411764,0,absolute,node,1467,-1,-2,562
163,0,0,411764,0,absolute,node,19779,-1,1,562
164,0,0,411764,0,absolute,node,20991,-1,-1,562
165,0,0,411764,0,absolute,node,9542,-1,4,562
166,0,0,411764,0,absolute,node,18258,-1,-4,562
167,0,0,411764,0,absolute,node,10601,-1,5,562
168,0,0,411764,0,absolute,node,19583,-1,-5,562
169,0,0,431372,0,absolute,node,17845,-1,1,562
170,0,0,431372,0,absolute,node,10601,-1,-1,562
171,0,0,431372,0,absolute,node,18779,-1,3,562
172,0,0,431372,0,absolute,node,20427,-1,-3,562
173,0,0,431372,0,absolute,node,9577,-1,2,562
174,0,0,431372,0,absolute,node,19458,-1,-2,562
175,0,0,431372,0,absolute,node,10433,-1,2,562
176,0,0,431372,0,absolute,node,9236,-1,-2,562
177,0,0,450980,0,absolute,node,1796,-1,3,562
178,0,0,450980,0,absolute,node,14357,-1,-3,562
179,0,0,450980,0,absolute,node,22335,-1,1,562
180,0,0,450980,0,absolute,node,26004,-1,-1,562
181,0,0,450980,0,absolute,node,2375,-1,2,562
182,0,0,450980,0,absolute,node,9744,-1,-2,562
183,0,0,450980,0,absolute,node,5047,-1,1,562
184,0,0,450980,0,absolute,node,19577,-1,-1,562
185,0,0,470588,0,absolute,node,14640,-1,1,562
186,0,0,470588,0,absolute,node,14096,-1,-1,562
187,0,0,470588,0,absolute,node,18258,-1,2,562
188,0,0,470588,0,absolute,node,3352,-1,-2,562
189,0,0,470588,0,absolute,node,3337,-1,1,562
190,0,0,470588,0,absolute,node,11945,-1,-1,562
191,0,0,470588,0,absolute,node,19458,-1,1,562
192,0,0,470588,0,absolute,node,5279,-1,-1,562
193,0,0,490196,0,absolute,node,9918,-1,1,562
194,0,0,490196,0,absolute,node,13030,-1,-1,562
195,0,0,490196,0,absolute,node,22335,-1,1,562
196,0,0,490196,0,absolute,node,5047,-1,-1,562
197,0,0,490196,0,absolute,node,17842,-1,1,562
198,0,0,490196,0,absolute,node,23682,-1,-1,562
199,0,0,490196,0,absolute,node,2375,-1,1,562
200,0,0,490196,0,absolute,node,22776,-1,-1,562
201,0,0,509803,0,absolute,node,6437,-1,2,562
202,0,0,509803,0,absolute,node,12543,-1,-2,562
203,0,0,509803,0,absolute,node,10601,-1,4,562
204,0,0,509803,0,absolute,node,18258,-1,-4,562
205,0,0,509803,0,absolute,node,13030,-1,2,562
206,0,0,509803,0,absolute,node,9577,-1,-2,562
207,0,0,509803,0,absolute,node,24319,-1,3,562
208,0,0,509803,0,absolute,node,20427,-1,-3,562
209,0,0,529411,0,absolute,node,1796,-1,4,562
210,0,0,529411,0,absolute,node,15463,-1,-4,562
211,0,0,529411,0,absolute,node,24100,-1,2,562
212,0,0,529411,0,absolute,node,9236,-1,-2,562
213,0,0,529411,0,absolute,node,5058,-1,1,562
214,0,0,529411,0,absolute,node,1467,-1,-1,562
215,0,0,529411,0,absolute,node,10601,-1,1,562
216,0,0,529411,0,absolute,node,24319,-1,-1,562
217,0,0,549019,0,absolute,node,10503,-1,1,562
218,0,0,549019,0,absolute,node,3124,-1,-1,562
219,0,0,549019,0,absolute,node,19723,-1,3,562
220,0,0,549019,0,absolute,node,9236,-1,-3,562
221,0,0,549019,0,absolute,node,19694,-1,1,562
222,0,0,549019,0,absolute,node,9577,-1,-1,562
223,0,0,549019,0,absolute,node,22776,-1,2,562
224,0,0,549019,0,absolute,node,11093,-1,-2,562
225,0,0,568627,0,absolute,node,6437,-1,1,562
226,0,0,568627,0,absolute,node,14096,-1,-1,562
227,0,0,568627,0,absolute,node,2375,-1,2,562
228,0,0,568627,0,absolute,node,25024,-1,-2,562
229,0,0,568627,0,absolute,node,10096,-1,2,562
230,0,0,568627,0,absolute,node,25024,-1,-2,562
231,0,0,568627,0,absolute,node,1577,-1,1,562
232,0,0,568627,0,absolute,node,24319,-1,-1,562
233,0,0,588235,0,absolute,node,11093,-1,2,562
234,0,0,588235,0,absolute,node,10984,-1,-2,562
235,0,0,588235,0,absolute,node,10503,-1,1,562
236,0,0,588235,0,absolute,node,3337,-1,-1,562
237,0,0,588235,0,absolute,node,20427,-1,1,562
238,0,0,588235,0,absolute,node,14584,-1,-1,562
239,0,0,588235,0,absolute,node,19577,-1,1,562
240,0,0,588235,0,absolute,node,22213,-1,-1,562
241,0,0,607843,0,absolute,node,25024,-1,2,562
242,0,0,607843,0,absolute,node,10096,-1,-2,562
243,0,0,607843,0,absolute,node,9744,-1,2,562
244,0,0,607843,0,absolute,node,25208,-1,-2,562
245,0,0,607843,0,absolute,node,22074,-1,1,562
246,0,0,607843,0,absolute,node,18779,-1,-1,562
247,0,0,607843,0,absolute,node,11945,-1,2,562
248,0,0,607843,0,absolute,node,18779,-1,-2,562
249,0,0,627450,0,absolute,node,1577,-1,1,562
250,0,0,627450,0,absolute,node,14584,-1,-1,562
251,0,0,627450,0,absolute,node,19779,-1,1,562
252,0,0,627450,0,absolute,node,5047,-1,-1,562
253,0,0,627450,0,absolute,node,1796,-1,1,562
254,0,0,627450,0,absolute,node,9918,-1,-1,562
255,0,0,627450,0,absolute,node,21220,-1,4,562
256,0,0,627450,0,absolute,node,11855,-1,-4,562
257,0,0,647058,0,absolute,node,9236,-1,2,562
258,0,0,647058,0,absolute,node,22074,-1,-2,562
259,0,0,647058,0,absolute,node,15788,-1,1,562
260,0,0,647058,0,absolute,node,22074,-1,-1,562
261,0,0,647058,0,absolute,node,2849,-1,1,562
262,0,0,647058,0,absolute,node,18779,-1,-1,562
263,0,0,647058,0,absolute,node,5486,-1,1,562
264,0,0,647058,0,absolute,node,9670,-1,-1,562
265,0,0,666666,0,absolute,node,8527,-1,1,562
266,0,0,666666,0,absolute,node,24319,-1,-1,562
267,0,0,666666,0,absolute,node,14096,-1,1,562
268,0,0,666666,0,absolute,node,19254,-1,-1,562
269,0,0,666666,0,absolute,node,22074,-1,1,562
270,0,0,666666,0,absolute,node,16908,-1,-1,562
271,0,0,666666,0,absolute,node,22213,-1,1,562
272,0,0,666666,0,absolute,node,19458,-1,-1,562
273,0,0,686274,0,absolute,node,19458,-1,3,562
274,0,0,686274,0,absolute,node,19723,-1,-3,562
275,0,0,686274,0,absolute,node,25024,-1,2,562
276,0,0,686274,0,absolute,node,20316,-1,-2,562
277,0,0,686274,0,absolute,node,15463,-1,1,562
278,0,0,686274,0,absolute,node,2375,-1,-1,562
279,0,0,686274,0,absolute,node,2548,-1,1,562
280,0,0,686274,0,absolute,node,3997,-1,-1,562
281,0,0,705882,0,absolute,node,11945,-1,2,562
282,0,0,705882,0,absolute,node,16908,-1,-2,562
283,0,0,705882,0,absolute,node,24100,-1,1,562
284,0,0,705882,0,absolute,node,20316,-1,-1,562
285,0,0,705882,0,absolute,node,16464,-1,3,562
286,0,0,705882,0,absolute,node,10096,-1,-3,562
287,0,0,705882,0,absolute,node,23682,-1,1,562
288,0,0,705882,0,absolute,node,9851,-1,-1,562
289,0,0,725490,0,absolute,node,11455,-1,2,562
290,0,0,725490,0,absolute,node,21693,-1,-2,562
291,0,0,725490,0,absolute,node,11093,-1,1,562
292,0,0,725490,0,absolute,node,3997,-1,-1,562
293,0,0,725490,0,absolute,node,16908,-1,1,562
294,0,0,725490,0,absolute,node,25096,-1,-1,562
295,0,0,725490,0,absolute,node,15463,-1,2,562
296,0,0,725490,0,absolute,node,20991,-1,-2,562
297,0,0,745098,0,absolute,node,23417,-1,3,562
298,0,0,745098,0,absolute,node,22074,-1,-3,562
299,0,0,745098,0,absolute,node,24866,-1,3,562
300,0,0,745098,0,absolute,node,21693,-1,-3,562
301,0,0,745098,0,absolute,node,10096,-1,1,562
302,0,0,745098,0,absolute,node,22335,-1,-1,562
303,0,0,745098,0,absolute,node,17845,-1,1,562
304,0,0,745098,0,absolute,node,13030,-1,-1,562
305,0,0,764705,0,absolute,node,20427,-1,3,562
306,0,0,764705,0,absolute,node,5058,-1,-3,562
307,0,0,764705,0,absolute,node,5279,-1,1,562
308,0,0,764705,0,absolute,node,20316,-1,-1,562
309,0,0,764705,0,absolute,node,26004,-1,1,562
310,0,0,764705,0,absolute,node,2375,-1,-1,562
311,0,0,764705,0,absolute,node,19694,-1,3,562
312,0,0,764705,0,absolute,node,9166,-1,-3,562
313,0,0,784313,0,absolute,node,25208,-1,1,562
314,0,0,784313,0,absolute,node,21693,-1,-1,562
315,0,0,784313,0,absolute,node,11855,-1,1,562
316,0,0,784313,0,absolute,node,19779,-1,-1,562
317,0,0,784313,0,absolute,node,7081,-1,4,562
318,0,0,784313,0,absolute,node,10503,-1,-4,562
319,0,0,784313,0,absolute,node,3124,-1,1,562
320,0,0,784313,0,absolute,node,19583,-1,-1,562
321,0,0,803921,0,absolute,node,15297,-1,3,562
322,0,0,803921,0,absolute,node,7969,-1,-3,562
323,0,0,803921,0,absolute,node,9542,-1,1,562
324,0,0,803921,0,absolute,node,17842,-1,-1,562
325,0,0,803921,0,absolute,node,18779,-1,1,562
326,0,0,803921,0,absolute,node,11455,-1,-1,562
327,0,0,803921,0,absolute,node,20316,-1,1,562
328,0,0,803921,0,absolute,node,16908,-1,-1,562
329,0,0,823529,0,absolute,node,14066,-1,3,562
330,0,0,823529,0,absolute,node,9236,-1,-3,562
331,0,0,823529,0,absolute,node,25096,-1,3,562
332,0,0,823529,0,absolute,node,4563,-1,-3,562
333,0,0,823529,0,absolute,node,1467,-1,1,562
334,0,0,823529,0,absolute,node,17845,-1,-1,562
335,0,0,823529,0,absolute,node,6714,-1,2,562
336,0,0,823529,0,absolute,node,11093,-1,-2,562
337,0,0,843137,0,absolute,node,9542,-1,1,562
338,0,0,843137,0,absolute,node,14096,-1,-1,562
339,0,0,843137,0,absolute,node,3124,-1,3,562
340,0,0,843137,0,absolute,node,2359,-1,-3,562
341,0,0,843137,0,absolute,node,22074,-1,1,562
342,0,0,843137,0,absolute,node,17845,-1,-1,562
343,0,0,843137,0,absolute,node,9918,-1,2,562
344,0,0,843137,0,absolute,node,18056,-1,-2,562
345,0,0,862745,0,absolute,node,18779,-1,1,562
346,0,0,862745,0,absolute,node,17344,-1,-1,562
347,0,0,862745,0,absolute,node,19487,-1,1,562
348,0,0,862745,0,absolute,node,21882,-1,-1,562
349,0,0,862745,0,absolute,node,3124,-1,1,562
350,0,0,862745,0,absolute,node,21882,-1,-1,562
351,0,0,862745,0,absolute,node,4563,-1,3,562
352,0,0,862745,0,absolute,node,25096,-1,-3,562
353,0,0,882352,0,absolute,node,2359,-1,2,562
354,0,0,882352,0,absolute,node,6714,-1,-2,562
355,0,0,882352,0,absolute,node,23682,-1,2,562
356,0,0,882352,0,absolute,node,22074,-1,-2,562
357,0,0,882352,0,absolute,node,11455,-1,1,562
358,0,0,882352,0,absolute,node,19577,-1,-1,562
359,0,0,882352,0,absolute,node,2849,-1,1,562
360,0,0,882352,0,absolute,node,5486,-1,-1,562
361,0,0,901960,0,absolute,node,20316,-1,3,562
362,0,0,901960,0,absolute,node,10984,-1,-3,562
363,0,0,901960,0,absolute,node,19487,-1,1,562
364,0,0,901960,0,absolute,node,11945,-1,-1,562
365,0,0,901960,0,absolute,node,9166,-1,1,562
366,0,0,901960,0,absolute,node,19723,-1,-1,562
367,0,0,901960,0,absolute,node,2903,-1,4,562
368,0,0,901960,0,absolute,node,9542,-1,-4,562
369,0,0,921568,0,absolute,node,15463,-1,1,562
370,0,0,921568,0,absolute,node,20427,-1,-1,562
371,0,0,921568,0,absolute,node,10096,-1,1,562
372,0,0,921568,0,absolute,node,9918,-1,-1,562
373,0,0,921568,0,absolute,node,10984,-1,2,562
374,0,0,921568,0,absolute,node,3124,-1,-2,562
375,0,0,921568,0,absolute,node,14640,-1,1,562
376,0,0,921568,0,absolute,node,11855,-1,-1,562
377,0,0,941176,0,absolute,node,2903,-1,2,562
378,0,0,941176,0,absolute,node,10984,-1,-2,562
379,0,0,941176,0,absolute,node,11093,-1,4,562
380,0,0,941176,0,absolute,node,10096,-1,-4,562
381,0,0,941176,0,absolute,node,11855,-1,2,562
382,0,0,941176,0,absolute,node,6714,-1,-2,562
383,0,0,941176,0,absolute,node,19723,-1,2,562
384,0,0,941176,0,absolute,node,21101,-1,-2,562
385,0,0,960784,0,absolute,node,19697,-1,1,562
386,0,0,960784,0,absolute,node,17845,-1,-1,562
387,0,0,960784,0,absolute,node,6714,-1,1,562
388,0,0,960784,0,absolute,node,11093,-1,-1,562
389,0,0,960784,0,absolute,node,8527,-1,2,562
390,0,0,960784,0,absolute,node,22335,-1,-2,562
391,0,0,960784,0,absolute,node,2375,-1,3,562
392,0,0,960784,0,absolute,node,9166,-1,-3,562
393,0,0,980392,0,absolute,node,3124,-1,1,562
394,0,0,980392,0,absolute,node,25096,-1,-1,562
395,0,0,980392,0,absolute,node,17845,-1,1,562
396,0,0,980392,0,absolute,node,22074,-1,-1,562
397,0,0,980392,0,absolute,node,6652,-1,1,562
398,0,0,980392,0,absolute,node,5047,-1,-1,562
399,0,0,980392,0,absolute,node,24319,-1,2,562
400,0,0,980392,0,absolute,node,26004,-1,-2,562
