changeID,absoluteTime,evaluation,bitVector,distanceEvaluation,typeOfChange,affected,affectedID1,affectedID2,change,totalAfterChange
0,0,0,0,0,,,-1,-1,0,521
1,0,0,90909,0,absolute,node,55912,-1,4,521
2,0,0,90909,0,absolute,node,24394,-1,-4,521
3,0,0,90909,0,absolute,node,182998,-1,1,521
4,0,0,90909,0,absolute,node,42826,-1,-1,521
5,0,0,90909,0,absolute,node,192970,-1,2,521
6,0,0,90909,0,absolute,node,137817,-1,-2,521
7,0,0,90909,0,absolute,node,52756,-1,1,521
8,0,0,90909,0,absolute,node,62965,-1,-1,521
9,0,0,181818,0,absolute,node,87100,-1,1,521
10,0,0,181818,0,absolute,node,42076,-1,-1,521
11,0,0,181818,0,absolute,node,44970,-1,1,521
12,0,0,181818,0,absolute,node,83571,-1,-1,521
13,0,0,181818,0,absolute,node,117203,-1,1,521
14,0,0,181818,0,absolute,node,52853,-1,-1,521
15,0,0,181818,0,absolute,node,126263,-1,1,521
16,0,0,181818,0,absolute,node,17037,-1,-1,521
17,0,0,272727,0,absolute,node,154759,-1,2,521
18,0,0,272727,0,absolute,node,186701,-1,-2,521
19,0,0,272727,0,absolute,node,20476,-1,2,521
20,0,0,272727,0,absolute,node,192970,-1,-2,521
21,0,0,272727,0,absolute,node,111217,-1,1,521
22,0,0,272727,0,absolute,node,104038,-1,-1,521
23,0,0,272727,0,absolute,node,52756,-1,1,521
24,0,0,272727,0,absolute,node,55573,-1,-1,521
25,0,0,363636,0,absolute,node,58529,-1,3,521
26,0,0,363636,0,absolute,node,196073,-1,-3,521
27,0,0,363636,0,absolute,node,198588,-1,3,521
28,0,0,363636,0,absolute,node,167806,-1,-3,521
29,0,0,363636,0,absolute,node,55721,-1,3,521
30,0,0,363636,0,absolute,node,137817,-1,-3,521
31,0,0,363636,0,absolute,node,11401,-1,1,521
32,0,0,363636,0,absolute,node,162272,-1,-1,521
33,0,0,454545,0,absolute,node,153787,-1,1,521
34,0,0,454545,0,absolute,node,173513,-1,-1,521
35,0,0,454545,0,absolute,node,17037,-1,2,521
36,0,0,454545,0,absolute,node,210590,-1,-2,521
37,0,0,454545,0,absolute,node,32278,-1,1,521
38,0,0,454545,0,absolute,node,210590,-1,-1,521
39,0,0,454545,0,absolute,node,18026,-1,2,521
40,0,0,454545,0,absolute,node,55573,-1,-2,521
41,0,0,545454,0,absolute,node,83571,-1,3,521
42,0,0,545454,0,absolute,node,52756,-1,-3,521
43,0,0,545454,0,absolute,node,189534,-1,1,521
44,0,0,545454,0,absolute,node,69420,-1,-1,521
45,0,0,545454,0,absolute,node,165680,-1,1,521
46,0,0,545454,0,absolute,node,55912,-1,-1,521
47,0,0,545454,0,absolute,node,18026,-1,1,521
48,0,0,545454,0,absolute,node,9155,-1,-1,521
49,0,0,636363,0,absolute,node,55912,-1,1,521
50,0,0,636363,0,absolute,node,117203,-1,-1,521
51,0,0,636363,0,absolute,node,207885,-1,2,521
52,0,0,636363,0,absolute,node,11401,-1,-2,521
53,0,0,636363,0,absolute,node,190136,-1,1,521
54,0,0,636363,0,absolute,node,83571,-1,-1,521
55,0,0,636363,0,absolute,node,206379,-1,1,521
56,0,0,636363,0,absolute,node,210351,-1,-1,521
57,0,0,727272,0,absolute,node,55912,-1,1,521
58,0,0,727272,0,absolute,node,39028,-1,-1,521
59,0,0,727272,0,absolute,node,127465,-1,1,521
60,0,0,727272,0,absolute,node,200416,-1,-1,521
61,0,0,727272,0,absolute,node,29757,-1,3,521
62,0,0,727272,0,absolute,node,167806,-1,-3,521
63,0,0,727272,0,absolute,node,171483,-1,2,521
64,0,0,727272,0,absolute,node,130098,-1,-2,521
65,0,0,818181,0,absolute,node,192970,-1,1,521
66,0,0,818181,0,absolute,node,201533,-1,-1,521
67,0,0,818181,0,absolute,node,56335,-1,4,521
68,0,0,818181,0,absolute,node,24394,-1,-4,521
69,0,0,818181,0,absolute,node,117203,-1,3,521
70,0,0,818181,0,absolute,node,87033,-1,-3,521
71,0,0,818181,0,absolute,node,196073,-1,4,521
72,0,0,818181,0,absolute,node,106966,-1,-4,521
73,0,0,909090,0,absolute,node,141530,-1,1,521
74,0,0,909090,0,absolute,node,123811,-1,-1,521
75,0,0,909090,0,absolute,node,210590,-1,2,521
76,0,0,909090,0,absolute,node,44970,-1,-2,521
77,0,0,909090,0,absolute,node,42076,-1,3,521
78,0,0,909090,0,absolute,node,52756,-1,-3,521
79,0,0,909090,0,absolute,node,141438,-1,4,521
80,0,0,909090,0,absolute,node,207885,-1,-4,521
