changeID,absoluteTime,evaluation,bitVector,distanceEvaluation,typeOfChange,affected,affectedID1,affectedID2,change,totalAfterChange
0,0,0,0,0,,,-1,-1,0,562
1,0,0,90909,0,absolute,node,19694,-1,2,562
2,0,0,90909,0,absolute,node,3352,-1,-2,562
3,0,0,90909,0,absolute,node,21693,-1,1,562
4,0,0,90909,0,absolute,node,7969,-1,-1,562
5,0,0,90909,0,absolute,node,20427,-1,1,562
6,0,0,90909,0,absolute,node,2548,-1,-1,562
7,0,0,90909,0,absolute,node,9166,-1,2,562
8,0,0,90909,0,absolute,node,11093,-1,-2,562
9,0,0,181818,0,absolute,node,10328,-1,1,562
10,0,0,181818,0,absolute,node,8527,-1,-1,562
11,0,0,181818,0,absolute,node,19779,-1,1,562
12,0,0,181818,0,absolute,node,19458,-1,-1,562
13,0,0,181818,0,absolute,node,12543,-1,1,562
14,0,0,181818,0,absolute,node,10433,-1,-1,562
15,0,0,181818,0,absolute,node,16908,-1,1,562
16,0,0,181818,0,absolute,node,2849,-1,-1,562
17,0,0,272727,0,absolute,node,25208,-1,1,562
18,0,0,272727,0,absolute,node,16464,-1,-1,562
19,0,0,272727,0,absolute,node,10601,-1,1,562
20,0,0,272727,0,absolute,node,3352,-1,-1,562
21,0,0,272727,0,absolute,node,17842,-1,1,562
22,0,0,272727,0,absolute,node,10096,-1,-1,562
23,0,0,272727,0,absolute,node,24866,-1,2,562
24,0,0,272727,0,absolute,node,15463,-1,-2,562
25,0,0,363636,0,absolute,node,26004,-1,5,562
26,0,0,363636,0,absolute,node,25096,-1,-5,562
27,0,0,363636,0,absolute,node,9166,-1,1,562
28,0,0,363636,0,absolute,node,19694,-1,-1,562
29,0,0,363636,0,absolute,node,24319,-1,1,562
30,0,0,363636,0,absolute,node,24842,-1,-1,562
31,0,0,363636,0,absolute,node,25751,-1,1,562
32,0,0,363636,0,absolute,node,17845,-1,-1,562
33,0,0,454545,0,absolute,node,19577,-1,3,562
34,0,0,454545,0,absolute,node,25751,-1,-3,562
35,0,0,454545,0,absolute,node,10096,-1,2,562
36,0,0,454545,0,absolute,node,20316,-1,-2,562
37,0,0,454545,0,absolute,node,17845,-1,4,562
38,0,0,454545,0,absolute,node,15463,-1,-4,562
39,0,0,454545,0,absolute,node,4563,-1,1,562
40,0,0,454545,0,absolute,node,11455,-1,-1,562
41,0,0,545454,0,absolute,node,21220,-1,1,562
42,0,0,545454,0,absolute,node,14096,-1,-1,562
43,0,0,545454,0,absolute,node,24319,-1,2,562
44,0,0,545454,0,absolute,node,16908,-1,-2,562
45,0,0,545454,0,absolute,node,10328,-1,2,562
46,0,0,545454,0,absolute,node,23417,-1,-2,562
47,0,0,545454,0,absolute,node,18779,-1,2,562
48,0,0,545454,0,absolute,node,20427,-1,-2,562
49,0,0,636363,0,absolute,node,9918,-1,1,562
50,0,0,636363,0,absolute,node,25751,-1,-1,562
51,0,0,636363,0,absolute,node,2548,-1,1,562
52,0,0,636363,0,absolute,node,19577,-1,-1,562
53,0,0,636363,0,absolute,node,19458,-1,3,562
54,0,0,636363,0,absolute,node,3352,-1,-3,562
55,0,0,636363,0,absolute,node,5047,-1,1,562
56,0,0,636363,0,absolute,node,24100,-1,-1,562
57,0,0,727272,0,absolute,node,11945,-1,1,562
58,0,0,727272,0,absolute,node,19577,-1,-1,562
59,0,0,727272,0,absolute,node,9236,-1,2,562
60,0,0,727272,0,absolute,node,3337,-1,-2,562
61,0,0,727272,0,absolute,node,2849,-1,2,562
62,0,0,727272,0,absolute,node,1467,-1,-2,562
63,0,0,727272,0,absolute,node,20316,-1,4,562
64,0,0,727272,0,absolute,node,19487,-1,-4,562
65,0,0,818181,0,absolute,node,14584,-1,4,562
66,0,0,818181,0,absolute,node,10096,-1,-4,562
67,0,0,818181,0,absolute,node,19694,-1,3,562
68,0,0,818181,0,absolute,node,9236,-1,-3,562
69,0,0,818181,0,absolute,node,3124,-1,3,562
70,0,0,818181,0,absolute,node,10096,-1,-3,562
71,0,0,818181,0,absolute,node,14066,-1,2,562
72,0,0,818181,0,absolute,node,3997,-1,-2,562
73,0,0,909090,0,absolute,node,7081,-1,3,562
74,0,0,909090,0,absolute,node,19583,-1,-3,562
75,0,0,909090,0,absolute,node,20316,-1,1,562
76,0,0,909090,0,absolute,node,22213,-1,-1,562
77,0,0,909090,0,absolute,node,10601,-1,4,562
78,0,0,909090,0,absolute,node,18258,-1,-4,562
79,0,0,909090,0,absolute,node,5058,-1,1,562
80,0,0,909090,0,absolute,node,18258,-1,-1,562
