changeID,absoluteTime,evaluation,bitVector,distanceEvaluation,typeOfChange,affected,affectedID1,affectedID2,change,totalAfterChange
0,0,0,0,0,,,-1,-1,0,535
1,0,0,90909,0,absolute,node,17888,-1,3,535
2,0,0,90909,0,absolute,node,7713,-1,-3,535
3,0,0,90909,0,absolute,node,15335,-1,1,535
4,0,0,90909,0,absolute,node,5126,-1,-1,535
5,0,0,90909,0,absolute,node,20894,-1,1,535
6,0,0,90909,0,absolute,node,10305,-1,-1,535
7,0,0,90909,0,absolute,node,4200,-1,1,535
8,0,0,90909,0,absolute,node,18291,-1,-1,535
9,0,0,181818,0,absolute,node,7797,-1,2,535
10,0,0,181818,0,absolute,node,10922,-1,-2,535
11,0,0,181818,0,absolute,node,5017,-1,1,535
12,0,0,181818,0,absolute,node,5126,-1,-1,535
13,0,0,181818,0,absolute,node,18406,-1,3,535
14,0,0,181818,0,absolute,node,23231,-1,-3,535
15,0,0,181818,0,absolute,node,1801,-1,1,535
16,0,0,181818,0,absolute,node,3245,-1,-1,535
17,0,0,272727,0,absolute,node,5405,-1,1,535
18,0,0,272727,0,absolute,node,25983,-1,-1,535
19,0,0,272727,0,absolute,node,1433,-1,1,535
20,0,0,272727,0,absolute,node,5168,-1,-1,535
21,0,0,272727,0,absolute,node,23231,-1,1,535
22,0,0,272727,0,absolute,node,7713,-1,-1,535
23,0,0,272727,0,absolute,node,9151,-1,3,535
24,0,0,272727,0,absolute,node,25068,-1,-3,535
25,0,0,363636,0,absolute,node,7481,-1,1,535
26,0,0,363636,0,absolute,node,55,-1,-1,535
27,0,0,363636,0,absolute,node,15550,-1,1,535
28,0,0,363636,0,absolute,node,21691,-1,-1,535
29,0,0,363636,0,absolute,node,4200,-1,1,535
30,0,0,363636,0,absolute,node,7797,-1,-1,535
31,0,0,363636,0,absolute,node,12038,-1,3,535
32,0,0,363636,0,absolute,node,9202,-1,-3,535
33,0,0,454545,0,absolute,node,14737,-1,3,535
34,0,0,454545,0,absolute,node,3777,-1,-3,535
35,0,0,454545,0,absolute,node,3593,-1,2,535
36,0,0,454545,0,absolute,node,2339,-1,-2,535
37,0,0,454545,0,absolute,node,8606,-1,4,535
38,0,0,454545,0,absolute,node,19607,-1,-4,535
39,0,0,454545,0,absolute,node,6499,-1,1,535
40,0,0,454545,0,absolute,node,2050,-1,-1,535
41,0,0,545454,0,absolute,node,3593,-1,1,535
42,0,0,545454,0,absolute,node,24064,-1,-1,535
43,0,0,545454,0,absolute,node,11011,-1,1,535
44,0,0,545454,0,absolute,node,1872,-1,-1,535
45,0,0,545454,0,absolute,node,15550,-1,3,535
46,0,0,545454,0,absolute,node,7134,-1,-3,535
47,0,0,545454,0,absolute,node,11893,-1,1,535
48,0,0,545454,0,absolute,node,15600,-1,-1,535
49,0,0,636363,0,absolute,node,5405,-1,1,535
50,0,0,636363,0,absolute,node,20316,-1,-1,535
51,0,0,636363,0,absolute,node,24064,-1,1,535
52,0,0,636363,0,absolute,node,10150,-1,-1,535
53,0,0,636363,0,absolute,node,3777,-1,1,535
54,0,0,636363,0,absolute,node,25068,-1,-1,535
55,0,0,636363,0,absolute,node,7228,-1,1,535
56,0,0,636363,0,absolute,node,25089,-1,-1,535
57,0,0,727272,0,absolute,node,8606,-1,3,535
58,0,0,727272,0,absolute,node,10922,-1,-3,535
59,0,0,727272,0,absolute,node,1801,-1,1,535
60,0,0,727272,0,absolute,node,6223,-1,-1,535
61,0,0,727272,0,absolute,node,19178,-1,1,535
62,0,0,727272,0,absolute,node,3996,-1,-1,535
63,0,0,727272,0,absolute,node,3593,-1,1,535
64,0,0,727272,0,absolute,node,21439,-1,-1,535
65,0,0,818181,0,absolute,node,5168,-1,1,535
66,0,0,818181,0,absolute,node,4698,-1,-1,535
67,0,0,818181,0,absolute,node,3777,-1,1,535
68,0,0,818181,0,absolute,node,1872,-1,-1,535
69,0,0,818181,0,absolute,node,18449,-1,1,535
70,0,0,818181,0,absolute,node,19485,-1,-1,535
71,0,0,818181,0,absolute,node,5740,-1,1,535
72,0,0,818181,0,absolute,node,5016,-1,-1,535
73,0,0,909090,0,absolute,node,6223,-1,5,535
74,0,0,909090,0,absolute,node,6040,-1,-5,535
75,0,0,909090,0,absolute,node,19607,-1,1,535
76,0,0,909090,0,absolute,node,7134,-1,-1,535
77,0,0,909090,0,absolute,node,2339,-1,3,535
78,0,0,909090,0,absolute,node,153,-1,-3,535
79,0,0,909090,0,absolute,node,25089,-1,2,535
80,0,0,909090,0,absolute,node,7966,-1,-2,535
