changeID,absoluteTime,evaluation,bitVector,distanceEvaluation,typeOfChange,affected,affectedID1,affectedID2,change,totalAfterChange
0,0,0,0,0,,,-1,-1,0,535
1,0,0,38461,0,absolute,node,7134,-1,1,535
2,0,0,38461,0,absolute,node,6223,-1,-1,535
3,0,0,38461,0,absolute,node,2050,-1,1,535
4,0,0,38461,0,absolute,node,20316,-1,-1,535
5,0,0,38461,0,absolute,node,25068,-1,1,535
6,0,0,38461,0,absolute,node,1433,-1,-1,535
7,0,0,38461,0,absolute,node,15550,-1,1,535
8,0,0,38461,0,absolute,node,5168,-1,-1,535
9,0,0,38461,0,absolute,node,12941,-1,4,535
10,0,0,38461,0,absolute,node,10922,-1,-4,535
11,0,0,38461,0,absolute,node,5405,-1,4,535
12,0,0,38461,0,absolute,node,1801,-1,-4,535
13,0,0,38461,0,absolute,node,15313,-1,1,535
14,0,0,38461,0,absolute,node,5126,-1,-1,535
15,0,0,38461,0,absolute,node,11011,-1,1,535
16,0,0,38461,0,absolute,node,5306,-1,-1,535
17,0,0,38461,0,absolute,node,18406,-1,1,535
18,0,0,38461,0,absolute,node,4698,-1,-1,535
19,0,0,38461,0,absolute,node,17201,-1,1,535
20,0,0,38461,0,absolute,node,5740,-1,-1,535
21,0,0,38461,0,absolute,node,5017,-1,1,535
22,0,0,38461,0,absolute,node,20407,-1,-1,535
23,0,0,38461,0,absolute,node,21825,-1,2,535
24,0,0,38461,0,absolute,node,7228,-1,-2,535
25,0,0,38461,0,absolute,node,8097,-1,2,535
26,0,0,38461,0,absolute,node,3420,-1,-2,535
27,0,0,38461,0,absolute,node,24064,-1,2,535
28,0,0,38461,0,absolute,node,19178,-1,-2,535
29,0,0,38461,0,absolute,node,24988,-1,4,535
30,0,0,38461,0,absolute,node,3048,-1,-4,535
31,0,0,38461,0,absolute,node,18449,-1,2,535
32,0,0,38461,0,absolute,node,25089,-1,-2,535
33,0,0,38461,0,absolute,node,15989,-1,1,535
34,0,0,38461,0,absolute,node,25044,-1,-1,535
35,0,0,38461,0,absolute,node,15600,-1,2,535
36,0,0,38461,0,absolute,node,2339,-1,-2,535
37,0,0,38461,0,absolute,node,20894,-1,4,535
38,0,0,38461,0,absolute,node,9151,-1,-4,535
39,0,0,38461,0,absolute,node,7797,-1,1,535
40,0,0,38461,0,absolute,node,18291,-1,-1,535
41,0,0,38461,0,absolute,node,23231,-1,1,535
42,0,0,38461,0,absolute,node,12783,-1,-1,535
43,0,0,38461,0,absolute,node,14737,-1,2,535
44,0,0,38461,0,absolute,node,24650,-1,-2,535
45,0,0,38461,0,absolute,node,19485,-1,1,535
46,0,0,38461,0,absolute,node,25089,-1,-1,535
47,0,0,38461,0,absolute,node,5243,-1,2,535
48,0,0,38461,0,absolute,node,7966,-1,-2,535
49,0,0,76923,0,absolute,node,24433,-1,2,535
50,0,0,76923,0,absolute,node,7134,-1,-2,535
51,0,0,76923,0,absolute,node,22050,-1,2,535
52,0,0,76923,0,absolute,node,19178,-1,-2,535
53,0,0,76923,0,absolute,node,3593,-1,1,535
54,0,0,76923,0,absolute,node,15600,-1,-1,535
55,0,0,76923,0,absolute,node,4200,-1,2,535
56,0,0,76923,0,absolute,node,15335,-1,-2,535
57,0,0,76923,0,absolute,node,1801,-1,3,535
58,0,0,76923,0,absolute,node,9202,-1,-3,535
59,0,0,76923,0,absolute,node,12941,-1,1,535
60,0,0,76923,0,absolute,node,1872,-1,-1,535
61,0,0,76923,0,absolute,node,3426,-1,2,535
62,0,0,76923,0,absolute,node,5017,-1,-2,535
63,0,0,76923,0,absolute,node,11011,-1,1,535
64,0,0,76923,0,absolute,node,10305,-1,-1,535
65,0,0,76923,0,absolute,node,2202,-1,2,535
66,0,0,76923,0,absolute,node,7228,-1,-2,535
67,0,0,76923,0,absolute,node,7966,-1,1,535
68,0,0,76923,0,absolute,node,24064,-1,-1,535
69,0,0,76923,0,absolute,node,12038,-1,1,535
70,0,0,76923,0,absolute,node,3245,-1,-1,535
71,0,0,76923,0,absolute,node,5126,-1,2,535
72,0,0,76923,0,absolute,node,25983,-1,-2,535
73,0,0,76923,0,absolute,node,7953,-1,2,535
74,0,0,76923,0,absolute,node,19485,-1,-2,535
75,0,0,76923,0,absolute,node,5016,-1,3,535
76,0,0,76923,0,absolute,node,7713,-1,-3,535
77,0,0,76923,0,absolute,node,13903,-1,1,535
78,0,0,76923,0,absolute,node,15335,-1,-1,535
79,0,0,76923,0,absolute,node,26018,-1,2,535
80,0,0,76923,0,absolute,node,24650,-1,-2,535
81,0,0,76923,0,absolute,node,17262,-1,2,535
82,0,0,76923,0,absolute,node,1433,-1,-2,535
83,0,0,76923,0,absolute,node,5740,-1,3,535
84,0,0,76923,0,absolute,node,24988,-1,-3,535
85,0,0,76923,0,absolute,node,3048,-1,4,535
86,0,0,76923,0,absolute,node,24239,-1,-4,535
87,0,0,76923,0,absolute,node,20894,-1,1,535
88,0,0,76923,0,absolute,node,24988,-1,-1,535
89,0,0,76923,0,absolute,node,21439,-1,2,535
90,0,0,76923,0,absolute,node,10295,-1,-2,535
91,0,0,76923,0,absolute,node,7481,-1,1,535
92,0,0,76923,0,absolute,node,55,-1,-1,535
93,0,0,76923,0,absolute,node,9966,-1,1,535
94,0,0,76923,0,absolute,node,9202,-1,-1,535
95,0,0,76923,0,absolute,node,25651,-1,3,535
96,0,0,76923,0,absolute,node,9202,-1,-3,535
97,0,0,115384,0,absolute,node,11011,-1,3,535
98,0,0,115384,0,absolute,node,3420,-1,-3,535
99,0,0,115384,0,absolute,node,5740,-1,1,535
100,0,0,115384,0,absolute,node,12380,-1,-1,535
101,0,0,115384,0,absolute,node,15600,-1,3,535
102,0,0,115384,0,absolute,node,25068,-1,-3,535
103,0,0,115384,0,absolute,node,5016,-1,1,535
104,0,0,115384,0,absolute,node,17201,-1,-1,535
105,0,0,115384,0,absolute,node,17262,-1,2,535
106,0,0,115384,0,absolute,node,3426,-1,-2,535
107,0,0,115384,0,absolute,node,3593,-1,2,535
108,0,0,115384,0,absolute,node,18406,-1,-2,535
109,0,0,115384,0,absolute,node,5126,-1,1,535
110,0,0,115384,0,absolute,node,7228,-1,-1,535
111,0,0,115384,0,absolute,node,7134,-1,2,535
112,0,0,115384,0,absolute,node,1872,-1,-2,535
113,0,0,115384,0,absolute,node,10922,-1,1,535
114,0,0,115384,0,absolute,node,18406,-1,-1,535
115,0,0,115384,0,absolute,node,153,-1,1,535
116,0,0,115384,0,absolute,node,24239,-1,-1,535
117,0,0,115384,0,absolute,node,3777,-1,2,535
118,0,0,115384,0,absolute,node,19178,-1,-2,535
119,0,0,115384,0,absolute,node,10150,-1,2,535
120,0,0,115384,0,absolute,node,2202,-1,-2,535
121,0,0,115384,0,absolute,node,4698,-1,2,535
122,0,0,115384,0,absolute,node,9262,-1,-2,535
123,0,0,115384,0,absolute,node,9202,-1,1,535
124,0,0,115384,0,absolute,node,20316,-1,-1,535
125,0,0,115384,0,absolute,node,12941,-1,1,535
126,0,0,115384,0,absolute,node,1872,-1,-1,535
127,0,0,115384,0,absolute,node,18449,-1,4,535
128,0,0,115384,0,absolute,node,1801,-1,-4,535
129,0,0,115384,0,absolute,node,10295,-1,5,535
130,0,0,115384,0,absolute,node,3420,-1,-5,535
131,0,0,115384,0,absolute,node,13903,-1,1,535
132,0,0,115384,0,absolute,node,55,-1,-1,535
133,0,0,115384,0,absolute,node,6220,-1,3,535
134,0,0,115384,0,absolute,node,7713,-1,-3,535
135,0,0,115384,0,absolute,node,21439,-1,2,535
136,0,0,115384,0,absolute,node,24239,-1,-2,535
137,0,0,115384,0,absolute,node,7797,-1,4,535
138,0,0,115384,0,absolute,node,6040,-1,-4,535
139,0,0,115384,0,absolute,node,25651,-1,1,535
140,0,0,115384,0,absolute,node,17888,-1,-1,535
141,0,0,115384,0,absolute,node,9151,-1,4,535
142,0,0,115384,0,absolute,node,14737,-1,-4,535
143,0,0,115384,0,absolute,node,7953,-1,1,535
144,0,0,115384,0,absolute,node,5665,-1,-1,535
145,0,0,153846,0,absolute,node,2339,-1,1,535
146,0,0,153846,0,absolute,node,20316,-1,-1,535
147,0,0,153846,0,absolute,node,7966,-1,4,535
148,0,0,153846,0,absolute,node,25068,-1,-4,535
149,0,0,153846,0,absolute,node,26093,-1,3,535
150,0,0,153846,0,absolute,node,9151,-1,-3,535
151,0,0,153846,0,absolute,node,21825,-1,2,535
152,0,0,153846,0,absolute,node,1262,-1,-2,535
153,0,0,153846,0,absolute,node,3048,-1,1,535
154,0,0,153846,0,absolute,node,5405,-1,-1,535
155,0,0,153846,0,absolute,node,17888,-1,2,535
156,0,0,153846,0,absolute,node,20894,-1,-2,535
157,0,0,153846,0,absolute,node,8097,-1,3,535
158,0,0,153846,0,absolute,node,1801,-1,-3,535
159,0,0,153846,0,absolute,node,19485,-1,5,535
160,0,0,153846,0,absolute,node,11011,-1,-5,535
161,0,0,153846,0,absolute,node,5168,-1,1,535
162,0,0,153846,0,absolute,node,10150,-1,-1,535
163,0,0,153846,0,absolute,node,12941,-1,1,535
164,0,0,153846,0,absolute,node,5306,-1,-1,535
165,0,0,153846,0,absolute,node,4320,-1,1,535
166,0,0,153846,0,absolute,node,6220,-1,-1,535
167,0,0,153846,0,absolute,node,10295,-1,3,535
168,0,0,153846,0,absolute,node,4200,-1,-3,535
169,0,0,153846,0,absolute,node,3996,-1,3,535
170,0,0,153846,0,absolute,node,9966,-1,-3,535
171,0,0,153846,0,absolute,node,6499,-1,1,535
172,0,0,153846,0,absolute,node,5126,-1,-1,535
173,0,0,153846,0,absolute,node,5243,-1,4,535
174,0,0,153846,0,absolute,node,9966,-1,-4,535
175,0,0,153846,0,absolute,node,24988,-1,1,535
176,0,0,153846,0,absolute,node,12380,-1,-1,535
177,0,0,153846,0,absolute,node,6040,-1,1,535
178,0,0,153846,0,absolute,node,3245,-1,-1,535
179,0,0,153846,0,absolute,node,7713,-1,3,535
180,0,0,153846,0,absolute,node,1262,-1,-3,535
181,0,0,153846,0,absolute,node,21439,-1,1,535
182,0,0,153846,0,absolute,node,21691,-1,-1,535
183,0,0,153846,0,absolute,node,25983,-1,1,535
184,0,0,153846,0,absolute,node,2202,-1,-1,535
185,0,0,153846,0,absolute,node,15989,-1,1,535
186,0,0,153846,0,absolute,node,15600,-1,-1,535
187,0,0,153846,0,absolute,node,25651,-1,1,535
188,0,0,153846,0,absolute,node,9262,-1,-1,535
189,0,0,153846,0,absolute,node,5017,-1,2,535
190,0,0,153846,0,absolute,node,20894,-1,-2,535
191,0,0,153846,0,absolute,node,8606,-1,3,535
192,0,0,153846,0,absolute,node,9262,-1,-3,535
193,0,0,192307,0,absolute,node,21439,-1,1,535
194,0,0,192307,0,absolute,node,5405,-1,-1,535
195,0,0,192307,0,absolute,node,21691,-1,4,535
196,0,0,192307,0,absolute,node,153,-1,-4,535
197,0,0,192307,0,absolute,node,3777,-1,1,535
198,0,0,192307,0,absolute,node,5016,-1,-1,535
199,0,0,192307,0,absolute,node,17262,-1,3,535
200,0,0,192307,0,absolute,node,9151,-1,-3,535
201,0,0,192307,0,absolute,node,1433,-1,2,535
202,0,0,192307,0,absolute,node,153,-1,-2,535
203,0,0,192307,0,absolute,node,12380,-1,1,535
204,0,0,192307,0,absolute,node,18063,-1,-1,535
205,0,0,192307,0,absolute,node,8606,-1,3,535
206,0,0,192307,0,absolute,node,12038,-1,-3,535
207,0,0,192307,0,absolute,node,2050,-1,4,535
208,0,0,192307,0,absolute,node,13742,-1,-4,535
209,0,0,192307,0,absolute,node,3245,-1,2,535
210,0,0,192307,0,absolute,node,4200,-1,-2,535
211,0,0,192307,0,absolute,node,25068,-1,1,535
212,0,0,192307,0,absolute,node,24433,-1,-1,535
213,0,0,192307,0,absolute,node,5243,-1,1,535
214,0,0,192307,0,absolute,node,15989,-1,-1,535
215,0,0,192307,0,absolute,node,19485,-1,2,535
216,0,0,192307,0,absolute,node,25983,-1,-2,535
217,0,0,192307,0,absolute,node,21825,-1,1,535
218,0,0,192307,0,absolute,node,18063,-1,-1,535
219,0,0,192307,0,absolute,node,3420,-1,3,535
220,0,0,192307,0,absolute,node,55,-1,-3,535
221,0,0,192307,0,absolute,node,7134,-1,1,535
222,0,0,192307,0,absolute,node,12941,-1,-1,535
223,0,0,192307,0,absolute,node,17661,-1,1,535
224,0,0,192307,0,absolute,node,18333,-1,-1,535
225,0,0,192307,0,absolute,node,6220,-1,2,535
226,0,0,192307,0,absolute,node,12783,-1,-2,535
227,0,0,192307,0,absolute,node,25044,-1,1,535
228,0,0,192307,0,absolute,node,1262,-1,-1,535
229,0,0,192307,0,absolute,node,1872,-1,3,535
230,0,0,192307,0,absolute,node,7713,-1,-3,535
231,0,0,192307,0,absolute,node,9262,-1,2,535
232,0,0,192307,0,absolute,node,26093,-1,-2,535
233,0,0,192307,0,absolute,node,19607,-1,4,535
234,0,0,192307,0,absolute,node,13742,-1,-4,535
235,0,0,192307,0,absolute,node,14737,-1,3,535
236,0,0,192307,0,absolute,node,7966,-1,-3,535
237,0,0,192307,0,absolute,node,3996,-1,4,535
238,0,0,192307,0,absolute,node,13903,-1,-4,535
239,0,0,192307,0,absolute,node,1801,-1,2,535
240,0,0,192307,0,absolute,node,19178,-1,-2,535
241,0,0,230769,0,absolute,node,12038,-1,1,535
242,0,0,230769,0,absolute,node,5740,-1,-1,535
243,0,0,230769,0,absolute,node,6223,-1,1,535
244,0,0,230769,0,absolute,node,24433,-1,-1,535
245,0,0,230769,0,absolute,node,23231,-1,2,535
246,0,0,230769,0,absolute,node,3426,-1,-2,535
247,0,0,230769,0,absolute,node,18291,-1,2,535
248,0,0,230769,0,absolute,node,10295,-1,-2,535
249,0,0,230769,0,absolute,node,5017,-1,1,535
250,0,0,230769,0,absolute,node,5405,-1,-1,535
251,0,0,230769,0,absolute,node,3048,-1,1,535
252,0,0,230769,0,absolute,node,5405,-1,-1,535
253,0,0,230769,0,absolute,node,15550,-1,1,535
254,0,0,230769,0,absolute,node,24064,-1,-1,535
255,0,0,230769,0,absolute,node,7953,-1,3,535
256,0,0,230769,0,absolute,node,2339,-1,-3,535
257,0,0,230769,0,absolute,node,26018,-1,1,535
258,0,0,230769,0,absolute,node,15989,-1,-1,535
259,0,0,230769,0,absolute,node,13903,-1,3,535
260,0,0,230769,0,absolute,node,18406,-1,-3,535
261,0,0,230769,0,absolute,node,7966,-1,1,535
262,0,0,230769,0,absolute,node,3937,-1,-1,535
263,0,0,230769,0,absolute,node,5665,-1,4,535
264,0,0,230769,0,absolute,node,14737,-1,-4,535
265,0,0,230769,0,absolute,node,25651,-1,1,535
266,0,0,230769,0,absolute,node,24433,-1,-1,535
267,0,0,230769,0,absolute,node,6499,-1,3,535
268,0,0,230769,0,absolute,node,1262,-1,-3,535
269,0,0,230769,0,absolute,node,1622,-1,1,535
270,0,0,230769,0,absolute,node,17262,-1,-1,535
271,0,0,230769,0,absolute,node,9966,-1,1,535
272,0,0,230769,0,absolute,node,24239,-1,-1,535
273,0,0,230769,0,absolute,node,19485,-1,1,535
274,0,0,230769,0,absolute,node,3937,-1,-1,535
275,0,0,230769,0,absolute,node,5306,-1,4,535
276,0,0,230769,0,absolute,node,6040,-1,-4,535
277,0,0,230769,0,absolute,node,15335,-1,1,535
278,0,0,230769,0,absolute,node,18406,-1,-1,535
279,0,0,230769,0,absolute,node,15600,-1,1,535
280,0,0,230769,0,absolute,node,15989,-1,-1,535
281,0,0,230769,0,absolute,node,10305,-1,2,535
282,0,0,230769,0,absolute,node,55,-1,-2,535
283,0,0,230769,0,absolute,node,12380,-1,1,535
284,0,0,230769,0,absolute,node,3937,-1,-1,535
285,0,0,230769,0,absolute,node,26093,-1,1,535
286,0,0,230769,0,absolute,node,5126,-1,-1,535
287,0,0,230769,0,absolute,node,9262,-1,1,535
288,0,0,230769,0,absolute,node,11011,-1,-1,535
289,0,0,269230,0,absolute,node,21825,-1,3,535
290,0,0,269230,0,absolute,node,24988,-1,-3,535
291,0,0,269230,0,absolute,node,10295,-1,2,535
292,0,0,269230,0,absolute,node,26093,-1,-2,535
293,0,0,269230,0,absolute,node,12038,-1,3,535
294,0,0,269230,0,absolute,node,24988,-1,-3,535
295,0,0,269230,0,absolute,node,3777,-1,1,535
296,0,0,269230,0,absolute,node,6223,-1,-1,535
297,0,0,269230,0,absolute,node,2339,-1,4,535
298,0,0,269230,0,absolute,node,13903,-1,-4,535
299,0,0,269230,0,absolute,node,6220,-1,1,535
300,0,0,269230,0,absolute,node,18449,-1,-1,535
301,0,0,269230,0,absolute,node,9966,-1,1,535
302,0,0,269230,0,absolute,node,12783,-1,-1,535
303,0,0,269230,0,absolute,node,24064,-1,2,535
304,0,0,269230,0,absolute,node,3048,-1,-2,535
305,0,0,269230,0,absolute,node,7481,-1,5,535
306,0,0,269230,0,absolute,node,25068,-1,-5,535
307,0,0,269230,0,absolute,node,3937,-1,1,535
308,0,0,269230,0,absolute,node,5243,-1,-1,535
309,0,0,269230,0,absolute,node,9202,-1,1,535
310,0,0,269230,0,absolute,node,17661,-1,-1,535
311,0,0,269230,0,absolute,node,4200,-1,2,535
312,0,0,269230,0,absolute,node,15550,-1,-2,535
313,0,0,269230,0,absolute,node,9262,-1,1,535
314,0,0,269230,0,absolute,node,17201,-1,-1,535
315,0,0,269230,0,absolute,node,5168,-1,1,535
316,0,0,269230,0,absolute,node,3426,-1,-1,535
317,0,0,269230,0,absolute,node,12941,-1,1,535
318,0,0,269230,0,absolute,node,18449,-1,-1,535
319,0,0,269230,0,absolute,node,4320,-1,1,535
320,0,0,269230,0,absolute,node,153,-1,-1,535
321,0,0,269230,0,absolute,node,6040,-1,2,535
322,0,0,269230,0,absolute,node,8606,-1,-2,535
323,0,0,269230,0,absolute,node,25293,-1,3,535
324,0,0,269230,0,absolute,node,17201,-1,-3,535
325,0,0,269230,0,absolute,node,15335,-1,1,535
326,0,0,269230,0,absolute,node,1801,-1,-1,535
327,0,0,269230,0,absolute,node,19485,-1,1,535
328,0,0,269230,0,absolute,node,3245,-1,-1,535
329,0,0,269230,0,absolute,node,3996,-1,2,535
330,0,0,269230,0,absolute,node,10305,-1,-2,535
331,0,0,269230,0,absolute,node,5306,-1,3,535
332,0,0,269230,0,absolute,node,8606,-1,-3,535
333,0,0,269230,0,absolute,node,1433,-1,4,535
334,0,0,269230,0,absolute,node,17888,-1,-4,535
335,0,0,269230,0,absolute,node,15600,-1,1,535
336,0,0,269230,0,absolute,node,5016,-1,-1,535
337,0,0,307692,0,absolute,node,5243,-1,2,535
338,0,0,307692,0,absolute,node,5126,-1,-2,535
339,0,0,307692,0,absolute,node,9966,-1,1,535
340,0,0,307692,0,absolute,node,5126,-1,-1,535
341,0,0,307692,0,absolute,node,13903,-1,1,535
342,0,0,307692,0,absolute,node,5740,-1,-1,535
343,0,0,307692,0,absolute,node,1801,-1,2,535
344,0,0,307692,0,absolute,node,3048,-1,-2,535
345,0,0,307692,0,absolute,node,15989,-1,1,535
346,0,0,307692,0,absolute,node,5306,-1,-1,535
347,0,0,307692,0,absolute,node,9262,-1,1,535
348,0,0,307692,0,absolute,node,20894,-1,-1,535
349,0,0,307692,0,absolute,node,2339,-1,1,535
350,0,0,307692,0,absolute,node,15550,-1,-1,535
351,0,0,307692,0,absolute,node,25044,-1,3,535
352,0,0,307692,0,absolute,node,6040,-1,-3,535
353,0,0,307692,0,absolute,node,24650,-1,3,535
354,0,0,307692,0,absolute,node,19485,-1,-3,535
355,0,0,307692,0,absolute,node,10150,-1,1,535
356,0,0,307692,0,absolute,node,5016,-1,-1,535
357,0,0,307692,0,absolute,node,19607,-1,2,535
358,0,0,307692,0,absolute,node,24988,-1,-2,535
359,0,0,307692,0,absolute,node,15313,-1,1,535
360,0,0,307692,0,absolute,node,4698,-1,-1,535
361,0,0,307692,0,absolute,node,1622,-1,1,535
362,0,0,307692,0,absolute,node,5016,-1,-1,535
363,0,0,307692,0,absolute,node,7966,-1,1,535
364,0,0,307692,0,absolute,node,15335,-1,-1,535
365,0,0,307692,0,absolute,node,18063,-1,1,535
366,0,0,307692,0,absolute,node,21691,-1,-1,535
367,0,0,307692,0,absolute,node,15600,-1,3,535
368,0,0,307692,0,absolute,node,12038,-1,-3,535
369,0,0,307692,0,absolute,node,7134,-1,1,535
370,0,0,307692,0,absolute,node,12380,-1,-1,535
371,0,0,307692,0,absolute,node,3245,-1,1,535
372,0,0,307692,0,absolute,node,12380,-1,-1,535
373,0,0,307692,0,absolute,node,17201,-1,3,535
374,0,0,307692,0,absolute,node,8606,-1,-3,535
375,0,0,307692,0,absolute,node,24064,-1,2,535
376,0,0,307692,0,absolute,node,21825,-1,-2,535
377,0,0,307692,0,absolute,node,18333,-1,1,535
378,0,0,307692,0,absolute,node,4698,-1,-1,535
379,0,0,307692,0,absolute,node,7713,-1,1,535
380,0,0,307692,0,absolute,node,12380,-1,-1,535
381,0,0,307692,0,absolute,node,10922,-1,2,535
382,0,0,307692,0,absolute,node,21825,-1,-2,535
383,0,0,307692,0,absolute,node,20407,-1,1,535
384,0,0,307692,0,absolute,node,1872,-1,-1,535
385,0,0,346153,0,absolute,node,6499,-1,2,535
386,0,0,346153,0,absolute,node,10305,-1,-2,535
387,0,0,346153,0,absolute,node,12783,-1,1,535
388,0,0,346153,0,absolute,node,18063,-1,-1,535
389,0,0,346153,0,absolute,node,9202,-1,1,535
390,0,0,346153,0,absolute,node,25044,-1,-1,535
391,0,0,346153,0,absolute,node,11893,-1,1,535
392,0,0,346153,0,absolute,node,18291,-1,-1,535
393,0,0,346153,0,absolute,node,25068,-1,1,535
394,0,0,346153,0,absolute,node,12038,-1,-1,535
395,0,0,346153,0,absolute,node,4200,-1,2,535
396,0,0,346153,0,absolute,node,20894,-1,-2,535
397,0,0,346153,0,absolute,node,20316,-1,1,535
398,0,0,346153,0,absolute,node,10305,-1,-1,535
399,0,0,346153,0,absolute,node,10922,-1,1,535
400,0,0,346153,0,absolute,node,24650,-1,-1,535
401,0,0,346153,0,absolute,node,3426,-1,1,535
402,0,0,346153,0,absolute,node,5126,-1,-1,535
403,0,0,346153,0,absolute,node,18449,-1,1,535
404,0,0,346153,0,absolute,node,17262,-1,-1,535
405,0,0,346153,0,absolute,node,12380,-1,1,535
406,0,0,346153,0,absolute,node,24064,-1,-1,535
407,0,0,346153,0,absolute,node,7481,-1,4,535
408,0,0,346153,0,absolute,node,1433,-1,-4,535
409,0,0,346153,0,absolute,node,14737,-1,4,535
410,0,0,346153,0,absolute,node,15550,-1,-4,535
411,0,0,346153,0,absolute,node,10150,-1,3,535
412,0,0,346153,0,absolute,node,19485,-1,-3,535
413,0,0,346153,0,absolute,node,2050,-1,1,535
414,0,0,346153,0,absolute,node,21439,-1,-1,535
415,0,0,346153,0,absolute,node,3245,-1,4,535
416,0,0,346153,0,absolute,node,19607,-1,-4,535
417,0,0,346153,0,absolute,node,26093,-1,1,535
418,0,0,346153,0,absolute,node,25983,-1,-1,535
419,0,0,346153,0,absolute,node,22050,-1,1,535
420,0,0,346153,0,absolute,node,8097,-1,-1,535
421,0,0,346153,0,absolute,node,7953,-1,1,535
422,0,0,346153,0,absolute,node,8632,-1,-1,535
423,0,0,346153,0,absolute,node,24433,-1,1,535
424,0,0,346153,0,absolute,node,24064,-1,-1,535
425,0,0,346153,0,absolute,node,3937,-1,2,535
426,0,0,346153,0,absolute,node,7797,-1,-2,535
427,0,0,346153,0,absolute,node,17661,-1,3,535
428,0,0,346153,0,absolute,node,26018,-1,-3,535
429,0,0,346153,0,absolute,node,3777,-1,1,535
430,0,0,346153,0,absolute,node,5168,-1,-1,535
431,0,0,346153,0,absolute,node,3048,-1,1,535
432,0,0,346153,0,absolute,node,20407,-1,-1,535
433,0,0,384615,0,absolute,node,24064,-1,1,535
434,0,0,384615,0,absolute,node,10150,-1,-1,535
435,0,0,384615,0,absolute,node,18406,-1,4,535
436,0,0,384615,0,absolute,node,9202,-1,-4,535
437,0,0,384615,0,absolute,node,12941,-1,1,535
438,0,0,384615,0,absolute,node,3245,-1,-1,535
439,0,0,384615,0,absolute,node,3937,-1,4,535
440,0,0,384615,0,absolute,node,19607,-1,-4,535
441,0,0,384615,0,absolute,node,11011,-1,1,535
442,0,0,384615,0,absolute,node,5405,-1,-1,535
443,0,0,384615,0,absolute,node,19485,-1,1,535
444,0,0,384615,0,absolute,node,3245,-1,-1,535
445,0,0,384615,0,absolute,node,15335,-1,2,535
446,0,0,384615,0,absolute,node,8606,-1,-2,535
447,0,0,384615,0,absolute,node,1622,-1,2,535
448,0,0,384615,0,absolute,node,12038,-1,-2,535
449,0,0,384615,0,absolute,node,4200,-1,1,535
450,0,0,384615,0,absolute,node,2050,-1,-1,535
451,0,0,384615,0,absolute,node,8632,-1,3,535
452,0,0,384615,0,absolute,node,23231,-1,-3,535
453,0,0,384615,0,absolute,node,5016,-1,1,535
454,0,0,384615,0,absolute,node,5017,-1,-1,535
455,0,0,384615,0,absolute,node,15600,-1,2,535
456,0,0,384615,0,absolute,node,7713,-1,-2,535
457,0,0,384615,0,absolute,node,6223,-1,1,535
458,0,0,384615,0,absolute,node,3996,-1,-1,535
459,0,0,384615,0,absolute,node,21691,-1,1,535
460,0,0,384615,0,absolute,node,5306,-1,-1,535
461,0,0,384615,0,absolute,node,15550,-1,2,535
462,0,0,384615,0,absolute,node,6499,-1,-2,535
463,0,0,384615,0,absolute,node,4320,-1,1,535
464,0,0,384615,0,absolute,node,5168,-1,-1,535
465,0,0,384615,0,absolute,node,10295,-1,1,535
466,0,0,384615,0,absolute,node,7481,-1,-1,535
467,0,0,384615,0,absolute,node,26093,-1,2,535
468,0,0,384615,0,absolute,node,10150,-1,-2,535
469,0,0,384615,0,absolute,node,3426,-1,2,535
470,0,0,384615,0,absolute,node,2202,-1,-2,535
471,0,0,384615,0,absolute,node,21825,-1,3,535
472,0,0,384615,0,absolute,node,14737,-1,-3,535
473,0,0,384615,0,absolute,node,12783,-1,1,535
474,0,0,384615,0,absolute,node,1872,-1,-1,535
475,0,0,384615,0,absolute,node,13903,-1,2,535
476,0,0,384615,0,absolute,node,9262,-1,-2,535
477,0,0,384615,0,absolute,node,9966,-1,3,535
478,0,0,384615,0,absolute,node,1433,-1,-3,535
479,0,0,384615,0,absolute,node,18449,-1,1,535
480,0,0,384615,0,absolute,node,17661,-1,-1,535
481,0,0,423076,0,absolute,node,10150,-1,1,535
482,0,0,423076,0,absolute,node,25089,-1,-1,535
483,0,0,423076,0,absolute,node,11893,-1,1,535
484,0,0,423076,0,absolute,node,1872,-1,-1,535
485,0,0,423076,0,absolute,node,25068,-1,1,535
486,0,0,423076,0,absolute,node,7953,-1,-1,535
487,0,0,423076,0,absolute,node,12941,-1,2,535
488,0,0,423076,0,absolute,node,9151,-1,-2,535
489,0,0,423076,0,absolute,node,26018,-1,1,535
490,0,0,423076,0,absolute,node,10922,-1,-1,535
491,0,0,423076,0,absolute,node,21825,-1,4,535
492,0,0,423076,0,absolute,node,10922,-1,-4,535
493,0,0,423076,0,absolute,node,7228,-1,1,535
494,0,0,423076,0,absolute,node,21691,-1,-1,535
495,0,0,423076,0,absolute,node,15989,-1,2,535
496,0,0,423076,0,absolute,node,19607,-1,-2,535
497,0,0,423076,0,absolute,node,18291,-1,1,535
498,0,0,423076,0,absolute,node,5016,-1,-1,535
499,0,0,423076,0,absolute,node,15600,-1,1,535
500,0,0,423076,0,absolute,node,3937,-1,-1,535
501,0,0,423076,0,absolute,node,24650,-1,4,535
502,0,0,423076,0,absolute,node,9966,-1,-4,535
503,0,0,423076,0,absolute,node,15335,-1,1,535
504,0,0,423076,0,absolute,node,26093,-1,-1,535
505,0,0,423076,0,absolute,node,4200,-1,2,535
506,0,0,423076,0,absolute,node,17262,-1,-2,535
507,0,0,423076,0,absolute,node,25983,-1,1,535
508,0,0,423076,0,absolute,node,21439,-1,-1,535
509,0,0,423076,0,absolute,node,9202,-1,2,535
510,0,0,423076,0,absolute,node,23231,-1,-2,535
511,0,0,423076,0,absolute,node,7134,-1,3,535
512,0,0,423076,0,absolute,node,9966,-1,-3,535
513,0,0,423076,0,absolute,node,11011,-1,1,535
514,0,0,423076,0,absolute,node,26093,-1,-1,535
515,0,0,423076,0,absolute,node,20316,-1,1,535
516,0,0,423076,0,absolute,node,13742,-1,-1,535
517,0,0,423076,0,absolute,node,7797,-1,2,535
518,0,0,423076,0,absolute,node,22050,-1,-2,535
519,0,0,423076,0,absolute,node,19485,-1,1,535
520,0,0,423076,0,absolute,node,9966,-1,-1,535
521,0,0,423076,0,absolute,node,6499,-1,2,535
522,0,0,423076,0,absolute,node,9262,-1,-2,535
523,0,0,423076,0,absolute,node,7481,-1,1,535
524,0,0,423076,0,absolute,node,3996,-1,-1,535
525,0,0,423076,0,absolute,node,1262,-1,2,535
526,0,0,423076,0,absolute,node,26093,-1,-2,535
527,0,0,423076,0,absolute,node,25651,-1,3,535
528,0,0,423076,0,absolute,node,17201,-1,-3,535
529,0,0,461538,0,absolute,node,15600,-1,1,535
530,0,0,461538,0,absolute,node,8632,-1,-1,535
531,0,0,461538,0,absolute,node,5243,-1,2,535
532,0,0,461538,0,absolute,node,3426,-1,-2,535
533,0,0,461538,0,absolute,node,17661,-1,1,535
534,0,0,461538,0,absolute,node,21825,-1,-1,535
535,0,0,461538,0,absolute,node,19485,-1,1,535
536,0,0,461538,0,absolute,node,12380,-1,-1,535
537,0,0,461538,0,absolute,node,7228,-1,3,535
538,0,0,461538,0,absolute,node,11893,-1,-3,535
539,0,0,461538,0,absolute,node,17201,-1,2,535
540,0,0,461538,0,absolute,node,26018,-1,-2,535
541,0,0,461538,0,absolute,node,9151,-1,2,535
542,0,0,461538,0,absolute,node,13903,-1,-2,535
543,0,0,461538,0,absolute,node,9966,-1,1,535
544,0,0,461538,0,absolute,node,21691,-1,-1,535
545,0,0,461538,0,absolute,node,2202,-1,1,535
546,0,0,461538,0,absolute,node,8606,-1,-1,535
547,0,0,461538,0,absolute,node,24064,-1,1,535
548,0,0,461538,0,absolute,node,9262,-1,-1,535
549,0,0,461538,0,absolute,node,24650,-1,1,535
550,0,0,461538,0,absolute,node,18449,-1,-1,535
551,0,0,461538,0,absolute,node,25044,-1,1,535
552,0,0,461538,0,absolute,node,25651,-1,-1,535
553,0,0,461538,0,absolute,node,5405,-1,1,535
554,0,0,461538,0,absolute,node,12380,-1,-1,535
555,0,0,461538,0,absolute,node,1801,-1,2,535
556,0,0,461538,0,absolute,node,4320,-1,-2,535
557,0,0,461538,0,absolute,node,5017,-1,2,535
558,0,0,461538,0,absolute,node,17262,-1,-2,535
559,0,0,461538,0,absolute,node,6040,-1,1,535
560,0,0,461538,0,absolute,node,10295,-1,-1,535
561,0,0,461538,0,absolute,node,5126,-1,3,535
562,0,0,461538,0,absolute,node,3777,-1,-3,535
563,0,0,461538,0,absolute,node,3937,-1,4,535
564,0,0,461538,0,absolute,node,12783,-1,-4,535
565,0,0,461538,0,absolute,node,26093,-1,1,535
566,0,0,461538,0,absolute,node,25651,-1,-1,535
567,0,0,461538,0,absolute,node,2339,-1,2,535
568,0,0,461538,0,absolute,node,15313,-1,-2,535
569,0,0,461538,0,absolute,node,12941,-1,1,535
570,0,0,461538,0,absolute,node,20316,-1,-1,535
571,0,0,461538,0,absolute,node,6220,-1,2,535
572,0,0,461538,0,absolute,node,4320,-1,-2,535
573,0,0,461538,0,absolute,node,10922,-1,3,535
574,0,0,461538,0,absolute,node,26018,-1,-3,535
575,0,0,461538,0,absolute,node,22050,-1,1,535
576,0,0,461538,0,absolute,node,21439,-1,-1,535
577,0,0,5e+05,0,absolute,node,1801,-1,2,535
578,0,0,5e+05,0,absolute,node,3777,-1,-2,535
579,0,0,5e+05,0,absolute,node,25293,-1,3,535
580,0,0,5e+05,0,absolute,node,17262,-1,-3,535
581,0,0,5e+05,0,absolute,node,5740,-1,1,535
582,0,0,5e+05,0,absolute,node,5126,-1,-1,535
583,0,0,5e+05,0,absolute,node,21439,-1,1,535
584,0,0,5e+05,0,absolute,node,5016,-1,-1,535
585,0,0,5e+05,0,absolute,node,13742,-1,2,535
586,0,0,5e+05,0,absolute,node,19607,-1,-2,535
587,0,0,5e+05,0,absolute,node,15335,-1,1,535
588,0,0,5e+05,0,absolute,node,153,-1,-1,535
589,0,0,5e+05,0,absolute,node,24433,-1,1,535
590,0,0,5e+05,0,absolute,node,3777,-1,-1,535
591,0,0,5e+05,0,absolute,node,7966,-1,3,535
592,0,0,5e+05,0,absolute,node,3048,-1,-3,535
593,0,0,5e+05,0,absolute,node,3420,-1,2,535
594,0,0,5e+05,0,absolute,node,4200,-1,-2,535
595,0,0,5e+05,0,absolute,node,10150,-1,1,535
596,0,0,5e+05,0,absolute,node,5306,-1,-1,535
597,0,0,5e+05,0,absolute,node,3593,-1,1,535
598,0,0,5e+05,0,absolute,node,1433,-1,-1,535
599,0,0,5e+05,0,absolute,node,20407,-1,1,535
600,0,0,5e+05,0,absolute,node,15600,-1,-1,535
601,0,0,5e+05,0,absolute,node,24064,-1,1,535
602,0,0,5e+05,0,absolute,node,21825,-1,-1,535
603,0,0,5e+05,0,absolute,node,26093,-1,1,535
604,0,0,5e+05,0,absolute,node,7228,-1,-1,535
605,0,0,5e+05,0,absolute,node,15550,-1,3,535
606,0,0,5e+05,0,absolute,node,3777,-1,-3,535
607,0,0,5e+05,0,absolute,node,1622,-1,2,535
608,0,0,5e+05,0,absolute,node,17888,-1,-2,535
609,0,0,5e+05,0,absolute,node,10305,-1,1,535
610,0,0,5e+05,0,absolute,node,5243,-1,-1,535
611,0,0,5e+05,0,absolute,node,2202,-1,2,535
612,0,0,5e+05,0,absolute,node,5017,-1,-2,535
613,0,0,5e+05,0,absolute,node,20894,-1,1,535
614,0,0,5e+05,0,absolute,node,7953,-1,-1,535
615,0,0,5e+05,0,absolute,node,6220,-1,1,535
616,0,0,5e+05,0,absolute,node,7481,-1,-1,535
617,0,0,5e+05,0,absolute,node,8606,-1,5,535
618,0,0,5e+05,0,absolute,node,1433,-1,-5,535
619,0,0,5e+05,0,absolute,node,1262,-1,2,535
620,0,0,5e+05,0,absolute,node,12783,-1,-2,535
621,0,0,5e+05,0,absolute,node,2339,-1,1,535
622,0,0,5e+05,0,absolute,node,9262,-1,-1,535
623,0,0,5e+05,0,absolute,node,25044,-1,3,535
624,0,0,5e+05,0,absolute,node,11893,-1,-3,535
625,0,0,538461,0,absolute,node,5740,-1,1,535
626,0,0,538461,0,absolute,node,17661,-1,-1,535
627,0,0,538461,0,absolute,node,1872,-1,1,535
628,0,0,538461,0,absolute,node,24433,-1,-1,535
629,0,0,538461,0,absolute,node,17888,-1,3,535
630,0,0,538461,0,absolute,node,3777,-1,-3,535
631,0,0,538461,0,absolute,node,17262,-1,1,535
632,0,0,538461,0,absolute,node,15550,-1,-1,535
633,0,0,538461,0,absolute,node,7713,-1,2,535
634,0,0,538461,0,absolute,node,8606,-1,-2,535
635,0,0,538461,0,absolute,node,8097,-1,1,535
636,0,0,538461,0,absolute,node,3426,-1,-1,535
637,0,0,538461,0,absolute,node,9966,-1,1,535
638,0,0,538461,0,absolute,node,15550,-1,-1,535
639,0,0,538461,0,absolute,node,4320,-1,1,535
640,0,0,538461,0,absolute,node,15600,-1,-1,535
641,0,0,538461,0,absolute,node,7797,-1,1,535
642,0,0,538461,0,absolute,node,10305,-1,-1,535
643,0,0,538461,0,absolute,node,21691,-1,1,535
644,0,0,538461,0,absolute,node,3996,-1,-1,535
645,0,0,538461,0,absolute,node,24064,-1,1,535
646,0,0,538461,0,absolute,node,25044,-1,-1,535
647,0,0,538461,0,absolute,node,18291,-1,1,535
648,0,0,538461,0,absolute,node,25293,-1,-1,535
649,0,0,538461,0,absolute,node,17201,-1,1,535
650,0,0,538461,0,absolute,node,25293,-1,-1,535
651,0,0,538461,0,absolute,node,6220,-1,3,535
652,0,0,538461,0,absolute,node,3420,-1,-3,535
653,0,0,538461,0,absolute,node,3245,-1,1,535
654,0,0,538461,0,absolute,node,3048,-1,-1,535
655,0,0,538461,0,absolute,node,13742,-1,1,535
656,0,0,538461,0,absolute,node,10150,-1,-1,535
657,0,0,538461,0,absolute,node,5017,-1,3,535
658,0,0,538461,0,absolute,node,10922,-1,-3,535
659,0,0,538461,0,absolute,node,7481,-1,1,535
660,0,0,538461,0,absolute,node,6223,-1,-1,535
661,0,0,538461,0,absolute,node,12941,-1,1,535
662,0,0,538461,0,absolute,node,18449,-1,-1,535
663,0,0,538461,0,absolute,node,18333,-1,3,535
664,0,0,538461,0,absolute,node,11893,-1,-3,535
665,0,0,538461,0,absolute,node,23231,-1,1,535
666,0,0,538461,0,absolute,node,5665,-1,-1,535
667,0,0,538461,0,absolute,node,9202,-1,3,535
668,0,0,538461,0,absolute,node,15313,-1,-3,535
669,0,0,538461,0,absolute,node,5016,-1,1,535
670,0,0,538461,0,absolute,node,22050,-1,-1,535
671,0,0,538461,0,absolute,node,6040,-1,1,535
672,0,0,538461,0,absolute,node,12783,-1,-1,535
673,0,0,576923,0,absolute,node,12038,-1,1,535
674,0,0,576923,0,absolute,node,8097,-1,-1,535
675,0,0,576923,0,absolute,node,3777,-1,2,535
676,0,0,576923,0,absolute,node,22050,-1,-2,535
677,0,0,576923,0,absolute,node,12380,-1,1,535
678,0,0,576923,0,absolute,node,20407,-1,-1,535
679,0,0,576923,0,absolute,node,17201,-1,1,535
680,0,0,576923,0,absolute,node,24064,-1,-1,535
681,0,0,576923,0,absolute,node,5740,-1,1,535
682,0,0,576923,0,absolute,node,8606,-1,-1,535
683,0,0,576923,0,absolute,node,10922,-1,1,535
684,0,0,576923,0,absolute,node,24433,-1,-1,535
685,0,0,576923,0,absolute,node,17262,-1,2,535
686,0,0,576923,0,absolute,node,7228,-1,-2,535
687,0,0,576923,0,absolute,node,25044,-1,1,535
688,0,0,576923,0,absolute,node,7713,-1,-1,535
689,0,0,576923,0,absolute,node,3420,-1,1,535
690,0,0,576923,0,absolute,node,3245,-1,-1,535
691,0,0,576923,0,absolute,node,19607,-1,1,535
692,0,0,576923,0,absolute,node,11011,-1,-1,535
693,0,0,576923,0,absolute,node,7481,-1,1,535
694,0,0,576923,0,absolute,node,5243,-1,-1,535
695,0,0,576923,0,absolute,node,9151,-1,1,535
696,0,0,576923,0,absolute,node,1622,-1,-1,535
697,0,0,576923,0,absolute,node,7134,-1,2,535
698,0,0,576923,0,absolute,node,5126,-1,-2,535
699,0,0,576923,0,absolute,node,21691,-1,1,535
700,0,0,576923,0,absolute,node,6499,-1,-1,535
701,0,0,576923,0,absolute,node,24988,-1,1,535
702,0,0,576923,0,absolute,node,25983,-1,-1,535
703,0,0,576923,0,absolute,node,15600,-1,1,535
704,0,0,576923,0,absolute,node,1622,-1,-1,535
705,0,0,576923,0,absolute,node,19485,-1,3,535
706,0,0,576923,0,absolute,node,2202,-1,-3,535
707,0,0,576923,0,absolute,node,13742,-1,3,535
708,0,0,576923,0,absolute,node,1262,-1,-3,535
709,0,0,576923,0,absolute,node,4698,-1,1,535
710,0,0,576923,0,absolute,node,5405,-1,-1,535
711,0,0,576923,0,absolute,node,3996,-1,1,535
712,0,0,576923,0,absolute,node,18449,-1,-1,535
713,0,0,576923,0,absolute,node,12941,-1,1,535
714,0,0,576923,0,absolute,node,18291,-1,-1,535
715,0,0,576923,0,absolute,node,5017,-1,1,535
716,0,0,576923,0,absolute,node,3937,-1,-1,535
717,0,0,576923,0,absolute,node,5665,-1,2,535
718,0,0,576923,0,absolute,node,6499,-1,-2,535
719,0,0,576923,0,absolute,node,8632,-1,1,535
720,0,0,576923,0,absolute,node,7713,-1,-1,535
721,0,0,615384,0,absolute,node,9151,-1,3,535
722,0,0,615384,0,absolute,node,3048,-1,-3,535
723,0,0,615384,0,absolute,node,3426,-1,2,535
724,0,0,615384,0,absolute,node,22050,-1,-2,535
725,0,0,615384,0,absolute,node,15335,-1,2,535
726,0,0,615384,0,absolute,node,24650,-1,-2,535
727,0,0,615384,0,absolute,node,9262,-1,1,535
728,0,0,615384,0,absolute,node,7966,-1,-1,535
729,0,0,615384,0,absolute,node,12038,-1,1,535
730,0,0,615384,0,absolute,node,24433,-1,-1,535
731,0,0,615384,0,absolute,node,2339,-1,2,535
732,0,0,615384,0,absolute,node,20894,-1,-2,535
733,0,0,615384,0,absolute,node,15313,-1,1,535
734,0,0,615384,0,absolute,node,15600,-1,-1,535
735,0,0,615384,0,absolute,node,20407,-1,2,535
736,0,0,615384,0,absolute,node,20894,-1,-2,535
737,0,0,615384,0,absolute,node,21439,-1,5,535
738,0,0,615384,0,absolute,node,7134,-1,-5,535
739,0,0,615384,0,absolute,node,8606,-1,1,535
740,0,0,615384,0,absolute,node,15989,-1,-1,535
741,0,0,615384,0,absolute,node,14737,-1,1,535
742,0,0,615384,0,absolute,node,18291,-1,-1,535
743,0,0,615384,0,absolute,node,13903,-1,1,535
744,0,0,615384,0,absolute,node,7228,-1,-1,535
745,0,0,615384,0,absolute,node,4320,-1,1,535
746,0,0,615384,0,absolute,node,5016,-1,-1,535
747,0,0,615384,0,absolute,node,24064,-1,1,535
748,0,0,615384,0,absolute,node,3245,-1,-1,535
749,0,0,615384,0,absolute,node,5168,-1,3,535
750,0,0,615384,0,absolute,node,2202,-1,-3,535
751,0,0,615384,0,absolute,node,18406,-1,1,535
752,0,0,615384,0,absolute,node,15989,-1,-1,535
753,0,0,615384,0,absolute,node,25089,-1,1,535
754,0,0,615384,0,absolute,node,15989,-1,-1,535
755,0,0,615384,0,absolute,node,15550,-1,3,535
756,0,0,615384,0,absolute,node,6499,-1,-3,535
757,0,0,615384,0,absolute,node,5243,-1,1,535
758,0,0,615384,0,absolute,node,15600,-1,-1,535
759,0,0,615384,0,absolute,node,19485,-1,2,535
760,0,0,615384,0,absolute,node,10295,-1,-2,535
761,0,0,615384,0,absolute,node,19607,-1,1,535
762,0,0,615384,0,absolute,node,3996,-1,-1,535
763,0,0,615384,0,absolute,node,21825,-1,1,535
764,0,0,615384,0,absolute,node,25293,-1,-1,535
765,0,0,615384,0,absolute,node,5126,-1,1,535
766,0,0,615384,0,absolute,node,4698,-1,-1,535
767,0,0,615384,0,absolute,node,9202,-1,1,535
768,0,0,615384,0,absolute,node,1262,-1,-1,535
769,0,0,653846,0,absolute,node,18291,-1,1,535
770,0,0,653846,0,absolute,node,20316,-1,-1,535
771,0,0,653846,0,absolute,node,15989,-1,1,535
772,0,0,653846,0,absolute,node,8097,-1,-1,535
773,0,0,653846,0,absolute,node,5016,-1,2,535
774,0,0,653846,0,absolute,node,10922,-1,-2,535
775,0,0,653846,0,absolute,node,26018,-1,1,535
776,0,0,653846,0,absolute,node,3245,-1,-1,535
777,0,0,653846,0,absolute,node,12941,-1,3,535
778,0,0,653846,0,absolute,node,7134,-1,-3,535
779,0,0,653846,0,absolute,node,17888,-1,1,535
780,0,0,653846,0,absolute,node,5665,-1,-1,535
781,0,0,653846,0,absolute,node,3426,-1,2,535
782,0,0,653846,0,absolute,node,15550,-1,-2,535
783,0,0,653846,0,absolute,node,24433,-1,3,535
784,0,0,653846,0,absolute,node,1801,-1,-3,535
785,0,0,653846,0,absolute,node,21691,-1,2,535
786,0,0,653846,0,absolute,node,9202,-1,-2,535
787,0,0,653846,0,absolute,node,4698,-1,1,535
788,0,0,653846,0,absolute,node,9202,-1,-1,535
789,0,0,653846,0,absolute,node,25089,-1,2,535
790,0,0,653846,0,absolute,node,18406,-1,-2,535
791,0,0,653846,0,absolute,node,26093,-1,1,535
792,0,0,653846,0,absolute,node,2050,-1,-1,535
793,0,0,653846,0,absolute,node,7481,-1,2,535
794,0,0,653846,0,absolute,node,6220,-1,-2,535
795,0,0,653846,0,absolute,node,3048,-1,5,535
796,0,0,653846,0,absolute,node,7134,-1,-5,535
797,0,0,653846,0,absolute,node,5126,-1,1,535
798,0,0,653846,0,absolute,node,1622,-1,-1,535
799,0,0,653846,0,absolute,node,9151,-1,1,535
800,0,0,653846,0,absolute,node,18333,-1,-1,535
801,0,0,653846,0,absolute,node,24239,-1,1,535
802,0,0,653846,0,absolute,node,8606,-1,-1,535
803,0,0,653846,0,absolute,node,19485,-1,1,535
804,0,0,653846,0,absolute,node,8632,-1,-1,535
805,0,0,653846,0,absolute,node,7966,-1,1,535
806,0,0,653846,0,absolute,node,17201,-1,-1,535
807,0,0,653846,0,absolute,node,3937,-1,1,535
808,0,0,653846,0,absolute,node,3996,-1,-1,535
809,0,0,653846,0,absolute,node,21439,-1,1,535
810,0,0,653846,0,absolute,node,5017,-1,-1,535
811,0,0,653846,0,absolute,node,4200,-1,2,535
812,0,0,653846,0,absolute,node,3593,-1,-2,535
813,0,0,653846,0,absolute,node,153,-1,1,535
814,0,0,653846,0,absolute,node,1622,-1,-1,535
815,0,0,653846,0,absolute,node,15600,-1,3,535
816,0,0,653846,0,absolute,node,7797,-1,-3,535
817,0,0,692307,0,absolute,node,5126,-1,1,535
818,0,0,692307,0,absolute,node,2050,-1,-1,535
819,0,0,692307,0,absolute,node,15335,-1,1,535
820,0,0,692307,0,absolute,node,24988,-1,-1,535
821,0,0,692307,0,absolute,node,55,-1,1,535
822,0,0,692307,0,absolute,node,7797,-1,-1,535
823,0,0,692307,0,absolute,node,21825,-1,2,535
824,0,0,692307,0,absolute,node,21439,-1,-2,535
825,0,0,692307,0,absolute,node,24064,-1,1,535
826,0,0,692307,0,absolute,node,5016,-1,-1,535
827,0,0,692307,0,absolute,node,10150,-1,1,535
828,0,0,692307,0,absolute,node,18291,-1,-1,535
829,0,0,692307,0,absolute,node,24650,-1,4,535
830,0,0,692307,0,absolute,node,11011,-1,-4,535
831,0,0,692307,0,absolute,node,9966,-1,1,535
832,0,0,692307,0,absolute,node,18449,-1,-1,535
833,0,0,692307,0,absolute,node,1801,-1,3,535
834,0,0,692307,0,absolute,node,7797,-1,-3,535
835,0,0,692307,0,absolute,node,19485,-1,1,535
836,0,0,692307,0,absolute,node,4200,-1,-1,535
837,0,0,692307,0,absolute,node,5017,-1,1,535
838,0,0,692307,0,absolute,node,25293,-1,-1,535
839,0,0,692307,0,absolute,node,23231,-1,3,535
840,0,0,692307,0,absolute,node,11011,-1,-3,535
841,0,0,692307,0,absolute,node,10922,-1,1,535
842,0,0,692307,0,absolute,node,5740,-1,-1,535
843,0,0,692307,0,absolute,node,12941,-1,3,535
844,0,0,692307,0,absolute,node,8606,-1,-3,535
845,0,0,692307,0,absolute,node,21691,-1,3,535
846,0,0,692307,0,absolute,node,18406,-1,-3,535
847,0,0,692307,0,absolute,node,25983,-1,1,535
848,0,0,692307,0,absolute,node,3048,-1,-1,535
849,0,0,692307,0,absolute,node,17888,-1,1,535
850,0,0,692307,0,absolute,node,3937,-1,-1,535
851,0,0,692307,0,absolute,node,13742,-1,1,535
852,0,0,692307,0,absolute,node,18333,-1,-1,535
853,0,0,692307,0,absolute,node,8632,-1,2,535
854,0,0,692307,0,absolute,node,15313,-1,-2,535
855,0,0,692307,0,absolute,node,15989,-1,3,535
856,0,0,692307,0,absolute,node,26018,-1,-3,535
857,0,0,692307,0,absolute,node,22050,-1,1,535
858,0,0,692307,0,absolute,node,9262,-1,-1,535
859,0,0,692307,0,absolute,node,7134,-1,1,535
860,0,0,692307,0,absolute,node,18449,-1,-1,535
861,0,0,692307,0,absolute,node,24433,-1,1,535
862,0,0,692307,0,absolute,node,18291,-1,-1,535
863,0,0,692307,0,absolute,node,20407,-1,1,535
864,0,0,692307,0,absolute,node,5168,-1,-1,535
865,0,0,730769,0,absolute,node,4320,-1,2,535
866,0,0,730769,0,absolute,node,3426,-1,-2,535
867,0,0,730769,0,absolute,node,21825,-1,1,535
868,0,0,730769,0,absolute,node,24064,-1,-1,535
869,0,0,730769,0,absolute,node,5017,-1,1,535
870,0,0,730769,0,absolute,node,5168,-1,-1,535
871,0,0,730769,0,absolute,node,19607,-1,1,535
872,0,0,730769,0,absolute,node,8632,-1,-1,535
873,0,0,730769,0,absolute,node,2339,-1,1,535
874,0,0,730769,0,absolute,node,18449,-1,-1,535
875,0,0,730769,0,absolute,node,3048,-1,1,535
876,0,0,730769,0,absolute,node,25044,-1,-1,535
877,0,0,730769,0,absolute,node,1872,-1,3,535
878,0,0,730769,0,absolute,node,1801,-1,-3,535
879,0,0,730769,0,absolute,node,10295,-1,1,535
880,0,0,730769,0,absolute,node,25044,-1,-1,535
881,0,0,730769,0,absolute,node,26093,-1,1,535
882,0,0,730769,0,absolute,node,24064,-1,-1,535
883,0,0,730769,0,absolute,node,7797,-1,2,535
884,0,0,730769,0,absolute,node,11893,-1,-2,535
885,0,0,730769,0,absolute,node,7481,-1,1,535
886,0,0,730769,0,absolute,node,20407,-1,-1,535
887,0,0,730769,0,absolute,node,13903,-1,4,535
888,0,0,730769,0,absolute,node,17888,-1,-4,535
889,0,0,730769,0,absolute,node,14737,-1,2,535
890,0,0,730769,0,absolute,node,7134,-1,-2,535
891,0,0,730769,0,absolute,node,26018,-1,1,535
892,0,0,730769,0,absolute,node,24433,-1,-1,535
893,0,0,730769,0,absolute,node,55,-1,1,535
894,0,0,730769,0,absolute,node,20407,-1,-1,535
895,0,0,730769,0,absolute,node,5126,-1,2,535
896,0,0,730769,0,absolute,node,24650,-1,-2,535
897,0,0,730769,0,absolute,node,25651,-1,1,535
898,0,0,730769,0,absolute,node,12380,-1,-1,535
899,0,0,730769,0,absolute,node,21691,-1,2,535
900,0,0,730769,0,absolute,node,3426,-1,-2,535
901,0,0,730769,0,absolute,node,9262,-1,3,535
902,0,0,730769,0,absolute,node,17262,-1,-3,535
903,0,0,730769,0,absolute,node,24988,-1,1,535
904,0,0,730769,0,absolute,node,15989,-1,-1,535
905,0,0,730769,0,absolute,node,15550,-1,3,535
906,0,0,730769,0,absolute,node,7134,-1,-3,535
907,0,0,730769,0,absolute,node,10150,-1,2,535
908,0,0,730769,0,absolute,node,19485,-1,-2,535
909,0,0,730769,0,absolute,node,17201,-1,2,535
910,0,0,730769,0,absolute,node,22050,-1,-2,535
911,0,0,730769,0,absolute,node,2050,-1,1,535
912,0,0,730769,0,absolute,node,3996,-1,-1,535
913,0,0,769230,0,absolute,node,3937,-1,2,535
914,0,0,769230,0,absolute,node,18406,-1,-2,535
915,0,0,769230,0,absolute,node,15313,-1,1,535
916,0,0,769230,0,absolute,node,20407,-1,-1,535
917,0,0,769230,0,absolute,node,20894,-1,3,535
918,0,0,769230,0,absolute,node,9262,-1,-3,535
919,0,0,769230,0,absolute,node,5017,-1,4,535
920,0,0,769230,0,absolute,node,3048,-1,-4,535
921,0,0,769230,0,absolute,node,22050,-1,1,535
922,0,0,769230,0,absolute,node,1622,-1,-1,535
923,0,0,769230,0,absolute,node,8097,-1,1,535
924,0,0,769230,0,absolute,node,5665,-1,-1,535
925,0,0,769230,0,absolute,node,11011,-1,1,535
926,0,0,769230,0,absolute,node,5665,-1,-1,535
927,0,0,769230,0,absolute,node,17661,-1,2,535
928,0,0,769230,0,absolute,node,2339,-1,-2,535
929,0,0,769230,0,absolute,node,21825,-1,1,535
930,0,0,769230,0,absolute,node,3245,-1,-1,535
931,0,0,769230,0,absolute,node,18449,-1,2,535
932,0,0,769230,0,absolute,node,21439,-1,-2,535
933,0,0,769230,0,absolute,node,153,-1,1,535
934,0,0,769230,0,absolute,node,4698,-1,-1,535
935,0,0,769230,0,absolute,node,10150,-1,1,535
936,0,0,769230,0,absolute,node,13903,-1,-1,535
937,0,0,769230,0,absolute,node,15335,-1,2,535
938,0,0,769230,0,absolute,node,1872,-1,-2,535
939,0,0,769230,0,absolute,node,55,-1,3,535
940,0,0,769230,0,absolute,node,26018,-1,-3,535
941,0,0,769230,0,absolute,node,2202,-1,1,535
942,0,0,769230,0,absolute,node,5306,-1,-1,535
943,0,0,769230,0,absolute,node,14737,-1,1,535
944,0,0,769230,0,absolute,node,18333,-1,-1,535
945,0,0,769230,0,absolute,node,25651,-1,1,535
946,0,0,769230,0,absolute,node,3996,-1,-1,535
947,0,0,769230,0,absolute,node,25089,-1,2,535
948,0,0,769230,0,absolute,node,26093,-1,-2,535
949,0,0,769230,0,absolute,node,18291,-1,1,535
950,0,0,769230,0,absolute,node,10922,-1,-1,535
951,0,0,769230,0,absolute,node,6499,-1,2,535
952,0,0,769230,0,absolute,node,7966,-1,-2,535
953,0,0,769230,0,absolute,node,12038,-1,1,535
954,0,0,769230,0,absolute,node,23231,-1,-1,535
955,0,0,769230,0,absolute,node,12941,-1,1,535
956,0,0,769230,0,absolute,node,25293,-1,-1,535
957,0,0,769230,0,absolute,node,17262,-1,1,535
958,0,0,769230,0,absolute,node,7481,-1,-1,535
959,0,0,769230,0,absolute,node,7228,-1,1,535
960,0,0,769230,0,absolute,node,15550,-1,-1,535
961,0,0,807692,0,absolute,node,19178,-1,1,535
962,0,0,807692,0,absolute,node,24988,-1,-1,535
963,0,0,807692,0,absolute,node,7134,-1,1,535
964,0,0,807692,0,absolute,node,5740,-1,-1,535
965,0,0,807692,0,absolute,node,15313,-1,2,535
966,0,0,807692,0,absolute,node,12038,-1,-2,535
967,0,0,807692,0,absolute,node,2050,-1,3,535
968,0,0,807692,0,absolute,node,14737,-1,-3,535
969,0,0,807692,0,absolute,node,21691,-1,1,535
970,0,0,807692,0,absolute,node,15600,-1,-1,535
971,0,0,807692,0,absolute,node,25044,-1,1,535
972,0,0,807692,0,absolute,node,25983,-1,-1,535
973,0,0,807692,0,absolute,node,8606,-1,3,535
974,0,0,807692,0,absolute,node,7797,-1,-3,535
975,0,0,807692,0,absolute,node,9966,-1,1,535
976,0,0,807692,0,absolute,node,24433,-1,-1,535
977,0,0,807692,0,absolute,node,11011,-1,3,535
978,0,0,807692,0,absolute,node,7966,-1,-3,535
979,0,0,807692,0,absolute,node,20316,-1,1,535
980,0,0,807692,0,absolute,node,18449,-1,-1,535
981,0,0,807692,0,absolute,node,2339,-1,2,535
982,0,0,807692,0,absolute,node,23231,-1,-2,535
983,0,0,807692,0,absolute,node,13903,-1,1,535
984,0,0,807692,0,absolute,node,22050,-1,-1,535
985,0,0,807692,0,absolute,node,21439,-1,2,535
986,0,0,807692,0,absolute,node,24650,-1,-2,535
987,0,0,807692,0,absolute,node,3420,-1,2,535
988,0,0,807692,0,absolute,node,9202,-1,-2,535
989,0,0,807692,0,absolute,node,4200,-1,1,535
990,0,0,807692,0,absolute,node,20894,-1,-1,535
991,0,0,807692,0,absolute,node,7953,-1,2,535
992,0,0,807692,0,absolute,node,1872,-1,-2,535
993,0,0,807692,0,absolute,node,1262,-1,1,535
994,0,0,807692,0,absolute,node,3777,-1,-1,535
995,0,0,807692,0,absolute,node,25293,-1,1,535
996,0,0,807692,0,absolute,node,24239,-1,-1,535
997,0,0,807692,0,absolute,node,3937,-1,2,535
998,0,0,807692,0,absolute,node,21825,-1,-2,535
999,0,0,807692,0,absolute,node,5243,-1,1,535
1000,0,0,807692,0,absolute,node,17661,-1,-1,535
1001,0,0,807692,0,absolute,node,19485,-1,2,535
1002,0,0,807692,0,absolute,node,17262,-1,-2,535
1003,0,0,807692,0,absolute,node,6223,-1,1,535
1004,0,0,807692,0,absolute,node,24433,-1,-1,535
1005,0,0,807692,0,absolute,node,153,-1,1,535
1006,0,0,807692,0,absolute,node,8632,-1,-1,535
1007,0,0,807692,0,absolute,node,5306,-1,1,535
1008,0,0,807692,0,absolute,node,24064,-1,-1,535
1009,0,0,846153,0,absolute,node,20894,-1,1,535
1010,0,0,846153,0,absolute,node,3937,-1,-1,535
1011,0,0,846153,0,absolute,node,15313,-1,1,535
1012,0,0,846153,0,absolute,node,5665,-1,-1,535
1013,0,0,846153,0,absolute,node,11011,-1,1,535
1014,0,0,846153,0,absolute,node,1622,-1,-1,535
1015,0,0,846153,0,absolute,node,21439,-1,1,535
1016,0,0,846153,0,absolute,node,5168,-1,-1,535
1017,0,0,846153,0,absolute,node,4200,-1,1,535
1018,0,0,846153,0,absolute,node,24064,-1,-1,535
1019,0,0,846153,0,absolute,node,20407,-1,1,535
1020,0,0,846153,0,absolute,node,7797,-1,-1,535
1021,0,0,846153,0,absolute,node,5016,-1,1,535
1022,0,0,846153,0,absolute,node,25089,-1,-1,535
1023,0,0,846153,0,absolute,node,3420,-1,4,535
1024,0,0,846153,0,absolute,node,19607,-1,-4,535
1025,0,0,846153,0,absolute,node,24988,-1,1,535
1026,0,0,846153,0,absolute,node,3996,-1,-1,535
1027,0,0,846153,0,absolute,node,7228,-1,2,535
1028,0,0,846153,0,absolute,node,19485,-1,-2,535
1029,0,0,846153,0,absolute,node,23231,-1,1,535
1030,0,0,846153,0,absolute,node,2339,-1,-1,535
1031,0,0,846153,0,absolute,node,24650,-1,1,535
1032,0,0,846153,0,absolute,node,18333,-1,-1,535
1033,0,0,846153,0,absolute,node,21825,-1,3,535
1034,0,0,846153,0,absolute,node,14737,-1,-3,535
1035,0,0,846153,0,absolute,node,5306,-1,1,535
1036,0,0,846153,0,absolute,node,24064,-1,-1,535
1037,0,0,846153,0,absolute,node,10295,-1,1,535
1038,0,0,846153,0,absolute,node,3996,-1,-1,535
1039,0,0,846153,0,absolute,node,3245,-1,4,535
1040,0,0,846153,0,absolute,node,12038,-1,-4,535
1041,0,0,846153,0,absolute,node,3777,-1,1,535
1042,0,0,846153,0,absolute,node,2339,-1,-1,535
1043,0,0,846153,0,absolute,node,153,-1,1,535
1044,0,0,846153,0,absolute,node,24064,-1,-1,535
1045,0,0,846153,0,absolute,node,10922,-1,1,535
1046,0,0,846153,0,absolute,node,3593,-1,-1,535
1047,0,0,846153,0,absolute,node,4698,-1,3,535
1048,0,0,846153,0,absolute,node,1801,-1,-3,535
1049,0,0,846153,0,absolute,node,5243,-1,1,535
1050,0,0,846153,0,absolute,node,24433,-1,-1,535
1051,0,0,846153,0,absolute,node,15335,-1,1,535
1052,0,0,846153,0,absolute,node,18333,-1,-1,535
1053,0,0,846153,0,absolute,node,22050,-1,1,535
1054,0,0,846153,0,absolute,node,8632,-1,-1,535
1055,0,0,846153,0,absolute,node,5740,-1,1,535
1056,0,0,846153,0,absolute,node,3937,-1,-1,535
1057,0,0,884615,0,absolute,node,17262,-1,1,535
1058,0,0,884615,0,absolute,node,25044,-1,-1,535
1059,0,0,884615,0,absolute,node,12941,-1,1,535
1060,0,0,884615,0,absolute,node,7953,-1,-1,535
1061,0,0,884615,0,absolute,node,6040,-1,1,535
1062,0,0,884615,0,absolute,node,4320,-1,-1,535
1063,0,0,884615,0,absolute,node,7713,-1,1,535
1064,0,0,884615,0,absolute,node,20407,-1,-1,535
1065,0,0,884615,0,absolute,node,15313,-1,1,535
1066,0,0,884615,0,absolute,node,15335,-1,-1,535
1067,0,0,884615,0,absolute,node,23231,-1,2,535
1068,0,0,884615,0,absolute,node,19607,-1,-2,535
1069,0,0,884615,0,absolute,node,12783,-1,2,535
1070,0,0,884615,0,absolute,node,25089,-1,-2,535
1071,0,0,884615,0,absolute,node,2339,-1,2,535
1072,0,0,884615,0,absolute,node,25651,-1,-2,535
1073,0,0,884615,0,absolute,node,10922,-1,1,535
1074,0,0,884615,0,absolute,node,21825,-1,-1,535
1075,0,0,884615,0,absolute,node,55,-1,1,535
1076,0,0,884615,0,absolute,node,8632,-1,-1,535
1077,0,0,884615,0,absolute,node,15989,-1,1,535
1078,0,0,884615,0,absolute,node,5306,-1,-1,535
1079,0,0,884615,0,absolute,node,17201,-1,1,535
1080,0,0,884615,0,absolute,node,3420,-1,-1,535
1081,0,0,884615,0,absolute,node,5243,-1,1,535
1082,0,0,884615,0,absolute,node,14737,-1,-1,535
1083,0,0,884615,0,absolute,node,4698,-1,1,535
1084,0,0,884615,0,absolute,node,6223,-1,-1,535
1085,0,0,884615,0,absolute,node,2202,-1,2,535
1086,0,0,884615,0,absolute,node,7228,-1,-2,535
1087,0,0,884615,0,absolute,node,25983,-1,4,535
1088,0,0,884615,0,absolute,node,13742,-1,-4,535
1089,0,0,884615,0,absolute,node,6220,-1,1,535
1090,0,0,884615,0,absolute,node,3996,-1,-1,535
1091,0,0,884615,0,absolute,node,1622,-1,1,535
1092,0,0,884615,0,absolute,node,21691,-1,-1,535
1093,0,0,884615,0,absolute,node,9262,-1,1,535
1094,0,0,884615,0,absolute,node,17661,-1,-1,535
1095,0,0,884615,0,absolute,node,12038,-1,1,535
1096,0,0,884615,0,absolute,node,21691,-1,-1,535
1097,0,0,884615,0,absolute,node,13903,-1,1,535
1098,0,0,884615,0,absolute,node,21691,-1,-1,535
1099,0,0,884615,0,absolute,node,8097,-1,4,535
1100,0,0,884615,0,absolute,node,3420,-1,-4,535
1101,0,0,884615,0,absolute,node,18449,-1,2,535
1102,0,0,884615,0,absolute,node,25089,-1,-2,535
1103,0,0,884615,0,absolute,node,15550,-1,1,535
1104,0,0,884615,0,absolute,node,3245,-1,-1,535
1105,0,0,923076,0,absolute,node,20894,-1,1,535
1106,0,0,923076,0,absolute,node,5016,-1,-1,535
1107,0,0,923076,0,absolute,node,24988,-1,3,535
1108,0,0,923076,0,absolute,node,2339,-1,-3,535
1109,0,0,923076,0,absolute,node,11011,-1,1,535
1110,0,0,923076,0,absolute,node,1622,-1,-1,535
1111,0,0,923076,0,absolute,node,7481,-1,1,535
1112,0,0,923076,0,absolute,node,25044,-1,-1,535
1113,0,0,923076,0,absolute,node,25983,-1,1,535
1114,0,0,923076,0,absolute,node,5740,-1,-1,535
1115,0,0,923076,0,absolute,node,26093,-1,1,535
1116,0,0,923076,0,absolute,node,3937,-1,-1,535
1117,0,0,923076,0,absolute,node,24239,-1,1,535
1118,0,0,923076,0,absolute,node,3245,-1,-1,535
1119,0,0,923076,0,absolute,node,22050,-1,1,535
1120,0,0,923076,0,absolute,node,7713,-1,-1,535
1121,0,0,923076,0,absolute,node,15989,-1,2,535
1122,0,0,923076,0,absolute,node,5017,-1,-2,535
1123,0,0,923076,0,absolute,node,12941,-1,1,535
1124,0,0,923076,0,absolute,node,5740,-1,-1,535
1125,0,0,923076,0,absolute,node,1262,-1,2,535
1126,0,0,923076,0,absolute,node,13742,-1,-2,535
1127,0,0,923076,0,absolute,node,21825,-1,1,535
1128,0,0,923076,0,absolute,node,4698,-1,-1,535
1129,0,0,923076,0,absolute,node,18449,-1,1,535
1130,0,0,923076,0,absolute,node,5017,-1,-1,535
1131,0,0,923076,0,absolute,node,3048,-1,1,535
1132,0,0,923076,0,absolute,node,18291,-1,-1,535
1133,0,0,923076,0,absolute,node,21439,-1,2,535
1134,0,0,923076,0,absolute,node,19485,-1,-2,535
1135,0,0,923076,0,absolute,node,17262,-1,1,535
1136,0,0,923076,0,absolute,node,20316,-1,-1,535
1137,0,0,923076,0,absolute,node,19178,-1,2,535
1138,0,0,923076,0,absolute,node,24650,-1,-2,535
1139,0,0,923076,0,absolute,node,5405,-1,1,535
1140,0,0,923076,0,absolute,node,18333,-1,-1,535
1141,0,0,923076,0,absolute,node,5243,-1,1,535
1142,0,0,923076,0,absolute,node,15550,-1,-1,535
1143,0,0,923076,0,absolute,node,9151,-1,1,535
1144,0,0,923076,0,absolute,node,21691,-1,-1,535
1145,0,0,923076,0,absolute,node,9262,-1,1,535
1146,0,0,923076,0,absolute,node,3996,-1,-1,535
1147,0,0,923076,0,absolute,node,7228,-1,1,535
1148,0,0,923076,0,absolute,node,7953,-1,-1,535
1149,0,0,923076,0,absolute,node,6223,-1,1,535
1150,0,0,923076,0,absolute,node,5306,-1,-1,535
1151,0,0,923076,0,absolute,node,3426,-1,1,535
1152,0,0,923076,0,absolute,node,18333,-1,-1,535
1153,0,0,961538,0,absolute,node,17262,-1,3,535
1154,0,0,961538,0,absolute,node,15313,-1,-3,535
1155,0,0,961538,0,absolute,node,7481,-1,2,535
1156,0,0,961538,0,absolute,node,26093,-1,-2,535
1157,0,0,961538,0,absolute,node,15550,-1,2,535
1158,0,0,961538,0,absolute,node,24650,-1,-2,535
1159,0,0,961538,0,absolute,node,3426,-1,1,535
1160,0,0,961538,0,absolute,node,24239,-1,-1,535
1161,0,0,961538,0,absolute,node,21691,-1,4,535
1162,0,0,961538,0,absolute,node,13903,-1,-4,535
1163,0,0,961538,0,absolute,node,18449,-1,4,535
1164,0,0,961538,0,absolute,node,13903,-1,-4,535
1165,0,0,961538,0,absolute,node,4698,-1,1,535
1166,0,0,961538,0,absolute,node,5243,-1,-1,535
1167,0,0,961538,0,absolute,node,10150,-1,1,535
1168,0,0,961538,0,absolute,node,6223,-1,-1,535
1169,0,0,961538,0,absolute,node,7953,-1,1,535
1170,0,0,961538,0,absolute,node,24988,-1,-1,535
1171,0,0,961538,0,absolute,node,13742,-1,1,535
1172,0,0,961538,0,absolute,node,5243,-1,-1,535
1173,0,0,961538,0,absolute,node,17888,-1,2,535
1174,0,0,961538,0,absolute,node,9262,-1,-2,535
1175,0,0,961538,0,absolute,node,5016,-1,1,535
1176,0,0,961538,0,absolute,node,6499,-1,-1,535
1177,0,0,961538,0,absolute,node,18063,-1,1,535
1178,0,0,961538,0,absolute,node,21439,-1,-1,535
1179,0,0,961538,0,absolute,node,6220,-1,2,535
1180,0,0,961538,0,absolute,node,25651,-1,-2,535
1181,0,0,961538,0,absolute,node,15335,-1,2,535
1182,0,0,961538,0,absolute,node,21825,-1,-2,535
1183,0,0,961538,0,absolute,node,11011,-1,1,535
1184,0,0,961538,0,absolute,node,17661,-1,-1,535
1185,0,0,961538,0,absolute,node,12783,-1,3,535
1186,0,0,961538,0,absolute,node,2202,-1,-3,535
1187,0,0,961538,0,absolute,node,5740,-1,3,535
1188,0,0,961538,0,absolute,node,19485,-1,-3,535
1189,0,0,961538,0,absolute,node,17201,-1,1,535
1190,0,0,961538,0,absolute,node,2050,-1,-1,535
1191,0,0,961538,0,absolute,node,25089,-1,1,535
1192,0,0,961538,0,absolute,node,15600,-1,-1,535
1193,0,0,961538,0,absolute,node,1801,-1,3,535
1194,0,0,961538,0,absolute,node,1262,-1,-3,535
1195,0,0,961538,0,absolute,node,153,-1,2,535
1196,0,0,961538,0,absolute,node,24988,-1,-2,535
1197,0,0,961538,0,absolute,node,3937,-1,1,535
1198,0,0,961538,0,absolute,node,3777,-1,-1,535
1199,0,0,961538,0,absolute,node,12941,-1,2,535
1200,0,0,961538,0,absolute,node,7797,-1,-2,535
