changeID,absoluteTime,evaluation,bitVector,distanceEvaluation,typeOfChange,affected,affectedID1,affectedID2,change,totalAfterChange
0,0,0,0,0,,,-1,-1,0,562
1,0,0,166666,0,absolute,node,25751,-1,1,562
2,0,0,166666,0,absolute,node,24842,-1,-1,562
3,0,0,166666,0,absolute,node,9851,-1,2,562
4,0,0,166666,0,absolute,node,6437,-1,-2,562
5,0,0,166666,0,absolute,node,15788,-1,2,562
6,0,0,166666,0,absolute,node,14357,-1,-2,562
7,0,0,166666,0,absolute,node,2548,-1,2,562
8,0,0,166666,0,absolute,node,9670,-1,-2,562
9,0,0,166666,0,absolute,node,19694,-1,2,562
10,0,0,166666,0,absolute,node,25208,-1,-2,562
11,0,0,166666,0,absolute,node,5279,-1,1,562
12,0,0,166666,0,absolute,node,2849,-1,-1,562
13,0,0,166666,0,absolute,node,4563,-1,1,562
14,0,0,166666,0,absolute,node,9675,-1,-1,562
15,0,0,166666,0,absolute,node,21693,-1,5,562
16,0,0,166666,0,absolute,node,9542,-1,-5,562
17,0,0,166666,0,absolute,node,19723,-1,1,562
18,0,0,166666,0,absolute,node,1467,-1,-1,562
19,0,0,166666,0,absolute,node,9918,-1,4,562
20,0,0,166666,0,absolute,node,14894,-1,-4,562
21,0,0,166666,0,absolute,node,6652,-1,1,562
22,0,0,166666,0,absolute,node,1467,-1,-1,562
23,0,0,166666,0,absolute,node,11093,-1,3,562
24,0,0,166666,0,absolute,node,1577,-1,-3,562
25,0,0,333333,0,absolute,node,26004,-1,1,562
26,0,0,333333,0,absolute,node,11945,-1,-1,562
27,0,0,333333,0,absolute,node,10601,-1,1,562
28,0,0,333333,0,absolute,node,11455,-1,-1,562
29,0,0,333333,0,absolute,node,6652,-1,3,562
30,0,0,333333,0,absolute,node,25751,-1,-3,562
31,0,0,333333,0,absolute,node,3337,-1,2,562
32,0,0,333333,0,absolute,node,9236,-1,-2,562
33,0,0,333333,0,absolute,node,4563,-1,3,562
34,0,0,333333,0,absolute,node,22335,-1,-3,562
35,0,0,333333,0,absolute,node,2903,-1,2,562
36,0,0,333333,0,absolute,node,15463,-1,-2,562
37,0,0,333333,0,absolute,node,5486,-1,1,562
38,0,0,333333,0,absolute,node,24866,-1,-1,562
39,0,0,333333,0,absolute,node,21462,-1,1,562
40,0,0,333333,0,absolute,node,18779,-1,-1,562
41,0,0,333333,0,absolute,node,9675,-1,1,562
42,0,0,333333,0,absolute,node,14640,-1,-1,562
43,0,0,333333,0,absolute,node,20991,-1,5,562
44,0,0,333333,0,absolute,node,19694,-1,-5,562
45,0,0,333333,0,absolute,node,19599,-1,1,562
46,0,0,333333,0,absolute,node,25096,-1,-1,562
47,0,0,333333,0,absolute,node,21101,-1,1,562
48,0,0,333333,0,absolute,node,9236,-1,-1,562
49,0,0,5e+05,0,absolute,node,4563,-1,1,562
50,0,0,5e+05,0,absolute,node,21693,-1,-1,562
51,0,0,5e+05,0,absolute,node,24866,-1,2,562
52,0,0,5e+05,0,absolute,node,2359,-1,-2,562
53,0,0,5e+05,0,absolute,node,1467,-1,3,562
54,0,0,5e+05,0,absolute,node,10984,-1,-3,562
55,0,0,5e+05,0,absolute,node,18258,-1,1,562
56,0,0,5e+05,0,absolute,node,5486,-1,-1,562
57,0,0,5e+05,0,absolute,node,18779,-1,2,562
58,0,0,5e+05,0,absolute,node,9542,-1,-2,562
59,0,0,5e+05,0,absolute,node,2375,-1,3,562
60,0,0,5e+05,0,absolute,node,17193,-1,-3,562
61,0,0,5e+05,0,absolute,node,10503,-1,2,562
62,0,0,5e+05,0,absolute,node,19458,-1,-2,562
63,0,0,5e+05,0,absolute,node,19697,-1,1,562
64,0,0,5e+05,0,absolute,node,17842,-1,-1,562
65,0,0,5e+05,0,absolute,node,9675,-1,3,562
66,0,0,5e+05,0,absolute,node,1577,-1,-3,562
67,0,0,5e+05,0,absolute,node,19583,-1,1,562
68,0,0,5e+05,0,absolute,node,9670,-1,-1,562
69,0,0,5e+05,0,absolute,node,1796,-1,1,562
70,0,0,5e+05,0,absolute,node,25751,-1,-1,562
71,0,0,5e+05,0,absolute,node,5279,-1,1,562
72,0,0,5e+05,0,absolute,node,21520,-1,-1,562
73,0,0,666666,0,absolute,node,26004,-1,3,562
74,0,0,666666,0,absolute,node,21693,-1,-3,562
75,0,0,666666,0,absolute,node,10433,-1,1,562
76,0,0,666666,0,absolute,node,1796,-1,-1,562
77,0,0,666666,0,absolute,node,23682,-1,1,562
78,0,0,666666,0,absolute,node,24295,-1,-1,562
79,0,0,666666,0,absolute,node,19583,-1,1,562
80,0,0,666666,0,absolute,node,19577,-1,-1,562
81,0,0,666666,0,absolute,node,7081,-1,2,562
82,0,0,666666,0,absolute,node,9166,-1,-2,562
83,0,0,666666,0,absolute,node,11945,-1,3,562
84,0,0,666666,0,absolute,node,6714,-1,-3,562
85,0,0,666666,0,absolute,node,24942,-1,3,562
86,0,0,666666,0,absolute,node,1796,-1,-3,562
87,0,0,666666,0,absolute,node,2548,-1,2,562
88,0,0,666666,0,absolute,node,25208,-1,-2,562
89,0,0,666666,0,absolute,node,11455,-1,3,562
90,0,0,666666,0,absolute,node,3337,-1,-3,562
91,0,0,666666,0,absolute,node,22213,-1,1,562
92,0,0,666666,0,absolute,node,21101,-1,-1,562
93,0,0,666666,0,absolute,node,10096,-1,5,562
94,0,0,666666,0,absolute,node,25096,-1,-5,562
95,0,0,666666,0,absolute,node,17193,-1,1,562
96,0,0,666666,0,absolute,node,24295,-1,-1,562
97,0,0,833333,0,absolute,node,24100,-1,1,562
98,0,0,833333,0,absolute,node,18779,-1,-1,562
99,0,0,833333,0,absolute,node,10601,-1,2,562
100,0,0,833333,0,absolute,node,21693,-1,-2,562
101,0,0,833333,0,absolute,node,20991,-1,2,562
102,0,0,833333,0,absolute,node,3352,-1,-2,562
103,0,0,833333,0,absolute,node,8527,-1,4,562
104,0,0,833333,0,absolute,node,24108,-1,-4,562
105,0,0,833333,0,absolute,node,9670,-1,2,562
106,0,0,833333,0,absolute,node,9236,-1,-2,562
107,0,0,833333,0,absolute,node,6714,-1,2,562
108,0,0,833333,0,absolute,node,19697,-1,-2,562
109,0,0,833333,0,absolute,node,15463,-1,3,562
110,0,0,833333,0,absolute,node,25751,-1,-3,562
111,0,0,833333,0,absolute,node,21462,-1,1,562
112,0,0,833333,0,absolute,node,6437,-1,-1,562
113,0,0,833333,0,absolute,node,22335,-1,1,562
114,0,0,833333,0,absolute,node,26004,-1,-1,562
115,0,0,833333,0,absolute,node,19694,-1,1,562
116,0,0,833333,0,absolute,node,21882,-1,-1,562
117,0,0,833333,0,absolute,node,22776,-1,1,562
118,0,0,833333,0,absolute,node,11455,-1,-1,562
119,0,0,833333,0,absolute,node,17842,-1,1,562
120,0,0,833333,0,absolute,node,9166,-1,-1,562
