changeID,absoluteTime,evaluation,bitVector,distanceEvaluation,typeOfChange,affected,affectedID1,affectedID2,change,totalAfterChange
0,0,0,0,0,,,-1,-1,0,530
1,0,0,38461,0,absolute,node,95753,-1,1,530
2,0,0,38461,0,absolute,node,14298,-1,-1,530
3,0,0,38461,0,absolute,node,187315,-1,3,530
4,0,0,38461,0,absolute,node,73349,-1,-3,530
5,0,0,38461,0,absolute,node,120860,-1,4,530
6,0,0,38461,0,absolute,node,205098,-1,-4,530
7,0,0,38461,0,absolute,node,74312,-1,1,530
8,0,0,38461,0,absolute,node,54621,-1,-1,530
9,0,0,38461,0,absolute,node,166183,-1,1,530
10,0,0,38461,0,absolute,node,122505,-1,-1,530
11,0,0,38461,0,absolute,node,110914,-1,2,530
12,0,0,38461,0,absolute,node,93494,-1,-2,530
13,0,0,38461,0,absolute,node,185722,-1,2,530
14,0,0,38461,0,absolute,node,63836,-1,-2,530
15,0,0,38461,0,absolute,node,201407,-1,1,530
16,0,0,38461,0,absolute,node,58031,-1,-1,530
17,0,0,38461,0,absolute,node,25612,-1,3,530
18,0,0,38461,0,absolute,node,41682,-1,-3,530
19,0,0,38461,0,absolute,node,67613,-1,2,530
20,0,0,38461,0,absolute,node,118485,-1,-2,530
21,0,0,38461,0,absolute,node,6423,-1,1,530
22,0,0,38461,0,absolute,node,33204,-1,-1,530
23,0,0,38461,0,absolute,node,161091,-1,3,530
24,0,0,38461,0,absolute,node,164631,-1,-3,530
25,0,0,76923,0,absolute,node,3428,-1,2,530
26,0,0,76923,0,absolute,node,74385,-1,-2,530
27,0,0,76923,0,absolute,node,71677,-1,1,530
28,0,0,76923,0,absolute,node,23046,-1,-1,530
29,0,0,76923,0,absolute,node,21919,-1,1,530
30,0,0,76923,0,absolute,node,377,-1,-1,530
31,0,0,76923,0,absolute,node,68391,-1,1,530
32,0,0,76923,0,absolute,node,80085,-1,-1,530
33,0,0,76923,0,absolute,node,190581,-1,1,530
34,0,0,76923,0,absolute,node,97040,-1,-1,530
35,0,0,76923,0,absolute,node,149857,-1,4,530
36,0,0,76923,0,absolute,node,118485,-1,-4,530
37,0,0,76923,0,absolute,node,58572,-1,2,530
38,0,0,76923,0,absolute,node,151586,-1,-2,530
39,0,0,76923,0,absolute,node,109194,-1,1,530
40,0,0,76923,0,absolute,node,74312,-1,-1,530
41,0,0,76923,0,absolute,node,32772,-1,1,530
42,0,0,76923,0,absolute,node,122505,-1,-1,530
43,0,0,76923,0,absolute,node,33204,-1,3,530
44,0,0,76923,0,absolute,node,6423,-1,-3,530
45,0,0,76923,0,absolute,node,150232,-1,1,530
46,0,0,76923,0,absolute,node,37862,-1,-1,530
47,0,0,76923,0,absolute,node,468,-1,2,530
48,0,0,76923,0,absolute,node,63836,-1,-2,530
49,0,0,115384,0,absolute,node,93494,-1,1,530
50,0,0,115384,0,absolute,node,109194,-1,-1,530
51,0,0,115384,0,absolute,node,62289,-1,2,530
52,0,0,115384,0,absolute,node,17230,-1,-2,530
53,0,0,115384,0,absolute,node,127995,-1,1,530
54,0,0,115384,0,absolute,node,185722,-1,-1,530
55,0,0,115384,0,absolute,node,80085,-1,5,530
56,0,0,115384,0,absolute,node,100222,-1,-5,530
57,0,0,115384,0,absolute,node,124893,-1,2,530
58,0,0,115384,0,absolute,node,118485,-1,-2,530
59,0,0,115384,0,absolute,node,142271,-1,1,530
60,0,0,115384,0,absolute,node,109194,-1,-1,530
61,0,0,115384,0,absolute,node,196471,-1,2,530
62,0,0,115384,0,absolute,node,377,-1,-2,530
63,0,0,115384,0,absolute,node,40635,-1,3,530
64,0,0,115384,0,absolute,node,74429,-1,-3,530
65,0,0,115384,0,absolute,node,73349,-1,1,530
66,0,0,115384,0,absolute,node,206943,-1,-1,530
67,0,0,115384,0,absolute,node,67613,-1,2,530
68,0,0,115384,0,absolute,node,28637,-1,-2,530
69,0,0,115384,0,absolute,node,139823,-1,4,530
70,0,0,115384,0,absolute,node,61200,-1,-4,530
71,0,0,115384,0,absolute,node,3428,-1,4,530
72,0,0,115384,0,absolute,node,12730,-1,-4,530
73,0,0,153846,0,absolute,node,98354,-1,1,530
74,0,0,153846,0,absolute,node,190581,-1,-1,530
75,0,0,153846,0,absolute,node,62289,-1,1,530
76,0,0,153846,0,absolute,node,153007,-1,-1,530
77,0,0,153846,0,absolute,node,145682,-1,3,530
78,0,0,153846,0,absolute,node,15693,-1,-3,530
79,0,0,153846,0,absolute,node,138688,-1,2,530
80,0,0,153846,0,absolute,node,197252,-1,-2,530
81,0,0,153846,0,absolute,node,187315,-1,1,530
82,0,0,153846,0,absolute,node,71677,-1,-1,530
83,0,0,153846,0,absolute,node,28637,-1,1,530
84,0,0,153846,0,absolute,node,9996,-1,-1,530
85,0,0,153846,0,absolute,node,9289,-1,4,530
86,0,0,153846,0,absolute,node,82700,-1,-4,530
87,0,0,153846,0,absolute,node,47894,-1,1,530
88,0,0,153846,0,absolute,node,54621,-1,-1,530
89,0,0,153846,0,absolute,node,95854,-1,1,530
90,0,0,153846,0,absolute,node,120719,-1,-1,530
91,0,0,153846,0,absolute,node,205098,-1,1,530
92,0,0,153846,0,absolute,node,207201,-1,-1,530
93,0,0,153846,0,absolute,node,173026,-1,1,530
94,0,0,153846,0,absolute,node,74385,-1,-1,530
95,0,0,153846,0,absolute,node,142568,-1,1,530
96,0,0,153846,0,absolute,node,58572,-1,-1,530
97,0,0,192307,0,absolute,node,98354,-1,1,530
98,0,0,192307,0,absolute,node,120860,-1,-1,530
99,0,0,192307,0,absolute,node,14298,-1,1,530
100,0,0,192307,0,absolute,node,33204,-1,-1,530
101,0,0,192307,0,absolute,node,187315,-1,1,530
102,0,0,192307,0,absolute,node,142568,-1,-1,530
103,0,0,192307,0,absolute,node,152840,-1,2,530
104,0,0,192307,0,absolute,node,377,-1,-2,530
105,0,0,192307,0,absolute,node,40635,-1,1,530
106,0,0,192307,0,absolute,node,138688,-1,-1,530
107,0,0,192307,0,absolute,node,3428,-1,2,530
108,0,0,192307,0,absolute,node,149857,-1,-2,530
109,0,0,192307,0,absolute,node,145682,-1,1,530
110,0,0,192307,0,absolute,node,55703,-1,-1,530
111,0,0,192307,0,absolute,node,100222,-1,1,530
112,0,0,192307,0,absolute,node,142271,-1,-1,530
113,0,0,192307,0,absolute,node,116531,-1,1,530
114,0,0,192307,0,absolute,node,41682,-1,-1,530
115,0,0,192307,0,absolute,node,63836,-1,1,530
116,0,0,192307,0,absolute,node,95753,-1,-1,530
117,0,0,192307,0,absolute,node,110914,-1,4,530
118,0,0,192307,0,absolute,node,61200,-1,-4,530
119,0,0,192307,0,absolute,node,73349,-1,2,530
120,0,0,192307,0,absolute,node,75655,-1,-2,530
121,0,0,230769,0,absolute,node,55703,-1,2,530
122,0,0,230769,0,absolute,node,28637,-1,-2,530
123,0,0,230769,0,absolute,node,110914,-1,1,530
124,0,0,230769,0,absolute,node,98354,-1,-1,530
125,0,0,230769,0,absolute,node,109194,-1,1,530
126,0,0,230769,0,absolute,node,99996,-1,-1,530
127,0,0,230769,0,absolute,node,93494,-1,1,530
128,0,0,230769,0,absolute,node,107033,-1,-1,530
129,0,0,230769,0,absolute,node,166183,-1,2,530
130,0,0,230769,0,absolute,node,6423,-1,-2,530
131,0,0,230769,0,absolute,node,142568,-1,2,530
132,0,0,230769,0,absolute,node,196471,-1,-2,530
133,0,0,230769,0,absolute,node,74429,-1,1,530
134,0,0,230769,0,absolute,node,190581,-1,-1,530
135,0,0,230769,0,absolute,node,41682,-1,1,530
136,0,0,230769,0,absolute,node,185722,-1,-1,530
137,0,0,230769,0,absolute,node,58608,-1,1,530
138,0,0,230769,0,absolute,node,206943,-1,-1,530
139,0,0,230769,0,absolute,node,3428,-1,1,530
140,0,0,230769,0,absolute,node,128220,-1,-1,530
141,0,0,230769,0,absolute,node,468,-1,2,530
142,0,0,230769,0,absolute,node,54621,-1,-2,530
143,0,0,230769,0,absolute,node,168155,-1,1,530
144,0,0,230769,0,absolute,node,185722,-1,-1,530
145,0,0,269230,0,absolute,node,17230,-1,1,530
146,0,0,269230,0,absolute,node,116531,-1,-1,530
147,0,0,269230,0,absolute,node,377,-1,1,530
148,0,0,269230,0,absolute,node,97040,-1,-1,530
149,0,0,269230,0,absolute,node,207133,-1,1,530
150,0,0,269230,0,absolute,node,120719,-1,-1,530
151,0,0,269230,0,absolute,node,117786,-1,1,530
152,0,0,269230,0,absolute,node,80085,-1,-1,530
153,0,0,269230,0,absolute,node,15693,-1,1,530
154,0,0,269230,0,absolute,node,161091,-1,-1,530
155,0,0,269230,0,absolute,node,189844,-1,1,530
156,0,0,269230,0,absolute,node,161091,-1,-1,530
157,0,0,269230,0,absolute,node,73349,-1,1,530
158,0,0,269230,0,absolute,node,48067,-1,-1,530
159,0,0,269230,0,absolute,node,68391,-1,1,530
160,0,0,269230,0,absolute,node,120860,-1,-1,530
161,0,0,269230,0,absolute,node,61200,-1,3,530
162,0,0,269230,0,absolute,node,201407,-1,-3,530
163,0,0,269230,0,absolute,node,139823,-1,1,530
164,0,0,269230,0,absolute,node,109194,-1,-1,530
165,0,0,269230,0,absolute,node,74312,-1,3,530
166,0,0,269230,0,absolute,node,205098,-1,-3,530
167,0,0,269230,0,absolute,node,112767,-1,3,530
168,0,0,269230,0,absolute,node,3428,-1,-3,530
169,0,0,307692,0,absolute,node,153007,-1,1,530
170,0,0,307692,0,absolute,node,200474,-1,-1,530
171,0,0,307692,0,absolute,node,74429,-1,1,530
172,0,0,307692,0,absolute,node,98354,-1,-1,530
173,0,0,307692,0,absolute,node,120719,-1,3,530
174,0,0,307692,0,absolute,node,73349,-1,-3,530
175,0,0,307692,0,absolute,node,71677,-1,2,530
176,0,0,307692,0,absolute,node,116531,-1,-2,530
177,0,0,307692,0,absolute,node,152840,-1,1,530
178,0,0,307692,0,absolute,node,124893,-1,-1,530
179,0,0,307692,0,absolute,node,164631,-1,1,530
180,0,0,307692,0,absolute,node,43350,-1,-1,530
181,0,0,307692,0,absolute,node,95753,-1,1,530
182,0,0,307692,0,absolute,node,40635,-1,-1,530
183,0,0,307692,0,absolute,node,162886,-1,2,530
184,0,0,307692,0,absolute,node,109194,-1,-2,530
185,0,0,307692,0,absolute,node,67613,-1,2,530
186,0,0,307692,0,absolute,node,180827,-1,-2,530
187,0,0,307692,0,absolute,node,47894,-1,1,530
188,0,0,307692,0,absolute,node,116531,-1,-1,530
189,0,0,307692,0,absolute,node,207133,-1,1,530
190,0,0,307692,0,absolute,node,58608,-1,-1,530
191,0,0,307692,0,absolute,node,33204,-1,1,530
192,0,0,307692,0,absolute,node,161091,-1,-1,530
193,0,0,346153,0,absolute,node,33204,-1,2,530
194,0,0,346153,0,absolute,node,5409,-1,-2,530
195,0,0,346153,0,absolute,node,149857,-1,1,530
196,0,0,346153,0,absolute,node,120719,-1,-1,530
197,0,0,346153,0,absolute,node,32772,-1,4,530
198,0,0,346153,0,absolute,node,107033,-1,-4,530
199,0,0,346153,0,absolute,node,68391,-1,2,530
200,0,0,346153,0,absolute,node,109194,-1,-2,530
201,0,0,346153,0,absolute,node,25612,-1,3,530
202,0,0,346153,0,absolute,node,74312,-1,-3,530
203,0,0,346153,0,absolute,node,73349,-1,3,530
204,0,0,346153,0,absolute,node,156486,-1,-3,530
205,0,0,346153,0,absolute,node,74385,-1,3,530
206,0,0,346153,0,absolute,node,117786,-1,-3,530
207,0,0,346153,0,absolute,node,95854,-1,5,530
208,0,0,346153,0,absolute,node,17230,-1,-5,530
209,0,0,346153,0,absolute,node,3428,-1,1,530
210,0,0,346153,0,absolute,node,74429,-1,-1,530
211,0,0,346153,0,absolute,node,151586,-1,1,530
212,0,0,346153,0,absolute,node,161091,-1,-1,530
213,0,0,346153,0,absolute,node,206943,-1,1,530
214,0,0,346153,0,absolute,node,5409,-1,-1,530
215,0,0,346153,0,absolute,node,166183,-1,3,530
216,0,0,346153,0,absolute,node,74429,-1,-3,530
217,0,0,384615,0,absolute,node,112767,-1,3,530
218,0,0,384615,0,absolute,node,33204,-1,-3,530
219,0,0,384615,0,absolute,node,153007,-1,3,530
220,0,0,384615,0,absolute,node,33204,-1,-3,530
221,0,0,384615,0,absolute,node,151586,-1,1,530
222,0,0,384615,0,absolute,node,40635,-1,-1,530
223,0,0,384615,0,absolute,node,201407,-1,1,530
224,0,0,384615,0,absolute,node,67613,-1,-1,530
225,0,0,384615,0,absolute,node,166183,-1,2,530
226,0,0,384615,0,absolute,node,180827,-1,-2,530
227,0,0,384615,0,absolute,node,48067,-1,2,530
228,0,0,384615,0,absolute,node,189844,-1,-2,530
229,0,0,384615,0,absolute,node,60047,-1,2,530
230,0,0,384615,0,absolute,node,74378,-1,-2,530
231,0,0,384615,0,absolute,node,58572,-1,1,530
232,0,0,384615,0,absolute,node,207133,-1,-1,530
233,0,0,384615,0,absolute,node,117786,-1,1,530
234,0,0,384615,0,absolute,node,3428,-1,-1,530
235,0,0,384615,0,absolute,node,145682,-1,1,530
236,0,0,384615,0,absolute,node,58031,-1,-1,530
237,0,0,384615,0,absolute,node,118485,-1,1,530
238,0,0,384615,0,absolute,node,95854,-1,-1,530
239,0,0,384615,0,absolute,node,128220,-1,1,530
240,0,0,384615,0,absolute,node,124893,-1,-1,530
241,0,0,423076,0,absolute,node,138688,-1,1,530
242,0,0,423076,0,absolute,node,377,-1,-1,530
243,0,0,423076,0,absolute,node,61200,-1,1,530
244,0,0,423076,0,absolute,node,166183,-1,-1,530
245,0,0,423076,0,absolute,node,54621,-1,3,530
246,0,0,423076,0,absolute,node,139823,-1,-3,530
247,0,0,423076,0,absolute,node,12730,-1,1,530
248,0,0,423076,0,absolute,node,112767,-1,-1,530
249,0,0,423076,0,absolute,node,118485,-1,1,530
250,0,0,423076,0,absolute,node,54274,-1,-1,530
251,0,0,423076,0,absolute,node,74385,-1,2,530
252,0,0,423076,0,absolute,node,187315,-1,-2,530
253,0,0,423076,0,absolute,node,9996,-1,2,530
254,0,0,423076,0,absolute,node,180827,-1,-2,530
255,0,0,423076,0,absolute,node,98354,-1,1,530
256,0,0,423076,0,absolute,node,80085,-1,-1,530
257,0,0,423076,0,absolute,node,6423,-1,1,530
258,0,0,423076,0,absolute,node,142271,-1,-1,530
259,0,0,423076,0,absolute,node,200474,-1,2,530
260,0,0,423076,0,absolute,node,145682,-1,-2,530
261,0,0,423076,0,absolute,node,67613,-1,1,530
262,0,0,423076,0,absolute,node,153007,-1,-1,530
263,0,0,423076,0,absolute,node,97040,-1,1,530
264,0,0,423076,0,absolute,node,149857,-1,-1,530
265,0,0,461538,0,absolute,node,185722,-1,1,530
266,0,0,461538,0,absolute,node,80085,-1,-1,530
267,0,0,461538,0,absolute,node,112767,-1,1,530
268,0,0,461538,0,absolute,node,25612,-1,-1,530
269,0,0,461538,0,absolute,node,63836,-1,1,530
270,0,0,461538,0,absolute,node,142271,-1,-1,530
271,0,0,461538,0,absolute,node,377,-1,1,530
272,0,0,461538,0,absolute,node,207133,-1,-1,530
273,0,0,461538,0,absolute,node,58572,-1,2,530
274,0,0,461538,0,absolute,node,74312,-1,-2,530
275,0,0,461538,0,absolute,node,127995,-1,1,530
276,0,0,461538,0,absolute,node,82700,-1,-1,530
277,0,0,461538,0,absolute,node,468,-1,2,530
278,0,0,461538,0,absolute,node,164631,-1,-2,530
279,0,0,461538,0,absolute,node,68391,-1,2,530
280,0,0,461538,0,absolute,node,47894,-1,-2,530
281,0,0,461538,0,absolute,node,60047,-1,1,530
282,0,0,461538,0,absolute,node,21919,-1,-1,530
283,0,0,461538,0,absolute,node,74385,-1,1,530
284,0,0,461538,0,absolute,node,80085,-1,-1,530
285,0,0,461538,0,absolute,node,99996,-1,3,530
286,0,0,461538,0,absolute,node,5409,-1,-3,530
287,0,0,461538,0,absolute,node,173026,-1,1,530
288,0,0,461538,0,absolute,node,97040,-1,-1,530
289,0,0,5e+05,0,absolute,node,3428,-1,3,530
290,0,0,5e+05,0,absolute,node,110914,-1,-3,530
291,0,0,5e+05,0,absolute,node,15693,-1,1,530
292,0,0,5e+05,0,absolute,node,62289,-1,-1,530
293,0,0,5e+05,0,absolute,node,200474,-1,1,530
294,0,0,5e+05,0,absolute,node,95438,-1,-1,530
295,0,0,5e+05,0,absolute,node,98354,-1,2,530
296,0,0,5e+05,0,absolute,node,168155,-1,-2,530
297,0,0,5e+05,0,absolute,node,63836,-1,2,530
298,0,0,5e+05,0,absolute,node,74385,-1,-2,530
299,0,0,5e+05,0,absolute,node,5409,-1,1,530
300,0,0,5e+05,0,absolute,node,14298,-1,-1,530
301,0,0,5e+05,0,absolute,node,109194,-1,1,530
302,0,0,5e+05,0,absolute,node,80085,-1,-1,530
303,0,0,5e+05,0,absolute,node,151586,-1,2,530
304,0,0,5e+05,0,absolute,node,74385,-1,-2,530
305,0,0,5e+05,0,absolute,node,60047,-1,2,530
306,0,0,5e+05,0,absolute,node,189844,-1,-2,530
307,0,0,5e+05,0,absolute,node,120860,-1,1,530
308,0,0,5e+05,0,absolute,node,71677,-1,-1,530
309,0,0,5e+05,0,absolute,node,120719,-1,2,530
310,0,0,5e+05,0,absolute,node,196471,-1,-2,530
311,0,0,5e+05,0,absolute,node,95753,-1,1,530
312,0,0,5e+05,0,absolute,node,32772,-1,-1,530
313,0,0,538461,0,absolute,node,3428,-1,1,530
314,0,0,538461,0,absolute,node,93494,-1,-1,530
315,0,0,538461,0,absolute,node,74378,-1,1,530
316,0,0,538461,0,absolute,node,117786,-1,-1,530
317,0,0,538461,0,absolute,node,100222,-1,2,530
318,0,0,538461,0,absolute,node,127995,-1,-2,530
319,0,0,538461,0,absolute,node,55703,-1,1,530
320,0,0,538461,0,absolute,node,54274,-1,-1,530
321,0,0,538461,0,absolute,node,153007,-1,3,530
322,0,0,538461,0,absolute,node,47067,-1,-3,530
323,0,0,538461,0,absolute,node,120719,-1,3,530
324,0,0,538461,0,absolute,node,82700,-1,-3,530
325,0,0,538461,0,absolute,node,152321,-1,4,530
326,0,0,538461,0,absolute,node,61200,-1,-4,530
327,0,0,538461,0,absolute,node,468,-1,3,530
328,0,0,538461,0,absolute,node,127995,-1,-3,530
329,0,0,538461,0,absolute,node,97040,-1,1,530
330,0,0,538461,0,absolute,node,112767,-1,-1,530
331,0,0,538461,0,absolute,node,99996,-1,3,530
332,0,0,538461,0,absolute,node,117786,-1,-3,530
333,0,0,538461,0,absolute,node,122505,-1,3,530
334,0,0,538461,0,absolute,node,139823,-1,-3,530
335,0,0,538461,0,absolute,node,145682,-1,1,530
336,0,0,538461,0,absolute,node,166183,-1,-1,530
337,0,0,576923,0,absolute,node,37862,-1,1,530
338,0,0,576923,0,absolute,node,113163,-1,-1,530
339,0,0,576923,0,absolute,node,48067,-1,1,530
340,0,0,576923,0,absolute,node,207133,-1,-1,530
341,0,0,576923,0,absolute,node,63836,-1,1,530
342,0,0,576923,0,absolute,node,124893,-1,-1,530
343,0,0,576923,0,absolute,node,120719,-1,1,530
344,0,0,576923,0,absolute,node,75655,-1,-1,530
345,0,0,576923,0,absolute,node,162886,-1,1,530
346,0,0,576923,0,absolute,node,58031,-1,-1,530
347,0,0,576923,0,absolute,node,142568,-1,1,530
348,0,0,576923,0,absolute,node,185722,-1,-1,530
349,0,0,576923,0,absolute,node,95438,-1,4,530
350,0,0,576923,0,absolute,node,58572,-1,-4,530
351,0,0,576923,0,absolute,node,142271,-1,2,530
352,0,0,576923,0,absolute,node,138688,-1,-2,530
353,0,0,576923,0,absolute,node,74378,-1,1,530
354,0,0,576923,0,absolute,node,61200,-1,-1,530
355,0,0,576923,0,absolute,node,139823,-1,2,530
356,0,0,576923,0,absolute,node,74385,-1,-2,530
357,0,0,576923,0,absolute,node,197252,-1,1,530
358,0,0,576923,0,absolute,node,122505,-1,-1,530
359,0,0,576923,0,absolute,node,166183,-1,2,530
360,0,0,576923,0,absolute,node,32772,-1,-2,530
361,0,0,615384,0,absolute,node,196471,-1,4,530
362,0,0,615384,0,absolute,node,73349,-1,-4,530
363,0,0,615384,0,absolute,node,207201,-1,2,530
364,0,0,615384,0,absolute,node,15693,-1,-2,530
365,0,0,615384,0,absolute,node,206943,-1,2,530
366,0,0,615384,0,absolute,node,43841,-1,-2,530
367,0,0,615384,0,absolute,node,9996,-1,1,530
368,0,0,615384,0,absolute,node,120860,-1,-1,530
369,0,0,615384,0,absolute,node,201407,-1,3,530
370,0,0,615384,0,absolute,node,117786,-1,-3,530
371,0,0,615384,0,absolute,node,3428,-1,1,530
372,0,0,615384,0,absolute,node,128220,-1,-1,530
373,0,0,615384,0,absolute,node,55703,-1,1,530
374,0,0,615384,0,absolute,node,99996,-1,-1,530
375,0,0,615384,0,absolute,node,139823,-1,1,530
376,0,0,615384,0,absolute,node,54621,-1,-1,530
377,0,0,615384,0,absolute,node,116531,-1,2,530
378,0,0,615384,0,absolute,node,74378,-1,-2,530
379,0,0,615384,0,absolute,node,43350,-1,3,530
380,0,0,615384,0,absolute,node,151586,-1,-3,530
381,0,0,615384,0,absolute,node,187315,-1,2,530
382,0,0,615384,0,absolute,node,5409,-1,-2,530
383,0,0,615384,0,absolute,node,61200,-1,1,530
384,0,0,615384,0,absolute,node,95854,-1,-1,530
385,0,0,653846,0,absolute,node,74429,-1,1,530
386,0,0,653846,0,absolute,node,149857,-1,-1,530
387,0,0,653846,0,absolute,node,196471,-1,1,530
388,0,0,653846,0,absolute,node,71677,-1,-1,530
389,0,0,653846,0,absolute,node,164631,-1,1,530
390,0,0,653846,0,absolute,node,112767,-1,-1,530
391,0,0,653846,0,absolute,node,3428,-1,2,530
392,0,0,653846,0,absolute,node,15693,-1,-2,530
393,0,0,653846,0,absolute,node,98354,-1,4,530
394,0,0,653846,0,absolute,node,68391,-1,-4,530
395,0,0,653846,0,absolute,node,47894,-1,2,530
396,0,0,653846,0,absolute,node,156486,-1,-2,530
397,0,0,653846,0,absolute,node,47067,-1,1,530
398,0,0,653846,0,absolute,node,138688,-1,-1,530
399,0,0,653846,0,absolute,node,116531,-1,1,530
400,0,0,653846,0,absolute,node,156486,-1,-1,530
401,0,0,653846,0,absolute,node,120719,-1,1,530
402,0,0,653846,0,absolute,node,74385,-1,-1,530
403,0,0,653846,0,absolute,node,153007,-1,1,530
404,0,0,653846,0,absolute,node,149857,-1,-1,530
405,0,0,653846,0,absolute,node,180827,-1,4,530
406,0,0,653846,0,absolute,node,201407,-1,-4,530
407,0,0,653846,0,absolute,node,12730,-1,2,530
408,0,0,653846,0,absolute,node,118485,-1,-2,530
409,0,0,692307,0,absolute,node,48067,-1,1,530
410,0,0,692307,0,absolute,node,58608,-1,-1,530
411,0,0,692307,0,absolute,node,95753,-1,1,530
412,0,0,692307,0,absolute,node,120719,-1,-1,530
413,0,0,692307,0,absolute,node,40635,-1,1,530
414,0,0,692307,0,absolute,node,98354,-1,-1,530
415,0,0,692307,0,absolute,node,145682,-1,4,530
416,0,0,692307,0,absolute,node,21919,-1,-4,530
417,0,0,692307,0,absolute,node,112767,-1,3,530
418,0,0,692307,0,absolute,node,99996,-1,-3,530
419,0,0,692307,0,absolute,node,100222,-1,1,530
420,0,0,692307,0,absolute,node,138688,-1,-1,530
421,0,0,692307,0,absolute,node,95854,-1,2,530
422,0,0,692307,0,absolute,node,43841,-1,-2,530
423,0,0,692307,0,absolute,node,97040,-1,1,530
424,0,0,692307,0,absolute,node,150232,-1,-1,530
425,0,0,692307,0,absolute,node,47067,-1,4,530
426,0,0,692307,0,absolute,node,21919,-1,-4,530
427,0,0,692307,0,absolute,node,162886,-1,1,530
428,0,0,692307,0,absolute,node,201407,-1,-1,530
429,0,0,692307,0,absolute,node,207201,-1,2,530
430,0,0,692307,0,absolute,node,151586,-1,-2,530
431,0,0,692307,0,absolute,node,71677,-1,1,530
432,0,0,692307,0,absolute,node,124893,-1,-1,530
433,0,0,730769,0,absolute,node,197252,-1,1,530
434,0,0,730769,0,absolute,node,25612,-1,-1,530
435,0,0,730769,0,absolute,node,152840,-1,1,530
436,0,0,730769,0,absolute,node,43350,-1,-1,530
437,0,0,730769,0,absolute,node,95854,-1,1,530
438,0,0,730769,0,absolute,node,47067,-1,-1,530
439,0,0,730769,0,absolute,node,150232,-1,2,530
440,0,0,730769,0,absolute,node,124893,-1,-2,530
441,0,0,730769,0,absolute,node,117786,-1,2,530
442,0,0,730769,0,absolute,node,95753,-1,-2,530
443,0,0,730769,0,absolute,node,74385,-1,1,530
444,0,0,730769,0,absolute,node,74378,-1,-1,530
445,0,0,730769,0,absolute,node,189844,-1,2,530
446,0,0,730769,0,absolute,node,43350,-1,-2,530
447,0,0,730769,0,absolute,node,15693,-1,1,530
448,0,0,730769,0,absolute,node,55703,-1,-1,530
449,0,0,730769,0,absolute,node,61200,-1,1,530
450,0,0,730769,0,absolute,node,40635,-1,-1,530
451,0,0,730769,0,absolute,node,99996,-1,2,530
452,0,0,730769,0,absolute,node,12730,-1,-2,530
453,0,0,730769,0,absolute,node,95438,-1,1,530
454,0,0,730769,0,absolute,node,166183,-1,-1,530
455,0,0,730769,0,absolute,node,161091,-1,1,530
456,0,0,730769,0,absolute,node,9996,-1,-1,530
457,0,0,769230,0,absolute,node,32772,-1,1,530
458,0,0,769230,0,absolute,node,189844,-1,-1,530
459,0,0,769230,0,absolute,node,17230,-1,2,530
460,0,0,769230,0,absolute,node,196471,-1,-2,530
461,0,0,769230,0,absolute,node,95753,-1,2,530
462,0,0,769230,0,absolute,node,95854,-1,-2,530
463,0,0,769230,0,absolute,node,47067,-1,1,530
464,0,0,769230,0,absolute,node,161091,-1,-1,530
465,0,0,769230,0,absolute,node,117786,-1,2,530
466,0,0,769230,0,absolute,node,196471,-1,-2,530
467,0,0,769230,0,absolute,node,68391,-1,1,530
468,0,0,769230,0,absolute,node,47894,-1,-1,530
469,0,0,769230,0,absolute,node,142271,-1,1,530
470,0,0,769230,0,absolute,node,127995,-1,-1,530
471,0,0,769230,0,absolute,node,124893,-1,1,530
472,0,0,769230,0,absolute,node,166183,-1,-1,530
473,0,0,769230,0,absolute,node,197252,-1,2,530
474,0,0,769230,0,absolute,node,60047,-1,-2,530
475,0,0,769230,0,absolute,node,109194,-1,1,530
476,0,0,769230,0,absolute,node,162886,-1,-1,530
477,0,0,769230,0,absolute,node,100222,-1,3,530
478,0,0,769230,0,absolute,node,180827,-1,-3,530
479,0,0,769230,0,absolute,node,75655,-1,2,530
480,0,0,769230,0,absolute,node,63836,-1,-2,530
481,0,0,807692,0,absolute,node,58031,-1,3,530
482,0,0,807692,0,absolute,node,32772,-1,-3,530
483,0,0,807692,0,absolute,node,206943,-1,1,530
484,0,0,807692,0,absolute,node,55703,-1,-1,530
485,0,0,807692,0,absolute,node,152321,-1,1,530
486,0,0,807692,0,absolute,node,54621,-1,-1,530
487,0,0,807692,0,absolute,node,109194,-1,3,530
488,0,0,807692,0,absolute,node,15693,-1,-3,530
489,0,0,807692,0,absolute,node,138688,-1,2,530
490,0,0,807692,0,absolute,node,197252,-1,-2,530
491,0,0,807692,0,absolute,node,58572,-1,3,530
492,0,0,807692,0,absolute,node,127995,-1,-3,530
493,0,0,807692,0,absolute,node,43350,-1,1,530
494,0,0,807692,0,absolute,node,116531,-1,-1,530
495,0,0,807692,0,absolute,node,122505,-1,1,530
496,0,0,807692,0,absolute,node,55703,-1,-1,530
497,0,0,807692,0,absolute,node,68391,-1,1,530
498,0,0,807692,0,absolute,node,150232,-1,-1,530
499,0,0,807692,0,absolute,node,33204,-1,2,530
500,0,0,807692,0,absolute,node,63836,-1,-2,530
501,0,0,807692,0,absolute,node,200474,-1,4,530
502,0,0,807692,0,absolute,node,150232,-1,-4,530
503,0,0,807692,0,absolute,node,153007,-1,1,530
504,0,0,807692,0,absolute,node,120860,-1,-1,530
505,0,0,846153,0,absolute,node,33204,-1,1,530
506,0,0,846153,0,absolute,node,151586,-1,-1,530
507,0,0,846153,0,absolute,node,37862,-1,1,530
508,0,0,846153,0,absolute,node,9996,-1,-1,530
509,0,0,846153,0,absolute,node,122505,-1,1,530
510,0,0,846153,0,absolute,node,196471,-1,-1,530
511,0,0,846153,0,absolute,node,112767,-1,3,530
512,0,0,846153,0,absolute,node,151586,-1,-3,530
513,0,0,846153,0,absolute,node,95438,-1,1,530
514,0,0,846153,0,absolute,node,152321,-1,-1,530
515,0,0,846153,0,absolute,node,74378,-1,1,530
516,0,0,846153,0,absolute,node,168155,-1,-1,530
517,0,0,846153,0,absolute,node,68391,-1,2,530
518,0,0,846153,0,absolute,node,138688,-1,-2,530
519,0,0,846153,0,absolute,node,207133,-1,4,530
520,0,0,846153,0,absolute,node,139823,-1,-4,530
521,0,0,846153,0,absolute,node,187315,-1,1,530
522,0,0,846153,0,absolute,node,142568,-1,-1,530
523,0,0,846153,0,absolute,node,74312,-1,1,530
524,0,0,846153,0,absolute,node,145682,-1,-1,530
525,0,0,846153,0,absolute,node,73349,-1,1,530
526,0,0,846153,0,absolute,node,63836,-1,-1,530
527,0,0,846153,0,absolute,node,377,-1,2,530
528,0,0,846153,0,absolute,node,43350,-1,-2,530
529,0,0,884615,0,absolute,node,23046,-1,2,530
530,0,0,884615,0,absolute,node,138688,-1,-2,530
531,0,0,884615,0,absolute,node,142568,-1,1,530
532,0,0,884615,0,absolute,node,153007,-1,-1,530
533,0,0,884615,0,absolute,node,21919,-1,1,530
534,0,0,884615,0,absolute,node,62289,-1,-1,530
535,0,0,884615,0,absolute,node,207133,-1,2,530
536,0,0,884615,0,absolute,node,74312,-1,-2,530
537,0,0,884615,0,absolute,node,173026,-1,3,530
538,0,0,884615,0,absolute,node,95438,-1,-3,530
539,0,0,884615,0,absolute,node,168155,-1,1,530
540,0,0,884615,0,absolute,node,47067,-1,-1,530
541,0,0,884615,0,absolute,node,207201,-1,2,530
542,0,0,884615,0,absolute,node,377,-1,-2,530
543,0,0,884615,0,absolute,node,58572,-1,4,530
544,0,0,884615,0,absolute,node,99996,-1,-4,530
545,0,0,884615,0,absolute,node,43841,-1,1,530
546,0,0,884615,0,absolute,node,468,-1,-1,530
547,0,0,884615,0,absolute,node,166183,-1,3,530
548,0,0,884615,0,absolute,node,3428,-1,-3,530
549,0,0,884615,0,absolute,node,196471,-1,2,530
550,0,0,884615,0,absolute,node,189844,-1,-2,530
551,0,0,884615,0,absolute,node,149857,-1,1,530
552,0,0,884615,0,absolute,node,162886,-1,-1,530
553,0,0,923076,0,absolute,node,17230,-1,2,530
554,0,0,923076,0,absolute,node,166183,-1,-2,530
555,0,0,923076,0,absolute,node,61200,-1,3,530
556,0,0,923076,0,absolute,node,47067,-1,-3,530
557,0,0,923076,0,absolute,node,95854,-1,1,530
558,0,0,923076,0,absolute,node,9289,-1,-1,530
559,0,0,923076,0,absolute,node,75655,-1,2,530
560,0,0,923076,0,absolute,node,95753,-1,-2,530
561,0,0,923076,0,absolute,node,142568,-1,3,530
562,0,0,923076,0,absolute,node,150232,-1,-3,530
563,0,0,923076,0,absolute,node,116531,-1,4,530
564,0,0,923076,0,absolute,node,60047,-1,-4,530
565,0,0,923076,0,absolute,node,25612,-1,1,530
566,0,0,923076,0,absolute,node,95753,-1,-1,530
567,0,0,923076,0,absolute,node,197252,-1,1,530
568,0,0,923076,0,absolute,node,207201,-1,-1,530
569,0,0,923076,0,absolute,node,152840,-1,1,530
570,0,0,923076,0,absolute,node,43841,-1,-1,530
571,0,0,923076,0,absolute,node,47894,-1,1,530
572,0,0,923076,0,absolute,node,200474,-1,-1,530
573,0,0,923076,0,absolute,node,109194,-1,4,530
574,0,0,923076,0,absolute,node,60047,-1,-4,530
575,0,0,923076,0,absolute,node,3428,-1,1,530
576,0,0,923076,0,absolute,node,166183,-1,-1,530
577,0,0,961538,0,absolute,node,120719,-1,1,530
578,0,0,961538,0,absolute,node,207133,-1,-1,530
579,0,0,961538,0,absolute,node,127995,-1,3,530
580,0,0,961538,0,absolute,node,47067,-1,-3,530
581,0,0,961538,0,absolute,node,97040,-1,2,530
582,0,0,961538,0,absolute,node,151586,-1,-2,530
583,0,0,961538,0,absolute,node,468,-1,2,530
584,0,0,961538,0,absolute,node,152321,-1,-2,530
585,0,0,961538,0,absolute,node,17230,-1,1,530
586,0,0,961538,0,absolute,node,68391,-1,-1,530
587,0,0,961538,0,absolute,node,99996,-1,2,530
588,0,0,961538,0,absolute,node,25612,-1,-2,530
589,0,0,961538,0,absolute,node,100222,-1,1,530
590,0,0,961538,0,absolute,node,124893,-1,-1,530
591,0,0,961538,0,absolute,node,117786,-1,1,530
592,0,0,961538,0,absolute,node,58031,-1,-1,530
593,0,0,961538,0,absolute,node,142568,-1,1,530
594,0,0,961538,0,absolute,node,206943,-1,-1,530
595,0,0,961538,0,absolute,node,139823,-1,1,530
596,0,0,961538,0,absolute,node,149857,-1,-1,530
597,0,0,961538,0,absolute,node,28637,-1,3,530
598,0,0,961538,0,absolute,node,15693,-1,-3,530
599,0,0,961538,0,absolute,node,107033,-1,1,530
600,0,0,961538,0,absolute,node,98354,-1,-1,530
