changeID,absoluteTime,evaluation,bitVector,distanceEvaluation,typeOfChange,affected,affectedID1,affectedID2,change,totalAfterChange
0,0,0,0,0,,,-1,-1,0,530
1,0,0,166666,0,absolute,node,201407,-1,1,530
2,0,0,166666,0,absolute,node,173026,-1,-1,530
3,0,0,166666,0,absolute,node,468,-1,1,530
4,0,0,166666,0,absolute,node,9996,-1,-1,530
5,0,0,166666,0,absolute,node,161091,-1,1,530
6,0,0,166666,0,absolute,node,80085,-1,-1,530
7,0,0,166666,0,absolute,node,58572,-1,1,530
8,0,0,166666,0,absolute,node,205098,-1,-1,530
9,0,0,166666,0,absolute,node,197252,-1,5,530
10,0,0,166666,0,absolute,node,95438,-1,-5,530
11,0,0,166666,0,absolute,node,47067,-1,1,530
12,0,0,166666,0,absolute,node,164631,-1,-1,530
13,0,0,166666,0,absolute,node,120719,-1,2,530
14,0,0,166666,0,absolute,node,62289,-1,-2,530
15,0,0,166666,0,absolute,node,5409,-1,3,530
16,0,0,166666,0,absolute,node,205098,-1,-3,530
17,0,0,166666,0,absolute,node,54621,-1,1,530
18,0,0,166666,0,absolute,node,200474,-1,-1,530
19,0,0,166666,0,absolute,node,74429,-1,2,530
20,0,0,166666,0,absolute,node,118485,-1,-2,530
21,0,0,166666,0,absolute,node,41682,-1,3,530
22,0,0,166666,0,absolute,node,3428,-1,-3,530
23,0,0,166666,0,absolute,node,74312,-1,3,530
24,0,0,166666,0,absolute,node,173026,-1,-3,530
25,0,0,333333,0,absolute,node,152321,-1,4,530
26,0,0,333333,0,absolute,node,68391,-1,-4,530
27,0,0,333333,0,absolute,node,168155,-1,3,530
28,0,0,333333,0,absolute,node,68391,-1,-3,530
29,0,0,333333,0,absolute,node,197252,-1,1,530
30,0,0,333333,0,absolute,node,112767,-1,-1,530
31,0,0,333333,0,absolute,node,28637,-1,2,530
32,0,0,333333,0,absolute,node,58572,-1,-2,530
33,0,0,333333,0,absolute,node,139823,-1,3,530
34,0,0,333333,0,absolute,node,47894,-1,-3,530
35,0,0,333333,0,absolute,node,47067,-1,1,530
36,0,0,333333,0,absolute,node,122505,-1,-1,530
37,0,0,333333,0,absolute,node,152840,-1,2,530
38,0,0,333333,0,absolute,node,3428,-1,-2,530
39,0,0,333333,0,absolute,node,180827,-1,3,530
40,0,0,333333,0,absolute,node,58572,-1,-3,530
41,0,0,333333,0,absolute,node,190581,-1,1,530
42,0,0,333333,0,absolute,node,14298,-1,-1,530
43,0,0,333333,0,absolute,node,156486,-1,2,530
44,0,0,333333,0,absolute,node,73349,-1,-2,530
45,0,0,333333,0,absolute,node,55703,-1,1,530
46,0,0,333333,0,absolute,node,37862,-1,-1,530
47,0,0,333333,0,absolute,node,25612,-1,2,530
48,0,0,333333,0,absolute,node,164631,-1,-2,530
49,0,0,5e+05,0,absolute,node,149857,-1,1,530
50,0,0,5e+05,0,absolute,node,93494,-1,-1,530
51,0,0,5e+05,0,absolute,node,377,-1,3,530
52,0,0,5e+05,0,absolute,node,201407,-1,-3,530
53,0,0,5e+05,0,absolute,node,185722,-1,5,530
54,0,0,5e+05,0,absolute,node,139823,-1,-5,530
55,0,0,5e+05,0,absolute,node,128220,-1,1,530
56,0,0,5e+05,0,absolute,node,5409,-1,-1,530
57,0,0,5e+05,0,absolute,node,12730,-1,1,530
58,0,0,5e+05,0,absolute,node,162886,-1,-1,530
59,0,0,5e+05,0,absolute,node,205098,-1,5,530
60,0,0,5e+05,0,absolute,node,48067,-1,-5,530
61,0,0,5e+05,0,absolute,node,74312,-1,4,530
62,0,0,5e+05,0,absolute,node,150232,-1,-4,530
63,0,0,5e+05,0,absolute,node,40635,-1,1,530
64,0,0,5e+05,0,absolute,node,122505,-1,-1,530
65,0,0,5e+05,0,absolute,node,47067,-1,3,530
66,0,0,5e+05,0,absolute,node,6423,-1,-3,530
67,0,0,5e+05,0,absolute,node,58031,-1,2,530
68,0,0,5e+05,0,absolute,node,74385,-1,-2,530
69,0,0,5e+05,0,absolute,node,41682,-1,1,530
70,0,0,5e+05,0,absolute,node,98354,-1,-1,530
71,0,0,5e+05,0,absolute,node,80085,-1,1,530
72,0,0,5e+05,0,absolute,node,145682,-1,-1,530
73,0,0,666666,0,absolute,node,153007,-1,2,530
74,0,0,666666,0,absolute,node,118485,-1,-2,530
75,0,0,666666,0,absolute,node,139823,-1,5,530
76,0,0,666666,0,absolute,node,21919,-1,-5,530
77,0,0,666666,0,absolute,node,168155,-1,1,530
78,0,0,666666,0,absolute,node,189844,-1,-1,530
79,0,0,666666,0,absolute,node,116531,-1,1,530
80,0,0,666666,0,absolute,node,80085,-1,-1,530
81,0,0,666666,0,absolute,node,74312,-1,1,530
82,0,0,666666,0,absolute,node,54621,-1,-1,530
83,0,0,666666,0,absolute,node,100222,-1,2,530
84,0,0,666666,0,absolute,node,54621,-1,-2,530
85,0,0,666666,0,absolute,node,190581,-1,1,530
86,0,0,666666,0,absolute,node,75655,-1,-1,530
87,0,0,666666,0,absolute,node,61200,-1,1,530
88,0,0,666666,0,absolute,node,180827,-1,-1,530
89,0,0,666666,0,absolute,node,14298,-1,2,530
90,0,0,666666,0,absolute,node,54274,-1,-2,530
91,0,0,666666,0,absolute,node,200474,-1,1,530
92,0,0,666666,0,absolute,node,40635,-1,-1,530
93,0,0,666666,0,absolute,node,207133,-1,2,530
94,0,0,666666,0,absolute,node,164631,-1,-2,530
95,0,0,666666,0,absolute,node,5409,-1,1,530
96,0,0,666666,0,absolute,node,468,-1,-1,530
97,0,0,833333,0,absolute,node,95753,-1,1,530
98,0,0,833333,0,absolute,node,120860,-1,-1,530
99,0,0,833333,0,absolute,node,196471,-1,4,530
100,0,0,833333,0,absolute,node,17230,-1,-4,530
101,0,0,833333,0,absolute,node,12730,-1,1,530
102,0,0,833333,0,absolute,node,63836,-1,-1,530
103,0,0,833333,0,absolute,node,120719,-1,1,530
104,0,0,833333,0,absolute,node,9289,-1,-1,530
105,0,0,833333,0,absolute,node,100222,-1,1,530
106,0,0,833333,0,absolute,node,60047,-1,-1,530
107,0,0,833333,0,absolute,node,142568,-1,1,530
108,0,0,833333,0,absolute,node,162886,-1,-1,530
109,0,0,833333,0,absolute,node,47067,-1,1,530
110,0,0,833333,0,absolute,node,58031,-1,-1,530
111,0,0,833333,0,absolute,node,3428,-1,2,530
112,0,0,833333,0,absolute,node,145682,-1,-2,530
113,0,0,833333,0,absolute,node,122505,-1,3,530
114,0,0,833333,0,absolute,node,5409,-1,-3,530
115,0,0,833333,0,absolute,node,185722,-1,4,530
116,0,0,833333,0,absolute,node,60047,-1,-4,530
117,0,0,833333,0,absolute,node,152840,-1,1,530
118,0,0,833333,0,absolute,node,468,-1,-1,530
119,0,0,833333,0,absolute,node,180827,-1,4,530
120,0,0,833333,0,absolute,node,15693,-1,-4,530
