changeID,absoluteTime,evaluation,bitVector,distanceEvaluation,typeOfChange,affected,affectedID1,affectedID2,change,totalAfterChange
0,0,0,0,0,,,-1,-1,0,521
1,0,0,38461,0,absolute,node,8694,-1,1,521
2,0,0,38461,0,absolute,node,2787,-1,-1,521
3,0,0,38461,0,absolute,node,982,-1,1,521
4,0,0,38461,0,absolute,node,2787,-1,-1,521
5,0,0,76923,0,absolute,node,25336,-1,2,521
6,0,0,76923,0,absolute,node,2573,-1,-2,521
7,0,0,76923,0,absolute,node,21030,-1,1,521
8,0,0,76923,0,absolute,node,10176,-1,-1,521
9,0,0,115384,0,absolute,node,5455,-1,2,521
10,0,0,115384,0,absolute,node,7886,-1,-2,521
11,0,0,115384,0,absolute,node,19879,-1,1,521
12,0,0,115384,0,absolute,node,16478,-1,-1,521
13,0,0,153846,0,absolute,node,17860,-1,1,521
14,0,0,153846,0,absolute,node,255,-1,-1,521
15,0,0,153846,0,absolute,node,25336,-1,2,521
16,0,0,153846,0,absolute,node,5730,-1,-2,521
17,0,0,192307,0,absolute,node,10316,-1,4,521
18,0,0,192307,0,absolute,node,10535,-1,-4,521
19,0,0,192307,0,absolute,node,18252,-1,3,521
20,0,0,192307,0,absolute,node,5455,-1,-3,521
21,0,0,230769,0,absolute,node,11197,-1,5,521
22,0,0,230769,0,absolute,node,25336,-1,-5,521
23,0,0,230769,0,absolute,node,14213,-1,1,521
24,0,0,230769,0,absolute,node,4823,-1,-1,521
25,0,0,269230,0,absolute,node,16225,-1,3,521
26,0,0,269230,0,absolute,node,7241,-1,-3,521
27,0,0,269230,0,absolute,node,14706,-1,1,521
28,0,0,269230,0,absolute,node,11197,-1,-1,521
29,0,0,307692,0,absolute,node,5730,-1,1,521
30,0,0,307692,0,absolute,node,16225,-1,-1,521
31,0,0,307692,0,absolute,node,14926,-1,2,521
32,0,0,307692,0,absolute,node,16478,-1,-2,521
33,0,0,346153,0,absolute,node,7866,-1,1,521
34,0,0,346153,0,absolute,node,14014,-1,-1,521
35,0,0,346153,0,absolute,node,13459,-1,2,521
36,0,0,346153,0,absolute,node,2262,-1,-2,521
37,0,0,384615,0,absolute,node,5455,-1,4,521
38,0,0,384615,0,absolute,node,2262,-1,-4,521
39,0,0,384615,0,absolute,node,6961,-1,1,521
40,0,0,384615,0,absolute,node,22185,-1,-1,521
41,0,0,423076,0,absolute,node,7258,-1,4,521
42,0,0,423076,0,absolute,node,20971,-1,-4,521
43,0,0,423076,0,absolute,node,2595,-1,1,521
44,0,0,423076,0,absolute,node,255,-1,-1,521
45,0,0,461538,0,absolute,node,5210,-1,1,521
46,0,0,461538,0,absolute,node,14213,-1,-1,521
47,0,0,461538,0,absolute,node,15516,-1,1,521
48,0,0,461538,0,absolute,node,12725,-1,-1,521
49,0,0,5e+05,0,absolute,node,2787,-1,2,521
50,0,0,5e+05,0,absolute,node,7784,-1,-2,521
51,0,0,5e+05,0,absolute,node,13955,-1,1,521
52,0,0,5e+05,0,absolute,node,5730,-1,-1,521
53,0,0,538461,0,absolute,node,2595,-1,1,521
54,0,0,538461,0,absolute,node,9819,-1,-1,521
55,0,0,538461,0,absolute,node,13955,-1,1,521
56,0,0,538461,0,absolute,node,10839,-1,-1,521
57,0,0,576923,0,absolute,node,13711,-1,1,521
58,0,0,576923,0,absolute,node,5210,-1,-1,521
59,0,0,576923,0,absolute,node,11682,-1,1,521
60,0,0,576923,0,absolute,node,14926,-1,-1,521
61,0,0,615384,0,absolute,node,13459,-1,2,521
62,0,0,615384,0,absolute,node,17883,-1,-2,521
63,0,0,615384,0,absolute,node,6961,-1,2,521
64,0,0,615384,0,absolute,node,2595,-1,-2,521
65,0,0,653846,0,absolute,node,14014,-1,3,521
66,0,0,653846,0,absolute,node,21030,-1,-3,521
67,0,0,653846,0,absolute,node,14213,-1,1,521
68,0,0,653846,0,absolute,node,15638,-1,-1,521
69,0,0,692307,0,absolute,node,24922,-1,3,521
70,0,0,692307,0,absolute,node,21138,-1,-3,521
71,0,0,692307,0,absolute,node,21292,-1,2,521
72,0,0,692307,0,absolute,node,22185,-1,-2,521
73,0,0,730769,0,absolute,node,2595,-1,1,521
74,0,0,730769,0,absolute,node,26067,-1,-1,521
75,0,0,730769,0,absolute,node,19879,-1,1,521
76,0,0,730769,0,absolute,node,18252,-1,-1,521
77,0,0,769230,0,absolute,node,17883,-1,2,521
78,0,0,769230,0,absolute,node,7784,-1,-2,521
79,0,0,769230,0,absolute,node,22185,-1,1,521
80,0,0,769230,0,absolute,node,21663,-1,-1,521
81,0,0,807692,0,absolute,node,2262,-1,4,521
82,0,0,807692,0,absolute,node,18252,-1,-4,521
83,0,0,807692,0,absolute,node,16343,-1,2,521
84,0,0,807692,0,absolute,node,11682,-1,-2,521
85,0,0,846153,0,absolute,node,2573,-1,4,521
86,0,0,846153,0,absolute,node,4804,-1,-4,521
87,0,0,846153,0,absolute,node,14706,-1,1,521
88,0,0,846153,0,absolute,node,15516,-1,-1,521
89,0,0,884615,0,absolute,node,21030,-1,3,521
90,0,0,884615,0,absolute,node,5455,-1,-3,521
91,0,0,884615,0,absolute,node,7258,-1,1,521
92,0,0,884615,0,absolute,node,11197,-1,-1,521
93,0,0,923076,0,absolute,node,25549,-1,1,521
94,0,0,923076,0,absolute,node,16478,-1,-1,521
95,0,0,923076,0,absolute,node,18698,-1,1,521
96,0,0,923076,0,absolute,node,3700,-1,-1,521
97,0,0,961538,0,absolute,node,2595,-1,1,521
98,0,0,961538,0,absolute,node,14424,-1,-1,521
99,0,0,961538,0,absolute,node,15638,-1,2,521
100,0,0,961538,0,absolute,node,25169,-1,-2,521
