changeID,absoluteTime,evaluation,bitVector,distanceEvaluation,typeOfChange,affected,affectedID1,affectedID2,change,totalAfterChange
0,0,0,0,0,,,-1,-1,0,530
1,0,0,38461,0,absolute,node,68391,-1,1,530
2,0,0,38461,0,absolute,node,153007,-1,-1,530
3,0,0,38461,0,absolute,node,25612,-1,1,530
4,0,0,38461,0,absolute,node,23046,-1,-1,530
5,0,0,38461,0,absolute,node,95438,-1,1,530
6,0,0,38461,0,absolute,node,207133,-1,-1,530
7,0,0,38461,0,absolute,node,54274,-1,1,530
8,0,0,38461,0,absolute,node,61200,-1,-1,530
9,0,0,38461,0,absolute,node,128220,-1,1,530
10,0,0,38461,0,absolute,node,120860,-1,-1,530
11,0,0,38461,0,absolute,node,139823,-1,1,530
12,0,0,38461,0,absolute,node,124893,-1,-1,530
13,0,0,38461,0,absolute,node,173026,-1,1,530
14,0,0,38461,0,absolute,node,58031,-1,-1,530
15,0,0,38461,0,absolute,node,201407,-1,1,530
16,0,0,38461,0,absolute,node,109194,-1,-1,530
17,0,0,38461,0,absolute,node,55703,-1,1,530
18,0,0,38461,0,absolute,node,98354,-1,-1,530
19,0,0,38461,0,absolute,node,6423,-1,1,530
20,0,0,38461,0,absolute,node,32772,-1,-1,530
21,0,0,38461,0,absolute,node,185722,-1,1,530
22,0,0,38461,0,absolute,node,190581,-1,-1,530
23,0,0,38461,0,absolute,node,138688,-1,1,530
24,0,0,38461,0,absolute,node,122505,-1,-1,530
25,0,0,38461,0,absolute,node,54621,-1,2,530
26,0,0,38461,0,absolute,node,63836,-1,-2,530
27,0,0,38461,0,absolute,node,127995,-1,1,530
28,0,0,38461,0,absolute,node,3428,-1,-1,530
29,0,0,38461,0,absolute,node,97040,-1,2,530
30,0,0,38461,0,absolute,node,197252,-1,-2,530
31,0,0,38461,0,absolute,node,37862,-1,2,530
32,0,0,38461,0,absolute,node,197252,-1,-2,530
33,0,0,38461,0,absolute,node,9996,-1,2,530
34,0,0,38461,0,absolute,node,116531,-1,-2,530
35,0,0,38461,0,absolute,node,74378,-1,1,530
36,0,0,38461,0,absolute,node,168155,-1,-1,530
37,0,0,38461,0,absolute,node,82700,-1,4,530
38,0,0,38461,0,absolute,node,17230,-1,-4,530
39,0,0,38461,0,absolute,node,58572,-1,3,530
40,0,0,38461,0,absolute,node,12730,-1,-3,530
41,0,0,38461,0,absolute,node,95854,-1,1,530
42,0,0,38461,0,absolute,node,98354,-1,-1,530
43,0,0,38461,0,absolute,node,117786,-1,1,530
44,0,0,38461,0,absolute,node,200474,-1,-1,530
45,0,0,38461,0,absolute,node,180827,-1,5,530
46,0,0,38461,0,absolute,node,99996,-1,-5,530
47,0,0,38461,0,absolute,node,112767,-1,1,530
48,0,0,38461,0,absolute,node,43841,-1,-1,530
49,0,0,76923,0,absolute,node,152840,-1,1,530
50,0,0,76923,0,absolute,node,120719,-1,-1,530
51,0,0,76923,0,absolute,node,12730,-1,1,530
52,0,0,76923,0,absolute,node,25612,-1,-1,530
53,0,0,76923,0,absolute,node,207133,-1,1,530
54,0,0,76923,0,absolute,node,6423,-1,-1,530
55,0,0,76923,0,absolute,node,168155,-1,1,530
56,0,0,76923,0,absolute,node,161091,-1,-1,530
57,0,0,76923,0,absolute,node,100222,-1,1,530
58,0,0,76923,0,absolute,node,124893,-1,-1,530
59,0,0,76923,0,absolute,node,206943,-1,2,530
60,0,0,76923,0,absolute,node,118485,-1,-2,530
61,0,0,76923,0,absolute,node,9996,-1,1,530
62,0,0,76923,0,absolute,node,58031,-1,-1,530
63,0,0,76923,0,absolute,node,116531,-1,1,530
64,0,0,76923,0,absolute,node,122505,-1,-1,530
65,0,0,76923,0,absolute,node,190581,-1,1,530
66,0,0,76923,0,absolute,node,162886,-1,-1,530
67,0,0,76923,0,absolute,node,166183,-1,3,530
68,0,0,76923,0,absolute,node,74312,-1,-3,530
69,0,0,76923,0,absolute,node,48067,-1,1,530
70,0,0,76923,0,absolute,node,377,-1,-1,530
71,0,0,76923,0,absolute,node,54274,-1,4,530
72,0,0,76923,0,absolute,node,5409,-1,-4,530
73,0,0,76923,0,absolute,node,9289,-1,1,530
74,0,0,76923,0,absolute,node,112767,-1,-1,530
75,0,0,76923,0,absolute,node,93494,-1,1,530
76,0,0,76923,0,absolute,node,164631,-1,-1,530
77,0,0,76923,0,absolute,node,40635,-1,1,530
78,0,0,76923,0,absolute,node,71677,-1,-1,530
79,0,0,76923,0,absolute,node,33204,-1,3,530
80,0,0,76923,0,absolute,node,127995,-1,-3,530
81,0,0,76923,0,absolute,node,468,-1,1,530
82,0,0,76923,0,absolute,node,110914,-1,-1,530
83,0,0,76923,0,absolute,node,189844,-1,2,530
84,0,0,76923,0,absolute,node,377,-1,-2,530
85,0,0,76923,0,absolute,node,149857,-1,1,530
86,0,0,76923,0,absolute,node,55703,-1,-1,530
87,0,0,76923,0,absolute,node,200474,-1,2,530
88,0,0,76923,0,absolute,node,47894,-1,-2,530
89,0,0,76923,0,absolute,node,99996,-1,3,530
90,0,0,76923,0,absolute,node,201407,-1,-3,530
91,0,0,76923,0,absolute,node,37862,-1,2,530
92,0,0,76923,0,absolute,node,113163,-1,-2,530
93,0,0,76923,0,absolute,node,98354,-1,4,530
94,0,0,76923,0,absolute,node,28637,-1,-4,530
95,0,0,76923,0,absolute,node,207201,-1,2,530
96,0,0,76923,0,absolute,node,145682,-1,-2,530
97,0,0,115384,0,absolute,node,61200,-1,2,530
98,0,0,115384,0,absolute,node,138688,-1,-2,530
99,0,0,115384,0,absolute,node,164631,-1,3,530
100,0,0,115384,0,absolute,node,6423,-1,-3,530
101,0,0,115384,0,absolute,node,95753,-1,1,530
102,0,0,115384,0,absolute,node,55703,-1,-1,530
103,0,0,115384,0,absolute,node,71677,-1,5,530
104,0,0,115384,0,absolute,node,21919,-1,-5,530
105,0,0,115384,0,absolute,node,9289,-1,1,530
106,0,0,115384,0,absolute,node,37862,-1,-1,530
107,0,0,115384,0,absolute,node,109194,-1,1,530
108,0,0,115384,0,absolute,node,74429,-1,-1,530
109,0,0,115384,0,absolute,node,161091,-1,2,530
110,0,0,115384,0,absolute,node,173026,-1,-2,530
111,0,0,115384,0,absolute,node,74378,-1,1,530
112,0,0,115384,0,absolute,node,40635,-1,-1,530
113,0,0,115384,0,absolute,node,63836,-1,2,530
114,0,0,115384,0,absolute,node,47067,-1,-2,530
115,0,0,115384,0,absolute,node,156486,-1,1,530
116,0,0,115384,0,absolute,node,377,-1,-1,530
117,0,0,115384,0,absolute,node,58031,-1,1,530
118,0,0,115384,0,absolute,node,37862,-1,-1,530
119,0,0,115384,0,absolute,node,128220,-1,1,530
120,0,0,115384,0,absolute,node,124893,-1,-1,530
121,0,0,115384,0,absolute,node,201407,-1,2,530
122,0,0,115384,0,absolute,node,116531,-1,-2,530
123,0,0,115384,0,absolute,node,189844,-1,3,530
124,0,0,115384,0,absolute,node,5409,-1,-3,530
125,0,0,115384,0,absolute,node,207201,-1,2,530
126,0,0,115384,0,absolute,node,32772,-1,-2,530
127,0,0,115384,0,absolute,node,127995,-1,1,530
128,0,0,115384,0,absolute,node,43350,-1,-1,530
129,0,0,115384,0,absolute,node,118485,-1,1,530
130,0,0,115384,0,absolute,node,200474,-1,-1,530
131,0,0,115384,0,absolute,node,152840,-1,2,530
132,0,0,115384,0,absolute,node,54621,-1,-2,530
133,0,0,115384,0,absolute,node,3428,-1,5,530
134,0,0,115384,0,absolute,node,58572,-1,-5,530
135,0,0,115384,0,absolute,node,60047,-1,2,530
136,0,0,115384,0,absolute,node,73349,-1,-2,530
137,0,0,115384,0,absolute,node,9996,-1,1,530
138,0,0,115384,0,absolute,node,55703,-1,-1,530
139,0,0,115384,0,absolute,node,95438,-1,3,530
140,0,0,115384,0,absolute,node,75655,-1,-3,530
141,0,0,115384,0,absolute,node,153007,-1,3,530
142,0,0,115384,0,absolute,node,47067,-1,-3,530
143,0,0,115384,0,absolute,node,82700,-1,3,530
144,0,0,115384,0,absolute,node,180827,-1,-3,530
145,0,0,153846,0,absolute,node,37862,-1,1,530
146,0,0,153846,0,absolute,node,98354,-1,-1,530
147,0,0,153846,0,absolute,node,95854,-1,4,530
148,0,0,153846,0,absolute,node,68391,-1,-4,530
149,0,0,153846,0,absolute,node,189844,-1,1,530
150,0,0,153846,0,absolute,node,207201,-1,-1,530
151,0,0,153846,0,absolute,node,82700,-1,2,530
152,0,0,153846,0,absolute,node,15693,-1,-2,530
153,0,0,153846,0,absolute,node,95753,-1,1,530
154,0,0,153846,0,absolute,node,41682,-1,-1,530
155,0,0,153846,0,absolute,node,62289,-1,3,530
156,0,0,153846,0,absolute,node,156486,-1,-3,530
157,0,0,153846,0,absolute,node,109194,-1,1,530
158,0,0,153846,0,absolute,node,207201,-1,-1,530
159,0,0,153846,0,absolute,node,32772,-1,2,530
160,0,0,153846,0,absolute,node,63836,-1,-2,530
161,0,0,153846,0,absolute,node,120719,-1,1,530
162,0,0,153846,0,absolute,node,207201,-1,-1,530
163,0,0,153846,0,absolute,node,60047,-1,1,530
164,0,0,153846,0,absolute,node,185722,-1,-1,530
165,0,0,153846,0,absolute,node,74378,-1,4,530
166,0,0,153846,0,absolute,node,68391,-1,-4,530
167,0,0,153846,0,absolute,node,14298,-1,1,530
168,0,0,153846,0,absolute,node,116531,-1,-1,530
169,0,0,153846,0,absolute,node,166183,-1,1,530
170,0,0,153846,0,absolute,node,206943,-1,-1,530
171,0,0,153846,0,absolute,node,142271,-1,3,530
172,0,0,153846,0,absolute,node,173026,-1,-3,530
173,0,0,153846,0,absolute,node,201407,-1,4,530
174,0,0,153846,0,absolute,node,100222,-1,-4,530
175,0,0,153846,0,absolute,node,112767,-1,1,530
176,0,0,153846,0,absolute,node,206943,-1,-1,530
177,0,0,153846,0,absolute,node,110914,-1,2,530
178,0,0,153846,0,absolute,node,139823,-1,-2,530
179,0,0,153846,0,absolute,node,6423,-1,1,530
180,0,0,153846,0,absolute,node,40635,-1,-1,530
181,0,0,153846,0,absolute,node,122505,-1,1,530
182,0,0,153846,0,absolute,node,128220,-1,-1,530
183,0,0,153846,0,absolute,node,61200,-1,2,530
184,0,0,153846,0,absolute,node,3428,-1,-2,530
185,0,0,153846,0,absolute,node,205098,-1,1,530
186,0,0,153846,0,absolute,node,93494,-1,-1,530
187,0,0,153846,0,absolute,node,145682,-1,4,530
188,0,0,153846,0,absolute,node,117786,-1,-4,530
189,0,0,153846,0,absolute,node,75655,-1,1,530
190,0,0,153846,0,absolute,node,71677,-1,-1,530
191,0,0,153846,0,absolute,node,47894,-1,4,530
192,0,0,153846,0,absolute,node,150232,-1,-4,530
193,0,0,192307,0,absolute,node,80085,-1,3,530
194,0,0,192307,0,absolute,node,58572,-1,-3,530
195,0,0,192307,0,absolute,node,168155,-1,1,530
196,0,0,192307,0,absolute,node,67613,-1,-1,530
197,0,0,192307,0,absolute,node,142271,-1,2,530
198,0,0,192307,0,absolute,node,95753,-1,-2,530
199,0,0,192307,0,absolute,node,5409,-1,1,530
200,0,0,192307,0,absolute,node,97040,-1,-1,530
201,0,0,192307,0,absolute,node,61200,-1,1,530
202,0,0,192307,0,absolute,node,95753,-1,-1,530
203,0,0,192307,0,absolute,node,107033,-1,4,530
204,0,0,192307,0,absolute,node,48067,-1,-4,530
205,0,0,192307,0,absolute,node,100222,-1,3,530
206,0,0,192307,0,absolute,node,32772,-1,-3,530
207,0,0,192307,0,absolute,node,98354,-1,2,530
208,0,0,192307,0,absolute,node,12730,-1,-2,530
209,0,0,192307,0,absolute,node,156486,-1,1,530
210,0,0,192307,0,absolute,node,190581,-1,-1,530
211,0,0,192307,0,absolute,node,152840,-1,3,530
212,0,0,192307,0,absolute,node,201407,-1,-3,530
213,0,0,192307,0,absolute,node,180827,-1,4,530
214,0,0,192307,0,absolute,node,73349,-1,-4,530
215,0,0,192307,0,absolute,node,60047,-1,1,530
216,0,0,192307,0,absolute,node,37862,-1,-1,530
217,0,0,192307,0,absolute,node,9996,-1,2,530
218,0,0,192307,0,absolute,node,63836,-1,-2,530
219,0,0,192307,0,absolute,node,120719,-1,1,530
220,0,0,192307,0,absolute,node,164631,-1,-1,530
221,0,0,192307,0,absolute,node,205098,-1,4,530
222,0,0,192307,0,absolute,node,118485,-1,-4,530
223,0,0,192307,0,absolute,node,206943,-1,1,530
224,0,0,192307,0,absolute,node,68391,-1,-1,530
225,0,0,192307,0,absolute,node,58031,-1,1,530
226,0,0,192307,0,absolute,node,161091,-1,-1,530
227,0,0,192307,0,absolute,node,149857,-1,1,530
228,0,0,192307,0,absolute,node,109194,-1,-1,530
229,0,0,192307,0,absolute,node,117786,-1,3,530
230,0,0,192307,0,absolute,node,74312,-1,-3,530
231,0,0,192307,0,absolute,node,166183,-1,1,530
232,0,0,192307,0,absolute,node,32772,-1,-1,530
233,0,0,192307,0,absolute,node,173026,-1,1,530
234,0,0,192307,0,absolute,node,138688,-1,-1,530
235,0,0,192307,0,absolute,node,21919,-1,1,530
236,0,0,192307,0,absolute,node,40635,-1,-1,530
237,0,0,192307,0,absolute,node,196471,-1,1,530
238,0,0,192307,0,absolute,node,161091,-1,-1,530
239,0,0,192307,0,absolute,node,6423,-1,2,530
240,0,0,192307,0,absolute,node,54274,-1,-2,530
241,0,0,230769,0,absolute,node,58031,-1,2,530
242,0,0,230769,0,absolute,node,25612,-1,-2,530
243,0,0,230769,0,absolute,node,107033,-1,2,530
244,0,0,230769,0,absolute,node,95438,-1,-2,530
245,0,0,230769,0,absolute,node,207133,-1,1,530
246,0,0,230769,0,absolute,node,377,-1,-1,530
247,0,0,230769,0,absolute,node,127995,-1,1,530
248,0,0,230769,0,absolute,node,153007,-1,-1,530
249,0,0,230769,0,absolute,node,71677,-1,1,530
250,0,0,230769,0,absolute,node,80085,-1,-1,530
251,0,0,230769,0,absolute,node,48067,-1,1,530
252,0,0,230769,0,absolute,node,9996,-1,-1,530
253,0,0,230769,0,absolute,node,187315,-1,1,530
254,0,0,230769,0,absolute,node,120860,-1,-1,530
255,0,0,230769,0,absolute,node,162886,-1,1,530
256,0,0,230769,0,absolute,node,40635,-1,-1,530
257,0,0,230769,0,absolute,node,63836,-1,1,530
258,0,0,230769,0,absolute,node,124893,-1,-1,530
259,0,0,230769,0,absolute,node,197252,-1,1,530
260,0,0,230769,0,absolute,node,80085,-1,-1,530
261,0,0,230769,0,absolute,node,156486,-1,1,530
262,0,0,230769,0,absolute,node,95854,-1,-1,530
263,0,0,230769,0,absolute,node,14298,-1,2,530
264,0,0,230769,0,absolute,node,149857,-1,-2,530
265,0,0,230769,0,absolute,node,74429,-1,1,530
266,0,0,230769,0,absolute,node,55703,-1,-1,530
267,0,0,230769,0,absolute,node,32772,-1,1,530
268,0,0,230769,0,absolute,node,122505,-1,-1,530
269,0,0,230769,0,absolute,node,47067,-1,2,530
270,0,0,230769,0,absolute,node,25612,-1,-2,530
271,0,0,230769,0,absolute,node,166183,-1,1,530
272,0,0,230769,0,absolute,node,118485,-1,-1,530
273,0,0,230769,0,absolute,node,113163,-1,1,530
274,0,0,230769,0,absolute,node,207201,-1,-1,530
275,0,0,230769,0,absolute,node,74378,-1,1,530
276,0,0,230769,0,absolute,node,145682,-1,-1,530
277,0,0,230769,0,absolute,node,61200,-1,1,530
278,0,0,230769,0,absolute,node,120719,-1,-1,530
279,0,0,230769,0,absolute,node,97040,-1,1,530
280,0,0,230769,0,absolute,node,120719,-1,-1,530
281,0,0,230769,0,absolute,node,189844,-1,1,530
282,0,0,230769,0,absolute,node,12730,-1,-1,530
283,0,0,230769,0,absolute,node,112767,-1,1,530
284,0,0,230769,0,absolute,node,3428,-1,-1,530
285,0,0,230769,0,absolute,node,205098,-1,2,530
286,0,0,230769,0,absolute,node,43841,-1,-2,530
287,0,0,230769,0,absolute,node,150232,-1,1,530
288,0,0,230769,0,absolute,node,152840,-1,-1,530
289,0,0,269230,0,absolute,node,173026,-1,2,530
290,0,0,269230,0,absolute,node,58572,-1,-2,530
291,0,0,269230,0,absolute,node,205098,-1,1,530
292,0,0,269230,0,absolute,node,33204,-1,-1,530
293,0,0,269230,0,absolute,node,74385,-1,1,530
294,0,0,269230,0,absolute,node,166183,-1,-1,530
295,0,0,269230,0,absolute,node,124893,-1,2,530
296,0,0,269230,0,absolute,node,32772,-1,-2,530
297,0,0,269230,0,absolute,node,40635,-1,1,530
298,0,0,269230,0,absolute,node,58031,-1,-1,530
299,0,0,269230,0,absolute,node,47894,-1,1,530
300,0,0,269230,0,absolute,node,118485,-1,-1,530
301,0,0,269230,0,absolute,node,43350,-1,1,530
302,0,0,269230,0,absolute,node,120719,-1,-1,530
303,0,0,269230,0,absolute,node,156486,-1,1,530
304,0,0,269230,0,absolute,node,185722,-1,-1,530
305,0,0,269230,0,absolute,node,54274,-1,2,530
306,0,0,269230,0,absolute,node,145682,-1,-2,530
307,0,0,269230,0,absolute,node,109194,-1,1,530
308,0,0,269230,0,absolute,node,37862,-1,-1,530
309,0,0,269230,0,absolute,node,58608,-1,3,530
310,0,0,269230,0,absolute,node,6423,-1,-3,530
311,0,0,269230,0,absolute,node,150232,-1,1,530
312,0,0,269230,0,absolute,node,17230,-1,-1,530
313,0,0,269230,0,absolute,node,200474,-1,1,530
314,0,0,269230,0,absolute,node,162886,-1,-1,530
315,0,0,269230,0,absolute,node,161091,-1,2,530
316,0,0,269230,0,absolute,node,93494,-1,-2,530
317,0,0,269230,0,absolute,node,116531,-1,3,530
318,0,0,269230,0,absolute,node,41682,-1,-3,530
319,0,0,269230,0,absolute,node,207201,-1,2,530
320,0,0,269230,0,absolute,node,47067,-1,-2,530
321,0,0,269230,0,absolute,node,9996,-1,1,530
322,0,0,269230,0,absolute,node,196471,-1,-1,530
323,0,0,269230,0,absolute,node,207133,-1,1,530
324,0,0,269230,0,absolute,node,142568,-1,-1,530
325,0,0,269230,0,absolute,node,120860,-1,2,530
326,0,0,269230,0,absolute,node,93494,-1,-2,530
327,0,0,269230,0,absolute,node,206943,-1,1,530
328,0,0,269230,0,absolute,node,197252,-1,-1,530
329,0,0,269230,0,absolute,node,12730,-1,1,530
330,0,0,269230,0,absolute,node,97040,-1,-1,530
331,0,0,269230,0,absolute,node,122505,-1,2,530
332,0,0,269230,0,absolute,node,54621,-1,-2,530
333,0,0,269230,0,absolute,node,25612,-1,3,530
334,0,0,269230,0,absolute,node,99996,-1,-3,530
335,0,0,269230,0,absolute,node,98354,-1,4,530
336,0,0,269230,0,absolute,node,17230,-1,-4,530
337,0,0,307692,0,absolute,node,116531,-1,2,530
338,0,0,307692,0,absolute,node,166183,-1,-2,530
339,0,0,307692,0,absolute,node,120719,-1,1,530
340,0,0,307692,0,absolute,node,166183,-1,-1,530
341,0,0,307692,0,absolute,node,152321,-1,1,530
342,0,0,307692,0,absolute,node,107033,-1,-1,530
343,0,0,307692,0,absolute,node,185722,-1,1,530
344,0,0,307692,0,absolute,node,58031,-1,-1,530
345,0,0,307692,0,absolute,node,197252,-1,1,530
346,0,0,307692,0,absolute,node,95753,-1,-1,530
347,0,0,307692,0,absolute,node,109194,-1,2,530
348,0,0,307692,0,absolute,node,47067,-1,-2,530
349,0,0,307692,0,absolute,node,142271,-1,3,530
350,0,0,307692,0,absolute,node,205098,-1,-3,530
351,0,0,307692,0,absolute,node,43350,-1,3,530
352,0,0,307692,0,absolute,node,110914,-1,-3,530
353,0,0,307692,0,absolute,node,28637,-1,2,530
354,0,0,307692,0,absolute,node,48067,-1,-2,530
355,0,0,307692,0,absolute,node,33204,-1,4,530
356,0,0,307692,0,absolute,node,139823,-1,-4,530
357,0,0,307692,0,absolute,node,74429,-1,3,530
358,0,0,307692,0,absolute,node,58608,-1,-3,530
359,0,0,307692,0,absolute,node,151586,-1,1,530
360,0,0,307692,0,absolute,node,162886,-1,-1,530
361,0,0,307692,0,absolute,node,99996,-1,2,530
362,0,0,307692,0,absolute,node,110914,-1,-2,530
363,0,0,307692,0,absolute,node,74385,-1,5,530
364,0,0,307692,0,absolute,node,12730,-1,-5,530
365,0,0,307692,0,absolute,node,142568,-1,2,530
366,0,0,307692,0,absolute,node,25612,-1,-2,530
367,0,0,307692,0,absolute,node,80085,-1,1,530
368,0,0,307692,0,absolute,node,196471,-1,-1,530
369,0,0,307692,0,absolute,node,206943,-1,3,530
370,0,0,307692,0,absolute,node,61200,-1,-3,530
371,0,0,307692,0,absolute,node,17230,-1,1,530
372,0,0,307692,0,absolute,node,54274,-1,-1,530
373,0,0,307692,0,absolute,node,60047,-1,4,530
374,0,0,307692,0,absolute,node,61200,-1,-4,530
375,0,0,307692,0,absolute,node,201407,-1,2,530
376,0,0,307692,0,absolute,node,168155,-1,-2,530
377,0,0,307692,0,absolute,node,145682,-1,2,530
378,0,0,307692,0,absolute,node,43841,-1,-2,530
379,0,0,307692,0,absolute,node,120860,-1,1,530
380,0,0,307692,0,absolute,node,54274,-1,-1,530
381,0,0,307692,0,absolute,node,112767,-1,2,530
382,0,0,307692,0,absolute,node,62289,-1,-2,530
383,0,0,307692,0,absolute,node,161091,-1,1,530
384,0,0,307692,0,absolute,node,74378,-1,-1,530
385,0,0,346153,0,absolute,node,122505,-1,1,530
386,0,0,346153,0,absolute,node,37862,-1,-1,530
387,0,0,346153,0,absolute,node,201407,-1,5,530
388,0,0,346153,0,absolute,node,99996,-1,-5,530
389,0,0,346153,0,absolute,node,40635,-1,1,530
390,0,0,346153,0,absolute,node,206943,-1,-1,530
391,0,0,346153,0,absolute,node,377,-1,2,530
392,0,0,346153,0,absolute,node,95854,-1,-2,530
393,0,0,346153,0,absolute,node,127995,-1,1,530
394,0,0,346153,0,absolute,node,93494,-1,-1,530
395,0,0,346153,0,absolute,node,9996,-1,1,530
396,0,0,346153,0,absolute,node,41682,-1,-1,530
397,0,0,346153,0,absolute,node,95438,-1,1,530
398,0,0,346153,0,absolute,node,207201,-1,-1,530
399,0,0,346153,0,absolute,node,21919,-1,1,530
400,0,0,346153,0,absolute,node,12730,-1,-1,530
401,0,0,346153,0,absolute,node,58031,-1,2,530
402,0,0,346153,0,absolute,node,110914,-1,-2,530
403,0,0,346153,0,absolute,node,142271,-1,1,530
404,0,0,346153,0,absolute,node,149857,-1,-1,530
405,0,0,346153,0,absolute,node,200474,-1,1,530
406,0,0,346153,0,absolute,node,33204,-1,-1,530
407,0,0,346153,0,absolute,node,82700,-1,1,530
408,0,0,346153,0,absolute,node,80085,-1,-1,530
409,0,0,346153,0,absolute,node,168155,-1,1,530
410,0,0,346153,0,absolute,node,112767,-1,-1,530
411,0,0,346153,0,absolute,node,3428,-1,1,530
412,0,0,346153,0,absolute,node,71677,-1,-1,530
413,0,0,346153,0,absolute,node,145682,-1,1,530
414,0,0,346153,0,absolute,node,185722,-1,-1,530
415,0,0,346153,0,absolute,node,142568,-1,3,530
416,0,0,346153,0,absolute,node,173026,-1,-3,530
417,0,0,346153,0,absolute,node,25612,-1,4,530
418,0,0,346153,0,absolute,node,60047,-1,-4,530
419,0,0,346153,0,absolute,node,138688,-1,1,530
420,0,0,346153,0,absolute,node,112767,-1,-1,530
421,0,0,346153,0,absolute,node,166183,-1,1,530
422,0,0,346153,0,absolute,node,15693,-1,-1,530
423,0,0,346153,0,absolute,node,197252,-1,1,530
424,0,0,346153,0,absolute,node,48067,-1,-1,530
425,0,0,346153,0,absolute,node,17230,-1,2,530
426,0,0,346153,0,absolute,node,151586,-1,-2,530
427,0,0,346153,0,absolute,node,152321,-1,2,530
428,0,0,346153,0,absolute,node,74385,-1,-2,530
429,0,0,346153,0,absolute,node,196471,-1,1,530
430,0,0,346153,0,absolute,node,152840,-1,-1,530
431,0,0,346153,0,absolute,node,128220,-1,1,530
432,0,0,346153,0,absolute,node,153007,-1,-1,530
433,0,0,384615,0,absolute,node,21919,-1,2,530
434,0,0,384615,0,absolute,node,100222,-1,-2,530
435,0,0,384615,0,absolute,node,74385,-1,4,530
436,0,0,384615,0,absolute,node,75655,-1,-4,530
437,0,0,384615,0,absolute,node,74378,-1,1,530
438,0,0,384615,0,absolute,node,97040,-1,-1,530
439,0,0,384615,0,absolute,node,48067,-1,1,530
440,0,0,384615,0,absolute,node,164631,-1,-1,530
441,0,0,384615,0,absolute,node,47894,-1,3,530
442,0,0,384615,0,absolute,node,3428,-1,-3,530
443,0,0,384615,0,absolute,node,73349,-1,1,530
444,0,0,384615,0,absolute,node,161091,-1,-1,530
445,0,0,384615,0,absolute,node,60047,-1,1,530
446,0,0,384615,0,absolute,node,207133,-1,-1,530
447,0,0,384615,0,absolute,node,468,-1,2,530
448,0,0,384615,0,absolute,node,95854,-1,-2,530
449,0,0,384615,0,absolute,node,40635,-1,1,530
450,0,0,384615,0,absolute,node,41682,-1,-1,530
451,0,0,384615,0,absolute,node,207201,-1,1,530
452,0,0,384615,0,absolute,node,113163,-1,-1,530
453,0,0,384615,0,absolute,node,28637,-1,1,530
454,0,0,384615,0,absolute,node,97040,-1,-1,530
455,0,0,384615,0,absolute,node,47067,-1,1,530
456,0,0,384615,0,absolute,node,197252,-1,-1,530
457,0,0,384615,0,absolute,node,145682,-1,1,530
458,0,0,384615,0,absolute,node,122505,-1,-1,530
459,0,0,384615,0,absolute,node,185722,-1,1,530
460,0,0,384615,0,absolute,node,97040,-1,-1,530
461,0,0,384615,0,absolute,node,9289,-1,1,530
462,0,0,384615,0,absolute,node,196471,-1,-1,530
463,0,0,384615,0,absolute,node,37862,-1,2,530
464,0,0,384615,0,absolute,node,54274,-1,-2,530
465,0,0,384615,0,absolute,node,82700,-1,1,530
466,0,0,384615,0,absolute,node,166183,-1,-1,530
467,0,0,384615,0,absolute,node,150232,-1,2,530
468,0,0,384615,0,absolute,node,116531,-1,-2,530
469,0,0,384615,0,absolute,node,63836,-1,1,530
470,0,0,384615,0,absolute,node,153007,-1,-1,530
471,0,0,384615,0,absolute,node,138688,-1,1,530
472,0,0,384615,0,absolute,node,95854,-1,-1,530
473,0,0,384615,0,absolute,node,98354,-1,1,530
474,0,0,384615,0,absolute,node,58572,-1,-1,530
475,0,0,384615,0,absolute,node,67613,-1,1,530
476,0,0,384615,0,absolute,node,71677,-1,-1,530
477,0,0,384615,0,absolute,node,180827,-1,1,530
478,0,0,384615,0,absolute,node,152840,-1,-1,530
479,0,0,384615,0,absolute,node,152321,-1,3,530
480,0,0,384615,0,absolute,node,95438,-1,-3,530
481,0,0,423076,0,absolute,node,124893,-1,4,530
482,0,0,423076,0,absolute,node,95438,-1,-4,530
483,0,0,423076,0,absolute,node,23046,-1,3,530
484,0,0,423076,0,absolute,node,61200,-1,-3,530
485,0,0,423076,0,absolute,node,17230,-1,3,530
486,0,0,423076,0,absolute,node,74378,-1,-3,530
487,0,0,423076,0,absolute,node,28637,-1,3,530
488,0,0,423076,0,absolute,node,139823,-1,-3,530
489,0,0,423076,0,absolute,node,41682,-1,1,530
490,0,0,423076,0,absolute,node,152840,-1,-1,530
491,0,0,423076,0,absolute,node,117786,-1,3,530
492,0,0,423076,0,absolute,node,152321,-1,-3,530
493,0,0,423076,0,absolute,node,196471,-1,1,530
494,0,0,423076,0,absolute,node,98354,-1,-1,530
495,0,0,423076,0,absolute,node,33204,-1,1,530
496,0,0,423076,0,absolute,node,47894,-1,-1,530
497,0,0,423076,0,absolute,node,206943,-1,1,530
498,0,0,423076,0,absolute,node,152840,-1,-1,530
499,0,0,423076,0,absolute,node,207201,-1,2,530
500,0,0,423076,0,absolute,node,75655,-1,-2,530
501,0,0,423076,0,absolute,node,377,-1,1,530
502,0,0,423076,0,absolute,node,14298,-1,-1,530
503,0,0,423076,0,absolute,node,74312,-1,3,530
504,0,0,423076,0,absolute,node,145682,-1,-3,530
505,0,0,423076,0,absolute,node,67613,-1,3,530
506,0,0,423076,0,absolute,node,127995,-1,-3,530
507,0,0,423076,0,absolute,node,173026,-1,3,530
508,0,0,423076,0,absolute,node,127995,-1,-3,530
509,0,0,423076,0,absolute,node,138688,-1,2,530
510,0,0,423076,0,absolute,node,63836,-1,-2,530
511,0,0,423076,0,absolute,node,180827,-1,1,530
512,0,0,423076,0,absolute,node,166183,-1,-1,530
513,0,0,423076,0,absolute,node,162886,-1,1,530
514,0,0,423076,0,absolute,node,205098,-1,-1,530
515,0,0,423076,0,absolute,node,107033,-1,3,530
516,0,0,423076,0,absolute,node,74378,-1,-3,530
517,0,0,423076,0,absolute,node,120860,-1,1,530
518,0,0,423076,0,absolute,node,200474,-1,-1,530
519,0,0,423076,0,absolute,node,122505,-1,1,530
520,0,0,423076,0,absolute,node,37862,-1,-1,530
521,0,0,423076,0,absolute,node,55703,-1,1,530
522,0,0,423076,0,absolute,node,149857,-1,-1,530
523,0,0,423076,0,absolute,node,21919,-1,2,530
524,0,0,423076,0,absolute,node,99996,-1,-2,530
525,0,0,423076,0,absolute,node,6423,-1,1,530
526,0,0,423076,0,absolute,node,74429,-1,-1,530
527,0,0,423076,0,absolute,node,3428,-1,2,530
528,0,0,423076,0,absolute,node,116531,-1,-2,530
529,0,0,461538,0,absolute,node,109194,-1,2,530
530,0,0,461538,0,absolute,node,54274,-1,-2,530
531,0,0,461538,0,absolute,node,205098,-1,1,530
532,0,0,461538,0,absolute,node,128220,-1,-1,530
533,0,0,461538,0,absolute,node,15693,-1,1,530
534,0,0,461538,0,absolute,node,124893,-1,-1,530
535,0,0,461538,0,absolute,node,68391,-1,2,530
536,0,0,461538,0,absolute,node,74385,-1,-2,530
537,0,0,461538,0,absolute,node,153007,-1,1,530
538,0,0,461538,0,absolute,node,145682,-1,-1,530
539,0,0,461538,0,absolute,node,152840,-1,1,530
540,0,0,461538,0,absolute,node,9289,-1,-1,530
541,0,0,461538,0,absolute,node,113163,-1,2,530
542,0,0,461538,0,absolute,node,201407,-1,-2,530
543,0,0,461538,0,absolute,node,142271,-1,2,530
544,0,0,461538,0,absolute,node,189844,-1,-2,530
545,0,0,461538,0,absolute,node,150232,-1,1,530
546,0,0,461538,0,absolute,node,55703,-1,-1,530
547,0,0,461538,0,absolute,node,180827,-1,1,530
548,0,0,461538,0,absolute,node,74312,-1,-1,530
549,0,0,461538,0,absolute,node,142568,-1,2,530
550,0,0,461538,0,absolute,node,151586,-1,-2,530
551,0,0,461538,0,absolute,node,80085,-1,2,530
552,0,0,461538,0,absolute,node,3428,-1,-2,530
553,0,0,461538,0,absolute,node,62289,-1,1,530
554,0,0,461538,0,absolute,node,9996,-1,-1,530
555,0,0,461538,0,absolute,node,207133,-1,1,530
556,0,0,461538,0,absolute,node,185722,-1,-1,530
557,0,0,461538,0,absolute,node,98354,-1,1,530
558,0,0,461538,0,absolute,node,166183,-1,-1,530
559,0,0,461538,0,absolute,node,33204,-1,1,530
560,0,0,461538,0,absolute,node,40635,-1,-1,530
561,0,0,461538,0,absolute,node,187315,-1,1,530
562,0,0,461538,0,absolute,node,124893,-1,-1,530
563,0,0,461538,0,absolute,node,74378,-1,1,530
564,0,0,461538,0,absolute,node,161091,-1,-1,530
565,0,0,461538,0,absolute,node,23046,-1,1,530
566,0,0,461538,0,absolute,node,58031,-1,-1,530
567,0,0,461538,0,absolute,node,107033,-1,2,530
568,0,0,461538,0,absolute,node,145682,-1,-2,530
569,0,0,461538,0,absolute,node,5409,-1,1,530
570,0,0,461538,0,absolute,node,100222,-1,-1,530
571,0,0,461538,0,absolute,node,139823,-1,3,530
572,0,0,461538,0,absolute,node,82700,-1,-3,530
573,0,0,461538,0,absolute,node,162886,-1,2,530
574,0,0,461538,0,absolute,node,74385,-1,-2,530
575,0,0,461538,0,absolute,node,58572,-1,2,530
576,0,0,461538,0,absolute,node,116531,-1,-2,530
577,0,0,5e+05,0,absolute,node,150232,-1,1,530
578,0,0,5e+05,0,absolute,node,37862,-1,-1,530
579,0,0,5e+05,0,absolute,node,116531,-1,1,530
580,0,0,5e+05,0,absolute,node,71677,-1,-1,530
581,0,0,5e+05,0,absolute,node,100222,-1,1,530
582,0,0,5e+05,0,absolute,node,120719,-1,-1,530
583,0,0,5e+05,0,absolute,node,166183,-1,2,530
584,0,0,5e+05,0,absolute,node,138688,-1,-2,530
585,0,0,5e+05,0,absolute,node,12730,-1,2,530
586,0,0,5e+05,0,absolute,node,151586,-1,-2,530
587,0,0,5e+05,0,absolute,node,74378,-1,1,530
588,0,0,5e+05,0,absolute,node,200474,-1,-1,530
589,0,0,5e+05,0,absolute,node,109194,-1,1,530
590,0,0,5e+05,0,absolute,node,152840,-1,-1,530
591,0,0,5e+05,0,absolute,node,124893,-1,1,530
592,0,0,5e+05,0,absolute,node,196471,-1,-1,530
593,0,0,5e+05,0,absolute,node,80085,-1,4,530
594,0,0,5e+05,0,absolute,node,187315,-1,-4,530
595,0,0,5e+05,0,absolute,node,197252,-1,1,530
596,0,0,5e+05,0,absolute,node,47894,-1,-1,530
597,0,0,5e+05,0,absolute,node,107033,-1,1,530
598,0,0,5e+05,0,absolute,node,9289,-1,-1,530
599,0,0,5e+05,0,absolute,node,14298,-1,1,530
600,0,0,5e+05,0,absolute,node,43350,-1,-1,530
601,0,0,5e+05,0,absolute,node,207133,-1,2,530
602,0,0,5e+05,0,absolute,node,149857,-1,-2,530
603,0,0,5e+05,0,absolute,node,120860,-1,1,530
604,0,0,5e+05,0,absolute,node,9996,-1,-1,530
605,0,0,5e+05,0,absolute,node,152321,-1,1,530
606,0,0,5e+05,0,absolute,node,41682,-1,-1,530
607,0,0,5e+05,0,absolute,node,25612,-1,1,530
608,0,0,5e+05,0,absolute,node,201407,-1,-1,530
609,0,0,5e+05,0,absolute,node,60047,-1,3,530
610,0,0,5e+05,0,absolute,node,201407,-1,-3,530
611,0,0,5e+05,0,absolute,node,377,-1,3,530
612,0,0,5e+05,0,absolute,node,73349,-1,-3,530
613,0,0,5e+05,0,absolute,node,180827,-1,1,530
614,0,0,5e+05,0,absolute,node,74429,-1,-1,530
615,0,0,5e+05,0,absolute,node,54274,-1,3,530
616,0,0,5e+05,0,absolute,node,3428,-1,-3,530
617,0,0,5e+05,0,absolute,node,61200,-1,1,530
618,0,0,5e+05,0,absolute,node,207201,-1,-1,530
619,0,0,5e+05,0,absolute,node,142568,-1,1,530
620,0,0,5e+05,0,absolute,node,41682,-1,-1,530
621,0,0,5e+05,0,absolute,node,54621,-1,1,530
622,0,0,5e+05,0,absolute,node,23046,-1,-1,530
623,0,0,5e+05,0,absolute,node,173026,-1,1,530
624,0,0,5e+05,0,absolute,node,67613,-1,-1,530
625,0,0,538461,0,absolute,node,54274,-1,1,530
626,0,0,538461,0,absolute,node,162886,-1,-1,530
627,0,0,538461,0,absolute,node,61200,-1,1,530
628,0,0,538461,0,absolute,node,142271,-1,-1,530
629,0,0,538461,0,absolute,node,110914,-1,1,530
630,0,0,538461,0,absolute,node,40635,-1,-1,530
631,0,0,538461,0,absolute,node,43350,-1,2,530
632,0,0,538461,0,absolute,node,6423,-1,-2,530
633,0,0,538461,0,absolute,node,118485,-1,1,530
634,0,0,538461,0,absolute,node,14298,-1,-1,530
635,0,0,538461,0,absolute,node,32772,-1,3,530
636,0,0,538461,0,absolute,node,47894,-1,-3,530
637,0,0,538461,0,absolute,node,122505,-1,1,530
638,0,0,538461,0,absolute,node,37862,-1,-1,530
639,0,0,538461,0,absolute,node,152840,-1,1,530
640,0,0,538461,0,absolute,node,113163,-1,-1,530
641,0,0,538461,0,absolute,node,9289,-1,2,530
642,0,0,538461,0,absolute,node,58572,-1,-2,530
643,0,0,538461,0,absolute,node,54621,-1,3,530
644,0,0,538461,0,absolute,node,117786,-1,-3,530
645,0,0,538461,0,absolute,node,153007,-1,1,530
646,0,0,538461,0,absolute,node,180827,-1,-1,530
647,0,0,538461,0,absolute,node,152321,-1,1,530
648,0,0,538461,0,absolute,node,25612,-1,-1,530
649,0,0,538461,0,absolute,node,468,-1,1,530
650,0,0,538461,0,absolute,node,73349,-1,-1,530
651,0,0,538461,0,absolute,node,164631,-1,1,530
652,0,0,538461,0,absolute,node,173026,-1,-1,530
653,0,0,538461,0,absolute,node,97040,-1,2,530
654,0,0,538461,0,absolute,node,48067,-1,-2,530
655,0,0,538461,0,absolute,node,3428,-1,1,530
656,0,0,538461,0,absolute,node,109194,-1,-1,530
657,0,0,538461,0,absolute,node,190581,-1,1,530
658,0,0,538461,0,absolute,node,40635,-1,-1,530
659,0,0,538461,0,absolute,node,74378,-1,2,530
660,0,0,538461,0,absolute,node,95438,-1,-2,530
661,0,0,538461,0,absolute,node,145682,-1,2,530
662,0,0,538461,0,absolute,node,150232,-1,-2,530
663,0,0,538461,0,absolute,node,100222,-1,2,530
664,0,0,538461,0,absolute,node,124893,-1,-2,530
665,0,0,538461,0,absolute,node,112767,-1,1,530
666,0,0,538461,0,absolute,node,168155,-1,-1,530
667,0,0,538461,0,absolute,node,95753,-1,3,530
668,0,0,538461,0,absolute,node,15693,-1,-3,530
669,0,0,538461,0,absolute,node,41682,-1,1,530
670,0,0,538461,0,absolute,node,142271,-1,-1,530
671,0,0,538461,0,absolute,node,47067,-1,1,530
672,0,0,538461,0,absolute,node,205098,-1,-1,530
673,0,0,576923,0,absolute,node,205098,-1,1,530
674,0,0,576923,0,absolute,node,3428,-1,-1,530
675,0,0,576923,0,absolute,node,82700,-1,1,530
676,0,0,576923,0,absolute,node,112767,-1,-1,530
677,0,0,576923,0,absolute,node,162886,-1,2,530
678,0,0,576923,0,absolute,node,152321,-1,-2,530
679,0,0,576923,0,absolute,node,107033,-1,1,530
680,0,0,576923,0,absolute,node,23046,-1,-1,530
681,0,0,576923,0,absolute,node,67613,-1,1,530
682,0,0,576923,0,absolute,node,468,-1,-1,530
683,0,0,576923,0,absolute,node,37862,-1,2,530
684,0,0,576923,0,absolute,node,62289,-1,-2,530
685,0,0,576923,0,absolute,node,145682,-1,1,530
686,0,0,576923,0,absolute,node,206943,-1,-1,530
687,0,0,576923,0,absolute,node,166183,-1,1,530
688,0,0,576923,0,absolute,node,124893,-1,-1,530
689,0,0,576923,0,absolute,node,75655,-1,1,530
690,0,0,576923,0,absolute,node,200474,-1,-1,530
691,0,0,576923,0,absolute,node,164631,-1,2,530
692,0,0,576923,0,absolute,node,54621,-1,-2,530
693,0,0,576923,0,absolute,node,142568,-1,2,530
694,0,0,576923,0,absolute,node,197252,-1,-2,530
695,0,0,576923,0,absolute,node,60047,-1,1,530
696,0,0,576923,0,absolute,node,128220,-1,-1,530
697,0,0,576923,0,absolute,node,173026,-1,3,530
698,0,0,576923,0,absolute,node,180827,-1,-3,530
699,0,0,576923,0,absolute,node,9996,-1,1,530
700,0,0,576923,0,absolute,node,117786,-1,-1,530
701,0,0,576923,0,absolute,node,150232,-1,1,530
702,0,0,576923,0,absolute,node,112767,-1,-1,530
703,0,0,576923,0,absolute,node,97040,-1,1,530
704,0,0,576923,0,absolute,node,54621,-1,-1,530
705,0,0,576923,0,absolute,node,74378,-1,1,530
706,0,0,576923,0,absolute,node,142271,-1,-1,530
707,0,0,576923,0,absolute,node,377,-1,2,530
708,0,0,576923,0,absolute,node,54274,-1,-2,530
709,0,0,576923,0,absolute,node,95854,-1,1,530
710,0,0,576923,0,absolute,node,189844,-1,-1,530
711,0,0,576923,0,absolute,node,61200,-1,1,530
712,0,0,576923,0,absolute,node,12730,-1,-1,530
713,0,0,576923,0,absolute,node,68391,-1,3,530
714,0,0,576923,0,absolute,node,33204,-1,-3,530
715,0,0,576923,0,absolute,node,5409,-1,1,530
716,0,0,576923,0,absolute,node,201407,-1,-1,530
717,0,0,576923,0,absolute,node,43841,-1,1,530
718,0,0,576923,0,absolute,node,200474,-1,-1,530
719,0,0,576923,0,absolute,node,118485,-1,3,530
720,0,0,576923,0,absolute,node,47894,-1,-3,530
721,0,0,615384,0,absolute,node,100222,-1,2,530
722,0,0,615384,0,absolute,node,54621,-1,-2,530
723,0,0,615384,0,absolute,node,74385,-1,5,530
724,0,0,615384,0,absolute,node,21919,-1,-5,530
725,0,0,615384,0,absolute,node,62289,-1,1,530
726,0,0,615384,0,absolute,node,152840,-1,-1,530
727,0,0,615384,0,absolute,node,168155,-1,1,530
728,0,0,615384,0,absolute,node,468,-1,-1,530
729,0,0,615384,0,absolute,node,95438,-1,2,530
730,0,0,615384,0,absolute,node,113163,-1,-2,530
731,0,0,615384,0,absolute,node,377,-1,2,530
732,0,0,615384,0,absolute,node,166183,-1,-2,530
733,0,0,615384,0,absolute,node,14298,-1,3,530
734,0,0,615384,0,absolute,node,180827,-1,-3,530
735,0,0,615384,0,absolute,node,9996,-1,1,530
736,0,0,615384,0,absolute,node,67613,-1,-1,530
737,0,0,615384,0,absolute,node,161091,-1,1,530
738,0,0,615384,0,absolute,node,207201,-1,-1,530
739,0,0,615384,0,absolute,node,124893,-1,1,530
740,0,0,615384,0,absolute,node,196471,-1,-1,530
741,0,0,615384,0,absolute,node,142271,-1,1,530
742,0,0,615384,0,absolute,node,32772,-1,-1,530
743,0,0,615384,0,absolute,node,33204,-1,1,530
744,0,0,615384,0,absolute,node,25612,-1,-1,530
745,0,0,615384,0,absolute,node,138688,-1,1,530
746,0,0,615384,0,absolute,node,152840,-1,-1,530
747,0,0,615384,0,absolute,node,190581,-1,1,530
748,0,0,615384,0,absolute,node,145682,-1,-1,530
749,0,0,615384,0,absolute,node,75655,-1,1,530
750,0,0,615384,0,absolute,node,152840,-1,-1,530
751,0,0,615384,0,absolute,node,71677,-1,1,530
752,0,0,615384,0,absolute,node,142568,-1,-1,530
753,0,0,615384,0,absolute,node,162886,-1,3,530
754,0,0,615384,0,absolute,node,152321,-1,-3,530
755,0,0,615384,0,absolute,node,61200,-1,2,530
756,0,0,615384,0,absolute,node,95854,-1,-2,530
757,0,0,615384,0,absolute,node,110914,-1,2,530
758,0,0,615384,0,absolute,node,95854,-1,-2,530
759,0,0,615384,0,absolute,node,12730,-1,3,530
760,0,0,615384,0,absolute,node,150232,-1,-3,530
761,0,0,615384,0,absolute,node,139823,-1,1,530
762,0,0,615384,0,absolute,node,207133,-1,-1,530
763,0,0,615384,0,absolute,node,112767,-1,1,530
764,0,0,615384,0,absolute,node,98354,-1,-1,530
765,0,0,615384,0,absolute,node,9289,-1,1,530
766,0,0,615384,0,absolute,node,206943,-1,-1,530
767,0,0,615384,0,absolute,node,118485,-1,3,530
768,0,0,615384,0,absolute,node,187315,-1,-3,530
769,0,0,653846,0,absolute,node,75655,-1,1,530
770,0,0,653846,0,absolute,node,33204,-1,-1,530
771,0,0,653846,0,absolute,node,9996,-1,3,530
772,0,0,653846,0,absolute,node,152321,-1,-3,530
773,0,0,653846,0,absolute,node,166183,-1,1,530
774,0,0,653846,0,absolute,node,67613,-1,-1,530
775,0,0,653846,0,absolute,node,377,-1,1,530
776,0,0,653846,0,absolute,node,116531,-1,-1,530
777,0,0,653846,0,absolute,node,58608,-1,4,530
778,0,0,653846,0,absolute,node,74378,-1,-4,530
779,0,0,653846,0,absolute,node,185722,-1,2,530
780,0,0,653846,0,absolute,node,95753,-1,-2,530
781,0,0,653846,0,absolute,node,120719,-1,2,530
782,0,0,653846,0,absolute,node,100222,-1,-2,530
783,0,0,653846,0,absolute,node,138688,-1,3,530
784,0,0,653846,0,absolute,node,145682,-1,-3,530
785,0,0,653846,0,absolute,node,47894,-1,2,530
786,0,0,653846,0,absolute,node,189844,-1,-2,530
787,0,0,653846,0,absolute,node,109194,-1,2,530
788,0,0,653846,0,absolute,node,28637,-1,-2,530
789,0,0,653846,0,absolute,node,58031,-1,2,530
790,0,0,653846,0,absolute,node,139823,-1,-2,530
791,0,0,653846,0,absolute,node,74429,-1,2,530
792,0,0,653846,0,absolute,node,150232,-1,-2,530
793,0,0,653846,0,absolute,node,9289,-1,3,530
794,0,0,653846,0,absolute,node,61200,-1,-3,530
795,0,0,653846,0,absolute,node,3428,-1,1,530
796,0,0,653846,0,absolute,node,190581,-1,-1,530
797,0,0,653846,0,absolute,node,5409,-1,1,530
798,0,0,653846,0,absolute,node,37862,-1,-1,530
799,0,0,653846,0,absolute,node,122505,-1,2,530
800,0,0,653846,0,absolute,node,74385,-1,-2,530
801,0,0,653846,0,absolute,node,23046,-1,1,530
802,0,0,653846,0,absolute,node,189844,-1,-1,530
803,0,0,653846,0,absolute,node,168155,-1,2,530
804,0,0,653846,0,absolute,node,151586,-1,-2,530
805,0,0,653846,0,absolute,node,112767,-1,1,530
806,0,0,653846,0,absolute,node,74378,-1,-1,530
807,0,0,653846,0,absolute,node,152840,-1,1,530
808,0,0,653846,0,absolute,node,162886,-1,-1,530
809,0,0,653846,0,absolute,node,41682,-1,1,530
810,0,0,653846,0,absolute,node,54274,-1,-1,530
811,0,0,653846,0,absolute,node,124893,-1,1,530
812,0,0,653846,0,absolute,node,60047,-1,-1,530
813,0,0,653846,0,absolute,node,93494,-1,2,530
814,0,0,653846,0,absolute,node,152321,-1,-2,530
815,0,0,653846,0,absolute,node,43841,-1,2,530
816,0,0,653846,0,absolute,node,74312,-1,-2,530
817,0,0,692307,0,absolute,node,74385,-1,1,530
818,0,0,692307,0,absolute,node,145682,-1,-1,530
819,0,0,692307,0,absolute,node,142271,-1,3,530
820,0,0,692307,0,absolute,node,173026,-1,-3,530
821,0,0,692307,0,absolute,node,151586,-1,2,530
822,0,0,692307,0,absolute,node,95438,-1,-2,530
823,0,0,692307,0,absolute,node,112767,-1,3,530
824,0,0,692307,0,absolute,node,150232,-1,-3,530
825,0,0,692307,0,absolute,node,58608,-1,1,530
826,0,0,692307,0,absolute,node,15693,-1,-1,530
827,0,0,692307,0,absolute,node,97040,-1,1,530
828,0,0,692307,0,absolute,node,150232,-1,-1,530
829,0,0,692307,0,absolute,node,206943,-1,1,530
830,0,0,692307,0,absolute,node,190581,-1,-1,530
831,0,0,692307,0,absolute,node,54621,-1,1,530
832,0,0,692307,0,absolute,node,142568,-1,-1,530
833,0,0,692307,0,absolute,node,67613,-1,3,530
834,0,0,692307,0,absolute,node,61200,-1,-3,530
835,0,0,692307,0,absolute,node,196471,-1,1,530
836,0,0,692307,0,absolute,node,80085,-1,-1,530
837,0,0,692307,0,absolute,node,74429,-1,1,530
838,0,0,692307,0,absolute,node,207201,-1,-1,530
839,0,0,692307,0,absolute,node,200474,-1,2,530
840,0,0,692307,0,absolute,node,82700,-1,-2,530
841,0,0,692307,0,absolute,node,377,-1,3,530
842,0,0,692307,0,absolute,node,17230,-1,-3,530
843,0,0,692307,0,absolute,node,74312,-1,2,530
844,0,0,692307,0,absolute,node,93494,-1,-2,530
845,0,0,692307,0,absolute,node,139823,-1,1,530
846,0,0,692307,0,absolute,node,117786,-1,-1,530
847,0,0,692307,0,absolute,node,55703,-1,1,530
848,0,0,692307,0,absolute,node,207133,-1,-1,530
849,0,0,692307,0,absolute,node,54274,-1,1,530
850,0,0,692307,0,absolute,node,120860,-1,-1,530
851,0,0,692307,0,absolute,node,98354,-1,1,530
852,0,0,692307,0,absolute,node,80085,-1,-1,530
853,0,0,692307,0,absolute,node,161091,-1,1,530
854,0,0,692307,0,absolute,node,3428,-1,-1,530
855,0,0,692307,0,absolute,node,153007,-1,1,530
856,0,0,692307,0,absolute,node,168155,-1,-1,530
857,0,0,692307,0,absolute,node,60047,-1,1,530
858,0,0,692307,0,absolute,node,25612,-1,-1,530
859,0,0,692307,0,absolute,node,138688,-1,2,530
860,0,0,692307,0,absolute,node,95753,-1,-2,530
861,0,0,692307,0,absolute,node,152840,-1,1,530
862,0,0,692307,0,absolute,node,468,-1,-1,530
863,0,0,692307,0,absolute,node,156486,-1,2,530
864,0,0,692307,0,absolute,node,127995,-1,-2,530
865,0,0,730769,0,absolute,node,6423,-1,2,530
866,0,0,730769,0,absolute,node,25612,-1,-2,530
867,0,0,730769,0,absolute,node,100222,-1,1,530
868,0,0,730769,0,absolute,node,41682,-1,-1,530
869,0,0,730769,0,absolute,node,118485,-1,1,530
870,0,0,730769,0,absolute,node,21919,-1,-1,530
871,0,0,730769,0,absolute,node,28637,-1,2,530
872,0,0,730769,0,absolute,node,62289,-1,-2,530
873,0,0,730769,0,absolute,node,189844,-1,1,530
874,0,0,730769,0,absolute,node,142568,-1,-1,530
875,0,0,730769,0,absolute,node,156486,-1,1,530
876,0,0,730769,0,absolute,node,67613,-1,-1,530
877,0,0,730769,0,absolute,node,58608,-1,5,530
878,0,0,730769,0,absolute,node,139823,-1,-5,530
879,0,0,730769,0,absolute,node,206943,-1,1,530
880,0,0,730769,0,absolute,node,110914,-1,-1,530
881,0,0,730769,0,absolute,node,187315,-1,4,530
882,0,0,730769,0,absolute,node,12730,-1,-4,530
883,0,0,730769,0,absolute,node,124893,-1,2,530
884,0,0,730769,0,absolute,node,166183,-1,-2,530
885,0,0,730769,0,absolute,node,14298,-1,1,530
886,0,0,730769,0,absolute,node,98354,-1,-1,530
887,0,0,730769,0,absolute,node,207133,-1,1,530
888,0,0,730769,0,absolute,node,113163,-1,-1,530
889,0,0,730769,0,absolute,node,75655,-1,2,530
890,0,0,730769,0,absolute,node,74312,-1,-2,530
891,0,0,730769,0,absolute,node,54621,-1,2,530
892,0,0,730769,0,absolute,node,74378,-1,-2,530
893,0,0,730769,0,absolute,node,58572,-1,1,530
894,0,0,730769,0,absolute,node,43841,-1,-1,530
895,0,0,730769,0,absolute,node,145682,-1,1,530
896,0,0,730769,0,absolute,node,120719,-1,-1,530
897,0,0,730769,0,absolute,node,150232,-1,1,530
898,0,0,730769,0,absolute,node,55703,-1,-1,530
899,0,0,730769,0,absolute,node,37862,-1,2,530
900,0,0,730769,0,absolute,node,173026,-1,-2,530
901,0,0,730769,0,absolute,node,68391,-1,3,530
902,0,0,730769,0,absolute,node,21919,-1,-3,530
903,0,0,730769,0,absolute,node,47894,-1,1,530
904,0,0,730769,0,absolute,node,9996,-1,-1,530
905,0,0,730769,0,absolute,node,207201,-1,1,530
906,0,0,730769,0,absolute,node,67613,-1,-1,530
907,0,0,730769,0,absolute,node,117786,-1,1,530
908,0,0,730769,0,absolute,node,71677,-1,-1,530
909,0,0,730769,0,absolute,node,97040,-1,1,530
910,0,0,730769,0,absolute,node,95753,-1,-1,530
911,0,0,730769,0,absolute,node,73349,-1,1,530
912,0,0,730769,0,absolute,node,120719,-1,-1,530
913,0,0,769230,0,absolute,node,95753,-1,2,530
914,0,0,769230,0,absolute,node,107033,-1,-2,530
915,0,0,769230,0,absolute,node,99996,-1,1,530
916,0,0,769230,0,absolute,node,107033,-1,-1,530
917,0,0,769230,0,absolute,node,37862,-1,1,530
918,0,0,769230,0,absolute,node,80085,-1,-1,530
919,0,0,769230,0,absolute,node,97040,-1,1,530
920,0,0,769230,0,absolute,node,152321,-1,-1,530
921,0,0,769230,0,absolute,node,127995,-1,2,530
922,0,0,769230,0,absolute,node,173026,-1,-2,530
923,0,0,769230,0,absolute,node,54621,-1,1,530
924,0,0,769230,0,absolute,node,68391,-1,-1,530
925,0,0,769230,0,absolute,node,110914,-1,1,530
926,0,0,769230,0,absolute,node,168155,-1,-1,530
927,0,0,769230,0,absolute,node,139823,-1,2,530
928,0,0,769230,0,absolute,node,100222,-1,-2,530
929,0,0,769230,0,absolute,node,124893,-1,2,530
930,0,0,769230,0,absolute,node,377,-1,-2,530
931,0,0,769230,0,absolute,node,156486,-1,1,530
932,0,0,769230,0,absolute,node,150232,-1,-1,530
933,0,0,769230,0,absolute,node,3428,-1,1,530
934,0,0,769230,0,absolute,node,98354,-1,-1,530
935,0,0,769230,0,absolute,node,74429,-1,1,530
936,0,0,769230,0,absolute,node,180827,-1,-1,530
937,0,0,769230,0,absolute,node,55703,-1,3,530
938,0,0,769230,0,absolute,node,68391,-1,-3,530
939,0,0,769230,0,absolute,node,207201,-1,2,530
940,0,0,769230,0,absolute,node,61200,-1,-2,530
941,0,0,769230,0,absolute,node,23046,-1,1,530
942,0,0,769230,0,absolute,node,189844,-1,-1,530
943,0,0,769230,0,absolute,node,128220,-1,1,530
944,0,0,769230,0,absolute,node,162886,-1,-1,530
945,0,0,769230,0,absolute,node,28637,-1,1,530
946,0,0,769230,0,absolute,node,201407,-1,-1,530
947,0,0,769230,0,absolute,node,25612,-1,4,530
948,0,0,769230,0,absolute,node,187315,-1,-4,530
949,0,0,769230,0,absolute,node,82700,-1,3,530
950,0,0,769230,0,absolute,node,58572,-1,-3,530
951,0,0,769230,0,absolute,node,21919,-1,4,530
952,0,0,769230,0,absolute,node,118485,-1,-4,530
953,0,0,769230,0,absolute,node,112767,-1,1,530
954,0,0,769230,0,absolute,node,145682,-1,-1,530
955,0,0,769230,0,absolute,node,74385,-1,4,530
956,0,0,769230,0,absolute,node,60047,-1,-4,530
957,0,0,769230,0,absolute,node,142568,-1,1,530
958,0,0,769230,0,absolute,node,138688,-1,-1,530
959,0,0,769230,0,absolute,node,75655,-1,2,530
960,0,0,769230,0,absolute,node,168155,-1,-2,530
961,0,0,807692,0,absolute,node,95854,-1,2,530
962,0,0,807692,0,absolute,node,127995,-1,-2,530
963,0,0,807692,0,absolute,node,33204,-1,1,530
964,0,0,807692,0,absolute,node,58608,-1,-1,530
965,0,0,807692,0,absolute,node,142271,-1,2,530
966,0,0,807692,0,absolute,node,74378,-1,-2,530
967,0,0,807692,0,absolute,node,99996,-1,1,530
968,0,0,807692,0,absolute,node,138688,-1,-1,530
969,0,0,807692,0,absolute,node,55703,-1,4,530
970,0,0,807692,0,absolute,node,201407,-1,-4,530
971,0,0,807692,0,absolute,node,377,-1,1,530
972,0,0,807692,0,absolute,node,185722,-1,-1,530
973,0,0,807692,0,absolute,node,128220,-1,1,530
974,0,0,807692,0,absolute,node,82700,-1,-1,530
975,0,0,807692,0,absolute,node,14298,-1,3,530
976,0,0,807692,0,absolute,node,117786,-1,-3,530
977,0,0,807692,0,absolute,node,58031,-1,1,530
978,0,0,807692,0,absolute,node,54274,-1,-1,530
979,0,0,807692,0,absolute,node,153007,-1,1,530
980,0,0,807692,0,absolute,node,15693,-1,-1,530
981,0,0,807692,0,absolute,node,25612,-1,3,530
982,0,0,807692,0,absolute,node,100222,-1,-3,530
983,0,0,807692,0,absolute,node,200474,-1,1,530
984,0,0,807692,0,absolute,node,152840,-1,-1,530
985,0,0,807692,0,absolute,node,116531,-1,2,530
986,0,0,807692,0,absolute,node,6423,-1,-2,530
987,0,0,807692,0,absolute,node,74385,-1,1,530
988,0,0,807692,0,absolute,node,124893,-1,-1,530
989,0,0,807692,0,absolute,node,12730,-1,1,530
990,0,0,807692,0,absolute,node,118485,-1,-1,530
991,0,0,807692,0,absolute,node,28637,-1,1,530
992,0,0,807692,0,absolute,node,62289,-1,-1,530
993,0,0,807692,0,absolute,node,3428,-1,4,530
994,0,0,807692,0,absolute,node,68391,-1,-4,530
995,0,0,807692,0,absolute,node,122505,-1,1,530
996,0,0,807692,0,absolute,node,107033,-1,-1,530
997,0,0,807692,0,absolute,node,48067,-1,1,530
998,0,0,807692,0,absolute,node,152321,-1,-1,530
999,0,0,807692,0,absolute,node,189844,-1,1,530
1000,0,0,807692,0,absolute,node,9996,-1,-1,530
1001,0,0,807692,0,absolute,node,47067,-1,4,530
1002,0,0,807692,0,absolute,node,151586,-1,-4,530
1003,0,0,807692,0,absolute,node,95753,-1,1,530
1004,0,0,807692,0,absolute,node,120860,-1,-1,530
1005,0,0,807692,0,absolute,node,73349,-1,1,530
1006,0,0,807692,0,absolute,node,162886,-1,-1,530
1007,0,0,807692,0,absolute,node,67613,-1,1,530
1008,0,0,807692,0,absolute,node,201407,-1,-1,530
1009,0,0,846153,0,absolute,node,122505,-1,1,530
1010,0,0,846153,0,absolute,node,206943,-1,-1,530
1011,0,0,846153,0,absolute,node,152840,-1,2,530
1012,0,0,846153,0,absolute,node,43350,-1,-2,530
1013,0,0,846153,0,absolute,node,47894,-1,5,530
1014,0,0,846153,0,absolute,node,21919,-1,-5,530
1015,0,0,846153,0,absolute,node,95438,-1,2,530
1016,0,0,846153,0,absolute,node,156486,-1,-2,530
1017,0,0,846153,0,absolute,node,61200,-1,1,530
1018,0,0,846153,0,absolute,node,71677,-1,-1,530
1019,0,0,846153,0,absolute,node,58608,-1,1,530
1020,0,0,846153,0,absolute,node,162886,-1,-1,530
1021,0,0,846153,0,absolute,node,127995,-1,3,530
1022,0,0,846153,0,absolute,node,107033,-1,-3,530
1023,0,0,846153,0,absolute,node,9996,-1,1,530
1024,0,0,846153,0,absolute,node,112767,-1,-1,530
1025,0,0,846153,0,absolute,node,60047,-1,1,530
1026,0,0,846153,0,absolute,node,161091,-1,-1,530
1027,0,0,846153,0,absolute,node,128220,-1,1,530
1028,0,0,846153,0,absolute,node,33204,-1,-1,530
1029,0,0,846153,0,absolute,node,43841,-1,1,530
1030,0,0,846153,0,absolute,node,37862,-1,-1,530
1031,0,0,846153,0,absolute,node,74312,-1,2,530
1032,0,0,846153,0,absolute,node,32772,-1,-2,530
1033,0,0,846153,0,absolute,node,152321,-1,2,530
1034,0,0,846153,0,absolute,node,17230,-1,-2,530
1035,0,0,846153,0,absolute,node,118485,-1,2,530
1036,0,0,846153,0,absolute,node,54274,-1,-2,530
1037,0,0,846153,0,absolute,node,23046,-1,2,530
1038,0,0,846153,0,absolute,node,74385,-1,-2,530
1039,0,0,846153,0,absolute,node,205098,-1,1,530
1040,0,0,846153,0,absolute,node,37862,-1,-1,530
1041,0,0,846153,0,absolute,node,139823,-1,2,530
1042,0,0,846153,0,absolute,node,116531,-1,-2,530
1043,0,0,846153,0,absolute,node,55703,-1,3,530
1044,0,0,846153,0,absolute,node,74378,-1,-3,530
1045,0,0,846153,0,absolute,node,3428,-1,1,530
1046,0,0,846153,0,absolute,node,206943,-1,-1,530
1047,0,0,846153,0,absolute,node,58572,-1,2,530
1048,0,0,846153,0,absolute,node,164631,-1,-2,530
1049,0,0,846153,0,absolute,node,166183,-1,2,530
1050,0,0,846153,0,absolute,node,117786,-1,-2,530
1051,0,0,846153,0,absolute,node,75655,-1,2,530
1052,0,0,846153,0,absolute,node,201407,-1,-2,530
1053,0,0,846153,0,absolute,node,98354,-1,1,530
1054,0,0,846153,0,absolute,node,67613,-1,-1,530
1055,0,0,846153,0,absolute,node,153007,-1,2,530
1056,0,0,846153,0,absolute,node,109194,-1,-2,530
1057,0,0,884615,0,absolute,node,95753,-1,3,530
1058,0,0,884615,0,absolute,node,187315,-1,-3,530
1059,0,0,884615,0,absolute,node,58031,-1,2,530
1060,0,0,884615,0,absolute,node,164631,-1,-2,530
1061,0,0,884615,0,absolute,node,12730,-1,1,530
1062,0,0,884615,0,absolute,node,200474,-1,-1,530
1063,0,0,884615,0,absolute,node,9996,-1,1,530
1064,0,0,884615,0,absolute,node,47067,-1,-1,530
1065,0,0,884615,0,absolute,node,58572,-1,1,530
1066,0,0,884615,0,absolute,node,98354,-1,-1,530
1067,0,0,884615,0,absolute,node,207133,-1,1,530
1068,0,0,884615,0,absolute,node,152840,-1,-1,530
1069,0,0,884615,0,absolute,node,152321,-1,1,530
1070,0,0,884615,0,absolute,node,142271,-1,-1,530
1071,0,0,884615,0,absolute,node,166183,-1,2,530
1072,0,0,884615,0,absolute,node,3428,-1,-2,530
1073,0,0,884615,0,absolute,node,23046,-1,2,530
1074,0,0,884615,0,absolute,node,117786,-1,-2,530
1075,0,0,884615,0,absolute,node,120860,-1,1,530
1076,0,0,884615,0,absolute,node,55703,-1,-1,530
1077,0,0,884615,0,absolute,node,74378,-1,1,530
1078,0,0,884615,0,absolute,node,168155,-1,-1,530
1079,0,0,884615,0,absolute,node,153007,-1,1,530
1080,0,0,884615,0,absolute,node,122505,-1,-1,530
1081,0,0,884615,0,absolute,node,107033,-1,1,530
1082,0,0,884615,0,absolute,node,122505,-1,-1,530
1083,0,0,884615,0,absolute,node,61200,-1,2,530
1084,0,0,884615,0,absolute,node,28637,-1,-2,530
1085,0,0,884615,0,absolute,node,197252,-1,1,530
1086,0,0,884615,0,absolute,node,55703,-1,-1,530
1087,0,0,884615,0,absolute,node,14298,-1,1,530
1088,0,0,884615,0,absolute,node,32772,-1,-1,530
1089,0,0,884615,0,absolute,node,127995,-1,1,530
1090,0,0,884615,0,absolute,node,377,-1,-1,530
1091,0,0,884615,0,absolute,node,74385,-1,1,530
1092,0,0,884615,0,absolute,node,156486,-1,-1,530
1093,0,0,884615,0,absolute,node,21919,-1,1,530
1094,0,0,884615,0,absolute,node,98354,-1,-1,530
1095,0,0,884615,0,absolute,node,62289,-1,3,530
1096,0,0,884615,0,absolute,node,180827,-1,-3,530
1097,0,0,884615,0,absolute,node,58608,-1,1,530
1098,0,0,884615,0,absolute,node,80085,-1,-1,530
1099,0,0,884615,0,absolute,node,15693,-1,1,530
1100,0,0,884615,0,absolute,node,207201,-1,-1,530
1101,0,0,884615,0,absolute,node,206943,-1,1,530
1102,0,0,884615,0,absolute,node,128220,-1,-1,530
1103,0,0,884615,0,absolute,node,54621,-1,1,530
1104,0,0,884615,0,absolute,node,122505,-1,-1,530
1105,0,0,923076,0,absolute,node,168155,-1,1,530
1106,0,0,923076,0,absolute,node,55703,-1,-1,530
1107,0,0,923076,0,absolute,node,48067,-1,3,530
1108,0,0,923076,0,absolute,node,107033,-1,-3,530
1109,0,0,923076,0,absolute,node,80085,-1,2,530
1110,0,0,923076,0,absolute,node,196471,-1,-2,530
1111,0,0,923076,0,absolute,node,377,-1,1,530
1112,0,0,923076,0,absolute,node,71677,-1,-1,530
1113,0,0,923076,0,absolute,node,142271,-1,1,530
1114,0,0,923076,0,absolute,node,100222,-1,-1,530
1115,0,0,923076,0,absolute,node,95854,-1,1,530
1116,0,0,923076,0,absolute,node,207201,-1,-1,530
1117,0,0,923076,0,absolute,node,74378,-1,1,530
1118,0,0,923076,0,absolute,node,43841,-1,-1,530
1119,0,0,923076,0,absolute,node,189844,-1,1,530
1120,0,0,923076,0,absolute,node,207133,-1,-1,530
1121,0,0,923076,0,absolute,node,113163,-1,2,530
1122,0,0,923076,0,absolute,node,118485,-1,-2,530
1123,0,0,923076,0,absolute,node,43350,-1,1,530
1124,0,0,923076,0,absolute,node,73349,-1,-1,530
1125,0,0,923076,0,absolute,node,145682,-1,2,530
1126,0,0,923076,0,absolute,node,43841,-1,-2,530
1127,0,0,923076,0,absolute,node,67613,-1,1,530
1128,0,0,923076,0,absolute,node,468,-1,-1,530
1129,0,0,923076,0,absolute,node,116531,-1,2,530
1130,0,0,923076,0,absolute,node,205098,-1,-2,530
1131,0,0,923076,0,absolute,node,54274,-1,1,530
1132,0,0,923076,0,absolute,node,153007,-1,-1,530
1133,0,0,923076,0,absolute,node,122505,-1,1,530
1134,0,0,923076,0,absolute,node,71677,-1,-1,530
1135,0,0,923076,0,absolute,node,99996,-1,5,530
1136,0,0,923076,0,absolute,node,95438,-1,-5,530
1137,0,0,923076,0,absolute,node,58031,-1,3,530
1138,0,0,923076,0,absolute,node,180827,-1,-3,530
1139,0,0,923076,0,absolute,node,142568,-1,1,530
1140,0,0,923076,0,absolute,node,127995,-1,-1,530
1141,0,0,923076,0,absolute,node,200474,-1,1,530
1142,0,0,923076,0,absolute,node,173026,-1,-1,530
1143,0,0,923076,0,absolute,node,120719,-1,3,530
1144,0,0,923076,0,absolute,node,58608,-1,-3,530
1145,0,0,923076,0,absolute,node,47067,-1,1,530
1146,0,0,923076,0,absolute,node,161091,-1,-1,530
1147,0,0,923076,0,absolute,node,138688,-1,1,530
1148,0,0,923076,0,absolute,node,9289,-1,-1,530
1149,0,0,923076,0,absolute,node,58572,-1,1,530
1150,0,0,923076,0,absolute,node,37862,-1,-1,530
1151,0,0,923076,0,absolute,node,74429,-1,1,530
1152,0,0,923076,0,absolute,node,156486,-1,-1,530
1153,0,0,961538,0,absolute,node,71677,-1,2,530
1154,0,0,961538,0,absolute,node,95753,-1,-2,530
1155,0,0,961538,0,absolute,node,168155,-1,1,530
1156,0,0,961538,0,absolute,node,166183,-1,-1,530
1157,0,0,961538,0,absolute,node,120860,-1,1,530
1158,0,0,961538,0,absolute,node,113163,-1,-1,530
1159,0,0,961538,0,absolute,node,185722,-1,5,530
1160,0,0,961538,0,absolute,node,100222,-1,-5,530
1161,0,0,961538,0,absolute,node,187315,-1,1,530
1162,0,0,961538,0,absolute,node,112767,-1,-1,530
1163,0,0,961538,0,absolute,node,33204,-1,2,530
1164,0,0,961538,0,absolute,node,43350,-1,-2,530
1165,0,0,961538,0,absolute,node,189844,-1,1,530
1166,0,0,961538,0,absolute,node,61200,-1,-1,530
1167,0,0,961538,0,absolute,node,142568,-1,1,530
1168,0,0,961538,0,absolute,node,153007,-1,-1,530
1169,0,0,961538,0,absolute,node,142271,-1,2,530
1170,0,0,961538,0,absolute,node,28637,-1,-2,530
1171,0,0,961538,0,absolute,node,55703,-1,1,530
1172,0,0,961538,0,absolute,node,206943,-1,-1,530
1173,0,0,961538,0,absolute,node,120719,-1,2,530
1174,0,0,961538,0,absolute,node,118485,-1,-2,530
1175,0,0,961538,0,absolute,node,201407,-1,1,530
1176,0,0,961538,0,absolute,node,110914,-1,-1,530
1177,0,0,961538,0,absolute,node,150232,-1,3,530
1178,0,0,961538,0,absolute,node,58572,-1,-3,530
1179,0,0,961538,0,absolute,node,207133,-1,2,530
1180,0,0,961538,0,absolute,node,138688,-1,-2,530
1181,0,0,961538,0,absolute,node,54621,-1,3,530
1182,0,0,961538,0,absolute,node,48067,-1,-3,530
1183,0,0,961538,0,absolute,node,9289,-1,1,530
1184,0,0,961538,0,absolute,node,25612,-1,-1,530
1185,0,0,961538,0,absolute,node,200474,-1,1,530
1186,0,0,961538,0,absolute,node,47894,-1,-1,530
1187,0,0,961538,0,absolute,node,6423,-1,1,530
1188,0,0,961538,0,absolute,node,112767,-1,-1,530
1189,0,0,961538,0,absolute,node,74385,-1,2,530
1190,0,0,961538,0,absolute,node,25612,-1,-2,530
1191,0,0,961538,0,absolute,node,127995,-1,1,530
1192,0,0,961538,0,absolute,node,109194,-1,-1,530
1193,0,0,961538,0,absolute,node,149857,-1,1,530
1194,0,0,961538,0,absolute,node,161091,-1,-1,530
1195,0,0,961538,0,absolute,node,62289,-1,1,530
1196,0,0,961538,0,absolute,node,95854,-1,-1,530
1197,0,0,961538,0,absolute,node,107033,-1,2,530
1198,0,0,961538,0,absolute,node,205098,-1,-2,530
1199,0,0,961538,0,absolute,node,97040,-1,1,530
1200,0,0,961538,0,absolute,node,206943,-1,-1,530
