changeID,absoluteTime,evaluation,bitVector,distanceEvaluation,typeOfChange,affected,affectedID1,affectedID2,change,totalAfterChange
0,0,0,0,0,,,-1,-1,0,535
1,0,0,38461,0,absolute,node,1262,-1,1,535
2,0,0,38461,0,absolute,node,18333,-1,-1,535
3,0,0,38461,0,absolute,node,4200,-1,1,535
4,0,0,38461,0,absolute,node,2202,-1,-1,535
5,0,0,76923,0,absolute,node,55,-1,2,535
6,0,0,76923,0,absolute,node,4320,-1,-2,535
7,0,0,76923,0,absolute,node,7953,-1,1,535
8,0,0,76923,0,absolute,node,7713,-1,-1,535
9,0,0,115384,0,absolute,node,10922,-1,3,535
10,0,0,115384,0,absolute,node,3048,-1,-3,535
11,0,0,115384,0,absolute,node,6223,-1,1,535
12,0,0,115384,0,absolute,node,5016,-1,-1,535
13,0,0,153846,0,absolute,node,1262,-1,2,535
14,0,0,153846,0,absolute,node,10305,-1,-2,535
15,0,0,153846,0,absolute,node,3426,-1,1,535
16,0,0,153846,0,absolute,node,3245,-1,-1,535
17,0,0,192307,0,absolute,node,1262,-1,1,535
18,0,0,192307,0,absolute,node,4320,-1,-1,535
19,0,0,192307,0,absolute,node,24064,-1,1,535
20,0,0,192307,0,absolute,node,24239,-1,-1,535
21,0,0,230769,0,absolute,node,18333,-1,3,535
22,0,0,230769,0,absolute,node,9151,-1,-3,535
23,0,0,230769,0,absolute,node,7481,-1,2,535
24,0,0,230769,0,absolute,node,7228,-1,-2,535
25,0,0,269230,0,absolute,node,15335,-1,3,535
26,0,0,269230,0,absolute,node,3777,-1,-3,535
27,0,0,269230,0,absolute,node,12038,-1,2,535
28,0,0,269230,0,absolute,node,25068,-1,-2,535
29,0,0,307692,0,absolute,node,8097,-1,2,535
30,0,0,307692,0,absolute,node,18406,-1,-2,535
31,0,0,307692,0,absolute,node,10295,-1,2,535
32,0,0,307692,0,absolute,node,5017,-1,-2,535
33,0,0,346153,0,absolute,node,7228,-1,3,535
34,0,0,346153,0,absolute,node,55,-1,-3,535
35,0,0,346153,0,absolute,node,1262,-1,1,535
36,0,0,346153,0,absolute,node,26093,-1,-1,535
37,0,0,384615,0,absolute,node,3996,-1,1,535
38,0,0,384615,0,absolute,node,15335,-1,-1,535
39,0,0,384615,0,absolute,node,18063,-1,1,535
40,0,0,384615,0,absolute,node,15600,-1,-1,535
41,0,0,423076,0,absolute,node,4320,-1,2,535
42,0,0,423076,0,absolute,node,15313,-1,-2,535
43,0,0,423076,0,absolute,node,26018,-1,2,535
44,0,0,423076,0,absolute,node,7966,-1,-2,535
45,0,0,461538,0,absolute,node,55,-1,1,535
46,0,0,461538,0,absolute,node,12783,-1,-1,535
47,0,0,461538,0,absolute,node,25089,-1,1,535
48,0,0,461538,0,absolute,node,3996,-1,-1,535
49,0,0,5e+05,0,absolute,node,10922,-1,2,535
50,0,0,5e+05,0,absolute,node,1433,-1,-2,535
51,0,0,5e+05,0,absolute,node,17201,-1,1,535
52,0,0,5e+05,0,absolute,node,19607,-1,-1,535
53,0,0,538461,0,absolute,node,25068,-1,3,535
54,0,0,538461,0,absolute,node,7797,-1,-3,535
55,0,0,538461,0,absolute,node,5665,-1,1,535
56,0,0,538461,0,absolute,node,5740,-1,-1,535
57,0,0,576923,0,absolute,node,6220,-1,3,535
58,0,0,576923,0,absolute,node,1262,-1,-3,535
59,0,0,576923,0,absolute,node,26018,-1,2,535
60,0,0,576923,0,absolute,node,25651,-1,-2,535
61,0,0,615384,0,absolute,node,24650,-1,1,535
62,0,0,615384,0,absolute,node,15989,-1,-1,535
63,0,0,615384,0,absolute,node,5017,-1,1,535
64,0,0,615384,0,absolute,node,24433,-1,-1,535
65,0,0,653846,0,absolute,node,5740,-1,3,535
66,0,0,653846,0,absolute,node,9262,-1,-3,535
67,0,0,653846,0,absolute,node,12380,-1,1,535
68,0,0,653846,0,absolute,node,3593,-1,-1,535
69,0,0,692307,0,absolute,node,4200,-1,2,535
70,0,0,692307,0,absolute,node,10922,-1,-2,535
71,0,0,692307,0,absolute,node,7228,-1,1,535
72,0,0,692307,0,absolute,node,7481,-1,-1,535
73,0,0,730769,0,absolute,node,19178,-1,1,535
74,0,0,730769,0,absolute,node,18063,-1,-1,535
75,0,0,730769,0,absolute,node,24650,-1,2,535
76,0,0,730769,0,absolute,node,25089,-1,-2,535
77,0,0,769230,0,absolute,node,6499,-1,2,535
78,0,0,769230,0,absolute,node,24650,-1,-2,535
79,0,0,769230,0,absolute,node,4698,-1,1,535
80,0,0,769230,0,absolute,node,5243,-1,-1,535
81,0,0,807692,0,absolute,node,11893,-1,1,535
82,0,0,807692,0,absolute,node,5405,-1,-1,535
83,0,0,807692,0,absolute,node,19178,-1,1,535
84,0,0,807692,0,absolute,node,7481,-1,-1,535
85,0,0,846153,0,absolute,node,24433,-1,3,535
86,0,0,846153,0,absolute,node,7797,-1,-3,535
87,0,0,846153,0,absolute,node,3937,-1,1,535
88,0,0,846153,0,absolute,node,15313,-1,-1,535
89,0,0,884615,0,absolute,node,9202,-1,1,535
90,0,0,884615,0,absolute,node,25044,-1,-1,535
91,0,0,884615,0,absolute,node,5168,-1,2,535
92,0,0,884615,0,absolute,node,12380,-1,-2,535
93,0,0,923076,0,absolute,node,7953,-1,2,535
94,0,0,923076,0,absolute,node,1872,-1,-2,535
95,0,0,923076,0,absolute,node,11893,-1,1,535
96,0,0,923076,0,absolute,node,8632,-1,-1,535
97,0,0,961538,0,absolute,node,13742,-1,4,535
98,0,0,961538,0,absolute,node,15550,-1,-4,535
99,0,0,961538,0,absolute,node,19607,-1,1,535
100,0,0,961538,0,absolute,node,18291,-1,-1,535
