changeID,absoluteTime,evaluation,bitVector,distanceEvaluation,typeOfChange,affected,affectedID1,affectedID2,change,totalAfterChange
0,0,0,0,0,,,-1,-1,0,560
1,0,0,90909,0,absolute,node,128690,-1,1,560
2,0,0,90909,0,absolute,node,173499,-1,-1,560
3,0,0,90909,0,absolute,node,113025,-1,3,560
4,0,0,90909,0,absolute,node,9463,-1,-3,560
5,0,0,90909,0,absolute,node,99645,-1,1,560
6,0,0,90909,0,absolute,node,154121,-1,-1,560
7,0,0,90909,0,absolute,node,16250,-1,1,560
8,0,0,90909,0,absolute,node,11042,-1,-1,560
9,0,0,181818,0,absolute,node,96368,-1,2,560
10,0,0,181818,0,absolute,node,90239,-1,-2,560
11,0,0,181818,0,absolute,node,118299,-1,2,560
12,0,0,181818,0,absolute,node,177837,-1,-2,560
13,0,0,181818,0,absolute,node,194936,-1,1,560
14,0,0,181818,0,absolute,node,42256,-1,-1,560
15,0,0,181818,0,absolute,node,108858,-1,2,560
16,0,0,181818,0,absolute,node,113025,-1,-2,560
17,0,0,272727,0,absolute,node,75066,-1,1,560
18,0,0,272727,0,absolute,node,108311,-1,-1,560
19,0,0,272727,0,absolute,node,128690,-1,3,560
20,0,0,272727,0,absolute,node,172150,-1,-3,560
21,0,0,272727,0,absolute,node,12329,-1,5,560
22,0,0,272727,0,absolute,node,5413,-1,-5,560
23,0,0,272727,0,absolute,node,52879,-1,2,560
24,0,0,272727,0,absolute,node,21604,-1,-2,560
25,0,0,363636,0,absolute,node,99645,-1,2,560
26,0,0,363636,0,absolute,node,59566,-1,-2,560
27,0,0,363636,0,absolute,node,147235,-1,1,560
28,0,0,363636,0,absolute,node,118299,-1,-1,560
29,0,0,363636,0,absolute,node,75208,-1,1,560
30,0,0,363636,0,absolute,node,12329,-1,-1,560
31,0,0,363636,0,absolute,node,78988,-1,1,560
32,0,0,363636,0,absolute,node,84060,-1,-1,560
33,0,0,454545,0,absolute,node,13731,-1,3,560
34,0,0,454545,0,absolute,node,137474,-1,-3,560
35,0,0,454545,0,absolute,node,31220,-1,1,560
36,0,0,454545,0,absolute,node,77291,-1,-1,560
37,0,0,454545,0,absolute,node,21601,-1,1,560
38,0,0,454545,0,absolute,node,178137,-1,-1,560
39,0,0,454545,0,absolute,node,177837,-1,1,560
40,0,0,454545,0,absolute,node,166707,-1,-1,560
41,0,0,545454,0,absolute,node,1544,-1,1,560
42,0,0,545454,0,absolute,node,133730,-1,-1,560
43,0,0,545454,0,absolute,node,95859,-1,1,560
44,0,0,545454,0,absolute,node,134343,-1,-1,560
45,0,0,545454,0,absolute,node,108858,-1,1,560
46,0,0,545454,0,absolute,node,96444,-1,-1,560
47,0,0,545454,0,absolute,node,134693,-1,3,560
48,0,0,545454,0,absolute,node,150898,-1,-3,560
49,0,0,636363,0,absolute,node,77291,-1,1,560
50,0,0,636363,0,absolute,node,9140,-1,-1,560
51,0,0,636363,0,absolute,node,177083,-1,2,560
52,0,0,636363,0,absolute,node,209373,-1,-2,560
53,0,0,636363,0,absolute,node,31220,-1,1,560
54,0,0,636363,0,absolute,node,12329,-1,-1,560
55,0,0,636363,0,absolute,node,15205,-1,1,560
56,0,0,636363,0,absolute,node,12329,-1,-1,560
57,0,0,727272,0,absolute,node,118299,-1,1,560
58,0,0,727272,0,absolute,node,110173,-1,-1,560
59,0,0,727272,0,absolute,node,177083,-1,1,560
60,0,0,727272,0,absolute,node,16250,-1,-1,560
61,0,0,727272,0,absolute,node,202115,-1,3,560
62,0,0,727272,0,absolute,node,38595,-1,-3,560
63,0,0,727272,0,absolute,node,164977,-1,1,560
64,0,0,727272,0,absolute,node,72544,-1,-1,560
65,0,0,818181,0,absolute,node,151133,-1,1,560
66,0,0,818181,0,absolute,node,21601,-1,-1,560
67,0,0,818181,0,absolute,node,181955,-1,1,560
68,0,0,818181,0,absolute,node,153463,-1,-1,560
69,0,0,818181,0,absolute,node,99645,-1,1,560
70,0,0,818181,0,absolute,node,186052,-1,-1,560
71,0,0,818181,0,absolute,node,137474,-1,4,560
72,0,0,818181,0,absolute,node,108858,-1,-4,560
73,0,0,909090,0,absolute,node,109393,-1,1,560
74,0,0,909090,0,absolute,node,78988,-1,-1,560
75,0,0,909090,0,absolute,node,9140,-1,2,560
76,0,0,909090,0,absolute,node,107971,-1,-2,560
77,0,0,909090,0,absolute,node,147235,-1,3,560
78,0,0,909090,0,absolute,node,151133,-1,-3,560
79,0,0,909090,0,absolute,node,173499,-1,2,560
80,0,0,909090,0,absolute,node,204448,-1,-2,560
