changeID,absoluteTime,evaluation,bitVector,distanceEvaluation,typeOfChange,affected,affectedID1,affectedID2,change,totalAfterChange
0,0,0,0,0,,,-1,-1,0,521
1,0,0,90909,0,absolute,node,6135,-1,1,521
2,0,0,90909,0,absolute,node,255,-1,-1,521
3,0,0,90909,0,absolute,node,8694,-1,1,521
4,0,0,90909,0,absolute,node,15190,-1,-1,521
5,0,0,90909,0,absolute,node,15516,-1,4,521
6,0,0,90909,0,absolute,node,8968,-1,-4,521
7,0,0,90909,0,absolute,node,22185,-1,4,521
8,0,0,90909,0,absolute,node,7241,-1,-4,521
9,0,0,90909,0,absolute,node,25500,-1,2,521
10,0,0,90909,0,absolute,node,5730,-1,-2,521
11,0,0,90909,0,absolute,node,2262,-1,1,521
12,0,0,90909,0,absolute,node,14926,-1,-1,521
13,0,0,90909,0,absolute,node,4182,-1,2,521
14,0,0,90909,0,absolute,node,11682,-1,-2,521
15,0,0,90909,0,absolute,node,7784,-1,4,521
16,0,0,90909,0,absolute,node,15343,-1,-4,521
17,0,0,90909,0,absolute,node,2787,-1,3,521
18,0,0,90909,0,absolute,node,10839,-1,-3,521
19,0,0,90909,0,absolute,node,2657,-1,2,521
20,0,0,90909,0,absolute,node,25549,-1,-2,521
21,0,0,90909,0,absolute,node,16161,-1,1,521
22,0,0,90909,0,absolute,node,7258,-1,-1,521
23,0,0,90909,0,absolute,node,14873,-1,4,521
24,0,0,90909,0,absolute,node,10052,-1,-4,521
25,0,0,181818,0,absolute,node,14213,-1,1,521
26,0,0,181818,0,absolute,node,8420,-1,-1,521
27,0,0,181818,0,absolute,node,14873,-1,1,521
28,0,0,181818,0,absolute,node,25549,-1,-1,521
29,0,0,181818,0,absolute,node,7866,-1,1,521
30,0,0,181818,0,absolute,node,22185,-1,-1,521
31,0,0,181818,0,absolute,node,21030,-1,1,521
32,0,0,181818,0,absolute,node,12819,-1,-1,521
33,0,0,181818,0,absolute,node,16163,-1,1,521
34,0,0,181818,0,absolute,node,13955,-1,-1,521
35,0,0,181818,0,absolute,node,15190,-1,3,521
36,0,0,181818,0,absolute,node,2938,-1,-3,521
37,0,0,181818,0,absolute,node,9185,-1,1,521
38,0,0,181818,0,absolute,node,24922,-1,-1,521
39,0,0,181818,0,absolute,node,7258,-1,2,521
40,0,0,181818,0,absolute,node,2262,-1,-2,521
41,0,0,181818,0,absolute,node,5455,-1,1,521
42,0,0,181818,0,absolute,node,14014,-1,-1,521
43,0,0,181818,0,absolute,node,19210,-1,1,521
44,0,0,181818,0,absolute,node,12725,-1,-1,521
45,0,0,181818,0,absolute,node,2244,-1,2,521
46,0,0,181818,0,absolute,node,8537,-1,-2,521
47,0,0,181818,0,absolute,node,25336,-1,1,521
48,0,0,181818,0,absolute,node,2787,-1,-1,521
49,0,0,272727,0,absolute,node,2595,-1,2,521
50,0,0,272727,0,absolute,node,20847,-1,-2,521
51,0,0,272727,0,absolute,node,14873,-1,5,521
52,0,0,272727,0,absolute,node,25336,-1,-5,521
53,0,0,272727,0,absolute,node,14428,-1,2,521
54,0,0,272727,0,absolute,node,16225,-1,-2,521
55,0,0,272727,0,absolute,node,5730,-1,1,521
56,0,0,272727,0,absolute,node,22185,-1,-1,521
57,0,0,272727,0,absolute,node,24922,-1,2,521
58,0,0,272727,0,absolute,node,2938,-1,-2,521
59,0,0,272727,0,absolute,node,14213,-1,2,521
60,0,0,272727,0,absolute,node,7886,-1,-2,521
61,0,0,272727,0,absolute,node,19333,-1,2,521
62,0,0,272727,0,absolute,node,20971,-1,-2,521
63,0,0,272727,0,absolute,node,18698,-1,2,521
64,0,0,272727,0,absolute,node,11559,-1,-2,521
65,0,0,272727,0,absolute,node,10316,-1,2,521
66,0,0,272727,0,absolute,node,10839,-1,-2,521
67,0,0,272727,0,absolute,node,16478,-1,2,521
68,0,0,272727,0,absolute,node,22185,-1,-2,521
69,0,0,272727,0,absolute,node,15638,-1,1,521
70,0,0,272727,0,absolute,node,25549,-1,-1,521
71,0,0,272727,0,absolute,node,19210,-1,1,521
72,0,0,272727,0,absolute,node,13459,-1,-1,521
73,0,0,363636,0,absolute,node,15343,-1,1,521
74,0,0,363636,0,absolute,node,3741,-1,-1,521
75,0,0,363636,0,absolute,node,25549,-1,1,521
76,0,0,363636,0,absolute,node,21663,-1,-1,521
77,0,0,363636,0,absolute,node,9819,-1,1,521
78,0,0,363636,0,absolute,node,21292,-1,-1,521
79,0,0,363636,0,absolute,node,3700,-1,1,521
80,0,0,363636,0,absolute,node,16161,-1,-1,521
81,0,0,363636,0,absolute,node,12819,-1,4,521
82,0,0,363636,0,absolute,node,11559,-1,-4,521
83,0,0,363636,0,absolute,node,2128,-1,1,521
84,0,0,363636,0,absolute,node,3741,-1,-1,521
85,0,0,363636,0,absolute,node,8078,-1,3,521
86,0,0,363636,0,absolute,node,14706,-1,-3,521
87,0,0,363636,0,absolute,node,9185,-1,4,521
88,0,0,363636,0,absolute,node,20971,-1,-4,521
89,0,0,363636,0,absolute,node,25169,-1,1,521
90,0,0,363636,0,absolute,node,10176,-1,-1,521
91,0,0,363636,0,absolute,node,7241,-1,3,521
92,0,0,363636,0,absolute,node,26067,-1,-3,521
93,0,0,363636,0,absolute,node,10839,-1,1,521
94,0,0,363636,0,absolute,node,2787,-1,-1,521
95,0,0,363636,0,absolute,node,5455,-1,1,521
96,0,0,363636,0,absolute,node,14926,-1,-1,521
97,0,0,454545,0,absolute,node,21634,-1,1,521
98,0,0,454545,0,absolute,node,2595,-1,-1,521
99,0,0,454545,0,absolute,node,10660,-1,1,521
100,0,0,454545,0,absolute,node,9998,-1,-1,521
101,0,0,454545,0,absolute,node,2938,-1,1,521
102,0,0,454545,0,absolute,node,2657,-1,-1,521
103,0,0,454545,0,absolute,node,10176,-1,2,521
104,0,0,454545,0,absolute,node,14706,-1,-2,521
105,0,0,454545,0,absolute,node,14213,-1,2,521
106,0,0,454545,0,absolute,node,11686,-1,-2,521
107,0,0,454545,0,absolute,node,13693,-1,2,521
108,0,0,454545,0,absolute,node,11559,-1,-2,521
109,0,0,454545,0,absolute,node,5796,-1,2,521
110,0,0,454545,0,absolute,node,18252,-1,-2,521
111,0,0,454545,0,absolute,node,6135,-1,1,521
112,0,0,454545,0,absolute,node,21292,-1,-1,521
113,0,0,454545,0,absolute,node,7241,-1,1,521
114,0,0,454545,0,absolute,node,19333,-1,-1,521
115,0,0,454545,0,absolute,node,16461,-1,2,521
116,0,0,454545,0,absolute,node,2595,-1,-2,521
117,0,0,454545,0,absolute,node,5210,-1,1,521
118,0,0,454545,0,absolute,node,2244,-1,-1,521
119,0,0,454545,0,absolute,node,20561,-1,1,521
120,0,0,454545,0,absolute,node,2225,-1,-1,521
121,0,0,545454,0,absolute,node,11682,-1,1,521
122,0,0,545454,0,absolute,node,5176,-1,-1,521
123,0,0,545454,0,absolute,node,16225,-1,2,521
124,0,0,545454,0,absolute,node,22185,-1,-2,521
125,0,0,545454,0,absolute,node,9185,-1,5,521
126,0,0,545454,0,absolute,node,6961,-1,-5,521
127,0,0,545454,0,absolute,node,18112,-1,1,521
128,0,0,545454,0,absolute,node,6135,-1,-1,521
129,0,0,545454,0,absolute,node,2128,-1,1,521
130,0,0,545454,0,absolute,node,21292,-1,-1,521
131,0,0,545454,0,absolute,node,5796,-1,1,521
132,0,0,545454,0,absolute,node,13711,-1,-1,521
133,0,0,545454,0,absolute,node,15638,-1,1,521
134,0,0,545454,0,absolute,node,4823,-1,-1,521
135,0,0,545454,0,absolute,node,7241,-1,3,521
136,0,0,545454,0,absolute,node,20162,-1,-3,521
137,0,0,545454,0,absolute,node,2225,-1,4,521
138,0,0,545454,0,absolute,node,25336,-1,-4,521
139,0,0,545454,0,absolute,node,13459,-1,1,521
140,0,0,545454,0,absolute,node,18252,-1,-1,521
141,0,0,545454,0,absolute,node,982,-1,3,521
142,0,0,545454,0,absolute,node,18698,-1,-3,521
143,0,0,545454,0,absolute,node,2428,-1,1,521
144,0,0,545454,0,absolute,node,20162,-1,-1,521
145,0,0,636363,0,absolute,node,10535,-1,1,521
146,0,0,636363,0,absolute,node,21634,-1,-1,521
147,0,0,636363,0,absolute,node,11686,-1,2,521
148,0,0,636363,0,absolute,node,11682,-1,-2,521
149,0,0,636363,0,absolute,node,7241,-1,3,521
150,0,0,636363,0,absolute,node,7748,-1,-3,521
151,0,0,636363,0,absolute,node,20561,-1,4,521
152,0,0,636363,0,absolute,node,2262,-1,-4,521
153,0,0,636363,0,absolute,node,10176,-1,2,521
154,0,0,636363,0,absolute,node,9185,-1,-2,521
155,0,0,636363,0,absolute,node,2595,-1,2,521
156,0,0,636363,0,absolute,node,22185,-1,-2,521
157,0,0,636363,0,absolute,node,9819,-1,2,521
158,0,0,636363,0,absolute,node,15516,-1,-2,521
159,0,0,636363,0,absolute,node,13955,-1,2,521
160,0,0,636363,0,absolute,node,2938,-1,-2,521
161,0,0,636363,0,absolute,node,13711,-1,2,521
162,0,0,636363,0,absolute,node,15516,-1,-2,521
163,0,0,636363,0,absolute,node,13459,-1,1,521
164,0,0,636363,0,absolute,node,18112,-1,-1,521
165,0,0,636363,0,absolute,node,8694,-1,2,521
166,0,0,636363,0,absolute,node,18698,-1,-2,521
167,0,0,636363,0,absolute,node,2244,-1,4,521
168,0,0,636363,0,absolute,node,18252,-1,-4,521
169,0,0,727272,0,absolute,node,982,-1,3,521
170,0,0,727272,0,absolute,node,2657,-1,-3,521
171,0,0,727272,0,absolute,node,9819,-1,1,521
172,0,0,727272,0,absolute,node,14424,-1,-1,521
173,0,0,727272,0,absolute,node,13955,-1,2,521
174,0,0,727272,0,absolute,node,20847,-1,-2,521
175,0,0,727272,0,absolute,node,14014,-1,1,521
176,0,0,727272,0,absolute,node,4823,-1,-1,521
177,0,0,727272,0,absolute,node,15516,-1,1,521
178,0,0,727272,0,absolute,node,12725,-1,-1,521
179,0,0,727272,0,absolute,node,2225,-1,1,521
180,0,0,727272,0,absolute,node,8694,-1,-1,521
181,0,0,727272,0,absolute,node,18698,-1,2,521
182,0,0,727272,0,absolute,node,15343,-1,-2,521
183,0,0,727272,0,absolute,node,2858,-1,1,521
184,0,0,727272,0,absolute,node,14873,-1,-1,521
185,0,0,727272,0,absolute,node,13693,-1,1,521
186,0,0,727272,0,absolute,node,19210,-1,-1,521
187,0,0,727272,0,absolute,node,5796,-1,1,521
188,0,0,727272,0,absolute,node,18333,-1,-1,521
189,0,0,727272,0,absolute,node,7258,-1,1,521
190,0,0,727272,0,absolute,node,14213,-1,-1,521
191,0,0,727272,0,absolute,node,13711,-1,1,521
192,0,0,727272,0,absolute,node,9185,-1,-1,521
193,0,0,818181,0,absolute,node,3700,-1,1,521
194,0,0,818181,0,absolute,node,13955,-1,-1,521
195,0,0,818181,0,absolute,node,22185,-1,4,521
196,0,0,818181,0,absolute,node,20971,-1,-4,521
197,0,0,818181,0,absolute,node,14926,-1,1,521
198,0,0,818181,0,absolute,node,11686,-1,-1,521
199,0,0,818181,0,absolute,node,9998,-1,5,521
200,0,0,818181,0,absolute,node,982,-1,-5,521
201,0,0,818181,0,absolute,node,10316,-1,1,521
202,0,0,818181,0,absolute,node,14706,-1,-1,521
203,0,0,818181,0,absolute,node,16163,-1,1,521
204,0,0,818181,0,absolute,node,18698,-1,-1,521
205,0,0,818181,0,absolute,node,11197,-1,1,521
206,0,0,818181,0,absolute,node,21030,-1,-1,521
207,0,0,818181,0,absolute,node,20847,-1,1,521
208,0,0,818181,0,absolute,node,18698,-1,-1,521
209,0,0,818181,0,absolute,node,13711,-1,2,521
210,0,0,818181,0,absolute,node,9185,-1,-2,521
211,0,0,818181,0,absolute,node,14014,-1,3,521
212,0,0,818181,0,absolute,node,25549,-1,-3,521
213,0,0,818181,0,absolute,node,14213,-1,1,521
214,0,0,818181,0,absolute,node,11686,-1,-1,521
215,0,0,818181,0,absolute,node,15343,-1,1,521
216,0,0,818181,0,absolute,node,11559,-1,-1,521
217,0,0,909090,0,absolute,node,20561,-1,1,521
218,0,0,909090,0,absolute,node,14014,-1,-1,521
219,0,0,909090,0,absolute,node,8078,-1,1,521
220,0,0,909090,0,absolute,node,9819,-1,-1,521
221,0,0,909090,0,absolute,node,14873,-1,1,521
222,0,0,909090,0,absolute,node,10839,-1,-1,521
223,0,0,909090,0,absolute,node,18698,-1,1,521
224,0,0,909090,0,absolute,node,7258,-1,-1,521
225,0,0,909090,0,absolute,node,10176,-1,1,521
226,0,0,909090,0,absolute,node,15638,-1,-1,521
227,0,0,909090,0,absolute,node,14213,-1,2,521
228,0,0,909090,0,absolute,node,13693,-1,-2,521
229,0,0,909090,0,absolute,node,3700,-1,1,521
230,0,0,909090,0,absolute,node,21634,-1,-1,521
231,0,0,909090,0,absolute,node,20847,-1,1,521
232,0,0,909090,0,absolute,node,9819,-1,-1,521
233,0,0,909090,0,absolute,node,16461,-1,1,521
234,0,0,909090,0,absolute,node,7258,-1,-1,521
235,0,0,909090,0,absolute,node,4804,-1,1,521
236,0,0,909090,0,absolute,node,2787,-1,-1,521
237,0,0,909090,0,absolute,node,2428,-1,1,521
238,0,0,909090,0,absolute,node,11682,-1,-1,521
239,0,0,909090,0,absolute,node,16343,-1,2,521
240,0,0,909090,0,absolute,node,7886,-1,-2,521
