changeID,absoluteTime,evaluation,bitVector,distanceEvaluation,typeOfChange,affected,affectedID1,affectedID2,change,totalAfterChange
0,0,0,0,0,,,-1,-1,0,530
1,0,0,19607,0,absolute,node,62289,-1,1,530
2,0,0,19607,0,absolute,node,95854,-1,-1,530
3,0,0,19607,0,absolute,node,207133,-1,1,530
4,0,0,19607,0,absolute,node,142271,-1,-1,530
5,0,0,39215,0,absolute,node,116531,-1,3,530
6,0,0,39215,0,absolute,node,127995,-1,-3,530
7,0,0,39215,0,absolute,node,95438,-1,1,530
8,0,0,39215,0,absolute,node,142568,-1,-1,530
9,0,0,58823,0,absolute,node,196471,-1,1,530
10,0,0,58823,0,absolute,node,73349,-1,-1,530
11,0,0,58823,0,absolute,node,207201,-1,2,530
12,0,0,58823,0,absolute,node,41682,-1,-2,530
13,0,0,78431,0,absolute,node,162886,-1,4,530
14,0,0,78431,0,absolute,node,73349,-1,-4,530
15,0,0,78431,0,absolute,node,95753,-1,1,530
16,0,0,78431,0,absolute,node,109194,-1,-1,530
17,0,0,98039,0,absolute,node,74312,-1,1,530
18,0,0,98039,0,absolute,node,47067,-1,-1,530
19,0,0,98039,0,absolute,node,74429,-1,2,530
20,0,0,98039,0,absolute,node,189844,-1,-2,530
21,0,0,117647,0,absolute,node,74312,-1,1,530
22,0,0,117647,0,absolute,node,80085,-1,-1,530
23,0,0,117647,0,absolute,node,40635,-1,1,530
24,0,0,117647,0,absolute,node,190581,-1,-1,530
25,0,0,137254,0,absolute,node,54621,-1,3,530
26,0,0,137254,0,absolute,node,58572,-1,-3,530
27,0,0,137254,0,absolute,node,468,-1,2,530
28,0,0,137254,0,absolute,node,95438,-1,-2,530
29,0,0,156862,0,absolute,node,120860,-1,4,530
30,0,0,156862,0,absolute,node,151586,-1,-4,530
31,0,0,156862,0,absolute,node,40635,-1,1,530
32,0,0,156862,0,absolute,node,152840,-1,-1,530
33,0,0,176470,0,absolute,node,116531,-1,2,530
34,0,0,176470,0,absolute,node,152321,-1,-2,530
35,0,0,176470,0,absolute,node,82700,-1,1,530
36,0,0,176470,0,absolute,node,200474,-1,-1,530
37,0,0,196078,0,absolute,node,73349,-1,1,530
38,0,0,196078,0,absolute,node,142271,-1,-1,530
39,0,0,196078,0,absolute,node,152840,-1,1,530
40,0,0,196078,0,absolute,node,162886,-1,-1,530
41,0,0,215686,0,absolute,node,207201,-1,2,530
42,0,0,215686,0,absolute,node,168155,-1,-2,530
43,0,0,215686,0,absolute,node,58572,-1,2,530
44,0,0,215686,0,absolute,node,166183,-1,-2,530
45,0,0,235294,0,absolute,node,107033,-1,4,530
46,0,0,235294,0,absolute,node,82700,-1,-4,530
47,0,0,235294,0,absolute,node,180827,-1,1,530
48,0,0,235294,0,absolute,node,152840,-1,-1,530
49,0,0,254901,0,absolute,node,74385,-1,3,530
50,0,0,254901,0,absolute,node,100222,-1,-3,530
51,0,0,254901,0,absolute,node,3428,-1,1,530
52,0,0,254901,0,absolute,node,9289,-1,-1,530
53,0,0,274509,0,absolute,node,118485,-1,2,530
54,0,0,274509,0,absolute,node,205098,-1,-2,530
55,0,0,274509,0,absolute,node,54621,-1,2,530
56,0,0,274509,0,absolute,node,17230,-1,-2,530
57,0,0,294117,0,absolute,node,377,-1,4,530
58,0,0,294117,0,absolute,node,73349,-1,-4,530
59,0,0,294117,0,absolute,node,71677,-1,1,530
60,0,0,294117,0,absolute,node,153007,-1,-1,530
61,0,0,313725,0,absolute,node,15693,-1,4,530
62,0,0,313725,0,absolute,node,58608,-1,-4,530
63,0,0,313725,0,absolute,node,67613,-1,3,530
64,0,0,313725,0,absolute,node,47894,-1,-3,530
65,0,0,333333,0,absolute,node,62289,-1,1,530
66,0,0,333333,0,absolute,node,71677,-1,-1,530
67,0,0,333333,0,absolute,node,55703,-1,1,530
68,0,0,333333,0,absolute,node,120860,-1,-1,530
69,0,0,352941,0,absolute,node,185722,-1,2,530
70,0,0,352941,0,absolute,node,47894,-1,-2,530
71,0,0,352941,0,absolute,node,112767,-1,1,530
72,0,0,352941,0,absolute,node,58031,-1,-1,530
73,0,0,372549,0,absolute,node,97040,-1,3,530
74,0,0,372549,0,absolute,node,127995,-1,-3,530
75,0,0,372549,0,absolute,node,207201,-1,3,530
76,0,0,372549,0,absolute,node,139823,-1,-3,530
77,0,0,392156,0,absolute,node,151586,-1,1,530
78,0,0,392156,0,absolute,node,40635,-1,-1,530
79,0,0,392156,0,absolute,node,43350,-1,5,530
80,0,0,392156,0,absolute,node,100222,-1,-5,530
81,0,0,411764,0,absolute,node,112767,-1,1,530
82,0,0,411764,0,absolute,node,67613,-1,-1,530
83,0,0,411764,0,absolute,node,166183,-1,1,530
84,0,0,411764,0,absolute,node,185722,-1,-1,530
85,0,0,431372,0,absolute,node,207133,-1,1,530
86,0,0,431372,0,absolute,node,67613,-1,-1,530
87,0,0,431372,0,absolute,node,68391,-1,1,530
88,0,0,431372,0,absolute,node,168155,-1,-1,530
89,0,0,450980,0,absolute,node,58572,-1,1,530
90,0,0,450980,0,absolute,node,54621,-1,-1,530
91,0,0,450980,0,absolute,node,122505,-1,3,530
92,0,0,450980,0,absolute,node,68391,-1,-3,530
93,0,0,470588,0,absolute,node,206943,-1,2,530
94,0,0,470588,0,absolute,node,152321,-1,-2,530
95,0,0,470588,0,absolute,node,205098,-1,1,530
96,0,0,470588,0,absolute,node,185722,-1,-1,530
97,0,0,490196,0,absolute,node,206943,-1,3,530
98,0,0,490196,0,absolute,node,205098,-1,-3,530
99,0,0,490196,0,absolute,node,113163,-1,2,530
100,0,0,490196,0,absolute,node,95753,-1,-2,530
101,0,0,509803,0,absolute,node,127995,-1,4,530
102,0,0,509803,0,absolute,node,15693,-1,-4,530
103,0,0,509803,0,absolute,node,95753,-1,1,530
104,0,0,509803,0,absolute,node,12730,-1,-1,530
105,0,0,529411,0,absolute,node,80085,-1,1,530
106,0,0,529411,0,absolute,node,138688,-1,-1,530
107,0,0,529411,0,absolute,node,43841,-1,1,530
108,0,0,529411,0,absolute,node,161091,-1,-1,530
109,0,0,549019,0,absolute,node,37862,-1,2,530
110,0,0,549019,0,absolute,node,110914,-1,-2,530
111,0,0,549019,0,absolute,node,23046,-1,1,530
112,0,0,549019,0,absolute,node,468,-1,-1,530
113,0,0,568627,0,absolute,node,82700,-1,2,530
114,0,0,568627,0,absolute,node,166183,-1,-2,530
115,0,0,568627,0,absolute,node,3428,-1,1,530
116,0,0,568627,0,absolute,node,9996,-1,-1,530
117,0,0,588235,0,absolute,node,201407,-1,2,530
118,0,0,588235,0,absolute,node,47067,-1,-2,530
119,0,0,588235,0,absolute,node,162886,-1,1,530
120,0,0,588235,0,absolute,node,207133,-1,-1,530
121,0,0,607843,0,absolute,node,12730,-1,2,530
122,0,0,607843,0,absolute,node,75655,-1,-2,530
123,0,0,607843,0,absolute,node,5409,-1,1,530
124,0,0,607843,0,absolute,node,43350,-1,-1,530
125,0,0,627450,0,absolute,node,166183,-1,1,530
126,0,0,627450,0,absolute,node,9289,-1,-1,530
127,0,0,627450,0,absolute,node,74385,-1,3,530
128,0,0,627450,0,absolute,node,139823,-1,-3,530
129,0,0,647058,0,absolute,node,47894,-1,2,530
130,0,0,647058,0,absolute,node,5409,-1,-2,530
131,0,0,647058,0,absolute,node,73349,-1,1,530
132,0,0,647058,0,absolute,node,377,-1,-1,530
133,0,0,666666,0,absolute,node,142271,-1,2,530
134,0,0,666666,0,absolute,node,74385,-1,-2,530
135,0,0,666666,0,absolute,node,109194,-1,1,530
136,0,0,666666,0,absolute,node,151586,-1,-1,530
137,0,0,686274,0,absolute,node,149857,-1,2,530
138,0,0,686274,0,absolute,node,32772,-1,-2,530
139,0,0,686274,0,absolute,node,74312,-1,1,530
140,0,0,686274,0,absolute,node,207201,-1,-1,530
141,0,0,705882,0,absolute,node,95854,-1,3,530
142,0,0,705882,0,absolute,node,180827,-1,-3,530
143,0,0,705882,0,absolute,node,138688,-1,2,530
144,0,0,705882,0,absolute,node,164631,-1,-2,530
145,0,0,725490,0,absolute,node,166183,-1,1,530
146,0,0,725490,0,absolute,node,162886,-1,-1,530
147,0,0,725490,0,absolute,node,139823,-1,2,530
148,0,0,725490,0,absolute,node,74312,-1,-2,530
149,0,0,745098,0,absolute,node,6423,-1,1,530
150,0,0,745098,0,absolute,node,55703,-1,-1,530
151,0,0,745098,0,absolute,node,138688,-1,2,530
152,0,0,745098,0,absolute,node,58608,-1,-2,530
153,0,0,764705,0,absolute,node,127995,-1,1,530
154,0,0,764705,0,absolute,node,152840,-1,-1,530
155,0,0,764705,0,absolute,node,40635,-1,2,530
156,0,0,764705,0,absolute,node,95753,-1,-2,530
157,0,0,784313,0,absolute,node,200474,-1,3,530
158,0,0,784313,0,absolute,node,17230,-1,-3,530
159,0,0,784313,0,absolute,node,21919,-1,1,530
160,0,0,784313,0,absolute,node,197252,-1,-1,530
161,0,0,803921,0,absolute,node,138688,-1,1,530
162,0,0,803921,0,absolute,node,205098,-1,-1,530
163,0,0,803921,0,absolute,node,75655,-1,1,530
164,0,0,803921,0,absolute,node,120719,-1,-1,530
165,0,0,823529,0,absolute,node,5409,-1,3,530
166,0,0,823529,0,absolute,node,33204,-1,-3,530
167,0,0,823529,0,absolute,node,74378,-1,1,530
168,0,0,823529,0,absolute,node,9289,-1,-1,530
169,0,0,843137,0,absolute,node,127995,-1,3,530
170,0,0,843137,0,absolute,node,5409,-1,-3,530
171,0,0,843137,0,absolute,node,73349,-1,4,530
172,0,0,843137,0,absolute,node,58572,-1,-4,530
173,0,0,862745,0,absolute,node,74429,-1,1,530
174,0,0,862745,0,absolute,node,68391,-1,-1,530
175,0,0,862745,0,absolute,node,120719,-1,3,530
176,0,0,862745,0,absolute,node,32772,-1,-3,530
177,0,0,882352,0,absolute,node,75655,-1,1,530
178,0,0,882352,0,absolute,node,156486,-1,-1,530
179,0,0,882352,0,absolute,node,40635,-1,1,530
180,0,0,882352,0,absolute,node,207133,-1,-1,530
181,0,0,901960,0,absolute,node,43841,-1,1,530
182,0,0,901960,0,absolute,node,54274,-1,-1,530
183,0,0,901960,0,absolute,node,17230,-1,1,530
184,0,0,901960,0,absolute,node,23046,-1,-1,530
185,0,0,921568,0,absolute,node,58031,-1,1,530
186,0,0,921568,0,absolute,node,55703,-1,-1,530
187,0,0,921568,0,absolute,node,95753,-1,1,530
188,0,0,921568,0,absolute,node,207201,-1,-1,530
189,0,0,941176,0,absolute,node,166183,-1,1,530
190,0,0,941176,0,absolute,node,153007,-1,-1,530
191,0,0,941176,0,absolute,node,190581,-1,2,530
192,0,0,941176,0,absolute,node,110914,-1,-2,530
193,0,0,960784,0,absolute,node,185722,-1,1,530
194,0,0,960784,0,absolute,node,95854,-1,-1,530
195,0,0,960784,0,absolute,node,152840,-1,2,530
196,0,0,960784,0,absolute,node,74385,-1,-2,530
197,0,0,980392,0,absolute,node,9996,-1,2,530
198,0,0,980392,0,absolute,node,74385,-1,-2,530
199,0,0,980392,0,absolute,node,95753,-1,1,530
200,0,0,980392,0,absolute,node,54274,-1,-1,530
