changeID,absoluteTime,evaluation,bitVector,distanceEvaluation,typeOfChange,affected,affectedID1,affectedID2,change,totalAfterChange
0,0,0,0,0,,,-1,-1,0,521
1,0,0,90909,0,absolute,node,10660,-1,2,521
2,0,0,90909,0,absolute,node,5210,-1,-2,521
3,0,0,90909,0,absolute,node,10839,-1,1,521
4,0,0,90909,0,absolute,node,15343,-1,-1,521
5,0,0,90909,0,absolute,node,2573,-1,1,521
6,0,0,90909,0,absolute,node,5176,-1,-1,521
7,0,0,90909,0,absolute,node,11682,-1,4,521
8,0,0,90909,0,absolute,node,11559,-1,-4,521
9,0,0,181818,0,absolute,node,7866,-1,1,521
10,0,0,181818,0,absolute,node,3741,-1,-1,521
11,0,0,181818,0,absolute,node,8537,-1,2,521
12,0,0,181818,0,absolute,node,18252,-1,-2,521
13,0,0,181818,0,absolute,node,13955,-1,1,521
14,0,0,181818,0,absolute,node,2657,-1,-1,521
15,0,0,181818,0,absolute,node,15343,-1,3,521
16,0,0,181818,0,absolute,node,7886,-1,-3,521
17,0,0,272727,0,absolute,node,20162,-1,2,521
18,0,0,272727,0,absolute,node,6961,-1,-2,521
19,0,0,272727,0,absolute,node,9819,-1,1,521
20,0,0,272727,0,absolute,node,21030,-1,-1,521
21,0,0,272727,0,absolute,node,12819,-1,4,521
22,0,0,272727,0,absolute,node,6135,-1,-4,521
23,0,0,272727,0,absolute,node,21634,-1,3,521
24,0,0,272727,0,absolute,node,21138,-1,-3,521
25,0,0,363636,0,absolute,node,255,-1,4,521
26,0,0,363636,0,absolute,node,21138,-1,-4,521
27,0,0,363636,0,absolute,node,5210,-1,1,521
28,0,0,363636,0,absolute,node,11682,-1,-1,521
29,0,0,363636,0,absolute,node,15190,-1,1,521
30,0,0,363636,0,absolute,node,8694,-1,-1,521
31,0,0,363636,0,absolute,node,7241,-1,4,521
32,0,0,363636,0,absolute,node,18252,-1,-4,521
33,0,0,454545,0,absolute,node,2595,-1,1,521
34,0,0,454545,0,absolute,node,18112,-1,-1,521
35,0,0,454545,0,absolute,node,10176,-1,5,521
36,0,0,454545,0,absolute,node,982,-1,-5,521
37,0,0,454545,0,absolute,node,10052,-1,1,521
38,0,0,454545,0,absolute,node,8420,-1,-1,521
39,0,0,454545,0,absolute,node,13459,-1,2,521
40,0,0,454545,0,absolute,node,15343,-1,-2,521
41,0,0,545454,0,absolute,node,7748,-1,3,521
42,0,0,545454,0,absolute,node,25500,-1,-3,521
43,0,0,545454,0,absolute,node,10839,-1,3,521
44,0,0,545454,0,absolute,node,26067,-1,-3,521
45,0,0,545454,0,absolute,node,19333,-1,2,521
46,0,0,545454,0,absolute,node,10535,-1,-2,521
47,0,0,545454,0,absolute,node,5176,-1,1,521
48,0,0,545454,0,absolute,node,9998,-1,-1,521
49,0,0,636363,0,absolute,node,8537,-1,3,521
50,0,0,636363,0,absolute,node,16343,-1,-3,521
51,0,0,636363,0,absolute,node,2128,-1,3,521
52,0,0,636363,0,absolute,node,10839,-1,-3,521
53,0,0,636363,0,absolute,node,12725,-1,2,521
54,0,0,636363,0,absolute,node,2573,-1,-2,521
55,0,0,636363,0,absolute,node,21663,-1,3,521
56,0,0,636363,0,absolute,node,20162,-1,-3,521
57,0,0,727272,0,absolute,node,13693,-1,3,521
58,0,0,727272,0,absolute,node,25336,-1,-3,521
59,0,0,727272,0,absolute,node,11559,-1,2,521
60,0,0,727272,0,absolute,node,2428,-1,-2,521
61,0,0,727272,0,absolute,node,3741,-1,1,521
62,0,0,727272,0,absolute,node,21663,-1,-1,521
63,0,0,727272,0,absolute,node,16461,-1,1,521
64,0,0,727272,0,absolute,node,15638,-1,-1,521
65,0,0,818181,0,absolute,node,17860,-1,1,521
66,0,0,818181,0,absolute,node,2244,-1,-1,521
67,0,0,818181,0,absolute,node,15516,-1,4,521
68,0,0,818181,0,absolute,node,8968,-1,-4,521
69,0,0,818181,0,absolute,node,17883,-1,2,521
70,0,0,818181,0,absolute,node,22185,-1,-2,521
71,0,0,818181,0,absolute,node,15343,-1,3,521
72,0,0,818181,0,absolute,node,14706,-1,-3,521
73,0,0,909090,0,absolute,node,14706,-1,1,521
74,0,0,909090,0,absolute,node,2787,-1,-1,521
75,0,0,909090,0,absolute,node,9185,-1,1,521
76,0,0,909090,0,absolute,node,13955,-1,-1,521
77,0,0,909090,0,absolute,node,15516,-1,2,521
78,0,0,909090,0,absolute,node,10052,-1,-2,521
79,0,0,909090,0,absolute,node,26067,-1,3,521
80,0,0,909090,0,absolute,node,5210,-1,-3,521
