changeID,absoluteTime,evaluation,bitVector,distanceEvaluation,typeOfChange,affected,affectedID1,affectedID2,change,totalAfterChange
1,0,0,38461,0,absolute,node,-1,-1,-7666.85741767287,0
2,0,0,76923,0,absolute,node,-1,-1,-6523.61400052905,0
3,0,0,115384,0,absolute,node,-1,-1,-7906.62963688374,0
4,0,0,153846,0,absolute,node,-1,-1,-2316.0090520978,0
5,0,0,192307,0,absolute,node,-1,-1,631.275776773691,0
6,0,0,230769,0,absolute,node,-1,-1,-6719.62264180183,0
7,0,0,269230,0,absolute,node,-1,-1,2778.34367752075,0
8,0,0,307692,0,absolute,node,-1,-1,1028.0097015202,0
9,0,0,346153,0,absolute,node,-1,-1,-7483.07946696877,0
10,0,0,384615,0,absolute,node,-1,-1,-2154.15847301483,0
11,0,0,423076,0,absolute,node,-1,-1,5208.54028314352,0
12,0,0,461538,0,absolute,node,-1,-1,3240.64384400845,0
13,0,0,5e+05,0,absolute,node,-1,-1,-1134.66151058674,0
14,0,0,538461,0,absolute,node,-1,-1,371.13843485713,0
15,0,0,576923,0,absolute,node,-1,-1,-544.180680066347,0
16,0,0,615384,0,absolute,node,-1,-1,-6730.15612736344,0
17,0,0,653846,0,absolute,node,-1,-1,2218.57355162501,0
18,0,0,692307,0,absolute,node,-1,-1,-2768.65940541029,0
19,0,0,730769,0,absolute,node,-1,-1,1480.91457784176,0
20,0,0,769230,0,absolute,node,-1,-1,1488.17550763488,0
21,0,0,807692,0,absolute,node,-1,-1,-6554.09061908722,0
22,0,0,846153,0,absolute,node,-1,-1,-1306.16366863251,0
23,0,0,884615,0,absolute,node,-1,-1,655.336301773787,0
24,0,0,923076,0,absolute,node,-1,-1,-1392.83608272672,0
25,0,0,961538,0,absolute,node,-1,-1,1594.30735185742,0
