changeID,absoluteTime,evaluation,bitVector,distanceEvaluation,typeOfChange,affected,affectedID1,affectedID2,change,totalAfterChange
1,0,0,38461,0,absolute,node,-1,-1,2766.25951379537,0
2,0,0,76923,0,absolute,node,-1,-1,-5593.30663084984,0
3,0,0,115384,0,absolute,node,-1,-1,-1736.57991364598,0
4,0,0,153846,0,absolute,node,-1,-1,-1981.2679849565,0
5,0,0,192307,0,absolute,node,-1,-1,5484.49513688684,0
6,0,0,230769,0,absolute,node,-1,-1,-2266.86874777079,0
7,0,0,269230,0,absolute,node,-1,-1,-1910.58078035712,0
8,0,0,307692,0,absolute,node,-1,-1,6800.63165724277,0
9,0,0,346153,0,absolute,node,-1,-1,-5179.6704120934,0
10,0,0,384615,0,absolute,node,-1,-1,1413.30624371767,0
11,0,0,423076,0,absolute,node,-1,-1,-6494.56515908241,0
12,0,0,461538,0,absolute,node,-1,-1,729.751069098711,0
13,0,0,5e+05,0,absolute,node,-1,-1,-4297.34035953879,0
14,0,0,538461,0,absolute,node,-1,-1,-7766.30266010761,0
15,0,0,576923,0,absolute,node,-1,-1,3595.75860202312,0
16,0,0,615384,0,absolute,node,-1,-1,-496.323332190514,0
17,0,0,653846,0,absolute,node,-1,-1,-7775.48584714532,0
18,0,0,692307,0,absolute,node,-1,-1,7222.38187119365,0
19,0,0,730769,0,absolute,node,-1,-1,-7131.05668872595,0
20,0,0,769230,0,absolute,node,-1,-1,-7628.79888340831,0
21,0,0,807692,0,absolute,node,-1,-1,-3825.07997378707,0
22,0,0,846153,0,absolute,node,-1,-1,-7355.05278408527,0
23,0,0,884615,0,absolute,node,-1,-1,2816.68196991086,0
24,0,0,923076,0,absolute,node,-1,-1,-2833.93172174692,0
25,0,0,961538,0,absolute,node,-1,-1,-705.904625356197,0
