changeID,absoluteTime,evaluation,bitVector,distanceEvaluation,typeOfChange,affected,affectedID1,affectedID2,change,totalAfterChange
1,0,0,38461,0,absolute,node,-1,-1,5118.73751878738,0
2,0,0,76923,0,absolute,node,-1,-1,-14358.2401331514,0
3,0,0,115384,0,absolute,node,-1,-1,10993.1867010891,0
4,0,0,153846,0,absolute,node,-1,-1,-9806.47916905582,0
5,0,0,192307,0,absolute,node,-1,-1,-14319.730559364,0
6,0,0,230769,0,absolute,node,-1,-1,-13132.265098393,0
7,0,0,269230,0,absolute,node,-1,-1,-5911.35495342314,0
8,0,0,307692,0,absolute,node,-1,-1,-15311.3248106092,0
9,0,0,346153,0,absolute,node,-1,-1,-19416.2824656814,0
10,0,0,384615,0,absolute,node,-1,-1,5696.55298255384,0
11,0,0,423076,0,absolute,node,-1,-1,13108.5991300642,0
12,0,0,461538,0,absolute,node,-1,-1,15911.9261987507,0
13,0,0,5e+05,0,absolute,node,-1,-1,-18951.9116375595,0
14,0,0,538461,0,absolute,node,-1,-1,15888.4315937757,0
15,0,0,576923,0,absolute,node,-1,-1,10044.5556268096,0
16,0,0,615384,0,absolute,node,-1,-1,-15558.4660451859,0
17,0,0,653846,0,absolute,node,-1,-1,-4491.40009470284,0
18,0,0,692307,0,absolute,node,-1,-1,14561.0279031098,0
19,0,0,730769,0,absolute,node,-1,-1,11339.2806425691,0
20,0,0,769230,0,absolute,node,-1,-1,-186.441149562597,0
21,0,0,807692,0,absolute,node,-1,-1,-5979.12220284343,0
22,0,0,846153,0,absolute,node,-1,-1,-2150.11649765074,0
23,0,0,884615,0,absolute,node,-1,-1,5912.6734174788,0
24,0,0,923076,0,absolute,node,-1,-1,-6587.47339621186,0
25,0,0,961538,0,absolute,node,-1,-1,7389.88799974322,0
