changeID,absoluteTime,evaluation,bitVector,distanceEvaluation,typeOfChange,affected,affectedID1,affectedID2,change,totalAfterChange
1,0,0,19607,0,absolute,node,-1,-1,15769.204441458,0
2,0,0,39215,0,absolute,node,-1,-1,4151.21965110302,0
3,0,0,58823,0,absolute,node,-1,-1,7103.44972088933,0
4,0,0,78431,0,absolute,node,-1,-1,-6507.37590156496,0
5,0,0,98039,0,absolute,node,-1,-1,-15928.5232238472,0
6,0,0,117647,0,absolute,node,-1,-1,7536.67469136417,0
7,0,0,137254,0,absolute,node,-1,-1,-6011.25177927315,0
8,0,0,156862,0,absolute,node,-1,-1,-583.393005654216,0
9,0,0,176470,0,absolute,node,-1,-1,16199.9560706317,0
10,0,0,196078,0,absolute,node,-1,-1,-13866.2815559655,0
11,0,0,215686,0,absolute,node,-1,-1,19125.2171061933,0
12,0,0,235294,0,absolute,node,-1,-1,-9041.64214618504,0
13,0,0,254901,0,absolute,node,-1,-1,9427.27885209024,0
14,0,0,274509,0,absolute,node,-1,-1,-14563.2534753531,0
15,0,0,294117,0,absolute,node,-1,-1,-7898.54208007455,0
16,0,0,313725,0,absolute,node,-1,-1,-16089.2367456108,0
17,0,0,333333,0,absolute,node,-1,-1,-11127.2937431931,0
18,0,0,352941,0,absolute,node,-1,-1,-2582.29084312916,0
19,0,0,372549,0,absolute,node,-1,-1,-10865.4326573014,0
20,0,0,392156,0,absolute,node,-1,-1,-2779.78531084955,0
21,0,0,411764,0,absolute,node,-1,-1,12455.8236449957,0
22,0,0,431372,0,absolute,node,-1,-1,-14250.0512022525,0
23,0,0,450980,0,absolute,node,-1,-1,-11914.0471424907,0
24,0,0,470588,0,absolute,node,-1,-1,-13637.8983408213,0
25,0,0,490196,0,absolute,node,-1,-1,10269.7968576103,0
26,0,0,509803,0,absolute,node,-1,-1,-9110.72454415262,0
27,0,0,529411,0,absolute,node,-1,-1,7374.97578375041,0
28,0,0,549019,0,absolute,node,-1,-1,15475.8078139275,0
29,0,0,568627,0,absolute,node,-1,-1,365.511169657111,0
30,0,0,588235,0,absolute,node,-1,-1,14482.9545076936,0
31,0,0,607843,0,absolute,node,-1,-1,11392.4263603985,0
32,0,0,627450,0,absolute,node,-1,-1,894.600274041295,0
33,0,0,647058,0,absolute,node,-1,-1,17041.0673785955,0
34,0,0,666666,0,absolute,node,-1,-1,13449.0209724754,0
35,0,0,686274,0,absolute,node,-1,-1,5794.62804831564,0
36,0,0,705882,0,absolute,node,-1,-1,-14833.5543461144,0
37,0,0,725490,0,absolute,node,-1,-1,1861.51599511504,0
38,0,0,745098,0,absolute,node,-1,-1,-16436.1455664039,0
39,0,0,764705,0,absolute,node,-1,-1,-13204.4571265578,0
40,0,0,784313,0,absolute,node,-1,-1,-18442.4719214439,0
41,0,0,803921,0,absolute,node,-1,-1,-14276.5845358372,0
42,0,0,823529,0,absolute,node,-1,-1,-17743.9833059907,0
43,0,0,843137,0,absolute,node,-1,-1,11200.9415775537,0
44,0,0,862745,0,absolute,node,-1,-1,-7302.40302160382,0
45,0,0,882352,0,absolute,node,-1,-1,8764.84361477196,0
46,0,0,901960,0,absolute,node,-1,-1,18434.0093936771,0
47,0,0,921568,0,absolute,node,-1,-1,-11814.7343676537,0
48,0,0,941176,0,absolute,node,-1,-1,-5358.13602618873,0
49,0,0,960784,0,absolute,node,-1,-1,2914.75389152765,0
50,0,0,980392,0,absolute,node,-1,-1,-18697.2186993808,0
