changeID,absoluteTime,evaluation,bitVector,distanceEvaluation,typeOfChange,affected,affectedID1,affectedID2,change,totalAfterChange
1,0,0,38461,0,absolute,node,-1,-1,22967.2530293465,0
2,0,0,76923,0,absolute,node,-1,-1,-39887.0034888387,0
3,0,0,115384,0,absolute,node,-1,-1,-3508.83148610592,0
4,0,0,153846,0,absolute,node,-1,-1,9497.00547382236,0
5,0,0,192307,0,absolute,node,-1,-1,-30098.6490398645,0
6,0,0,230769,0,absolute,node,-1,-1,-34474.6613688767,0
7,0,0,269230,0,absolute,node,-1,-1,30488.9485426247,0
8,0,0,307692,0,absolute,node,-1,-1,-31302.8692640364,0
9,0,0,346153,0,absolute,node,-1,-1,29788.3136384189,0
10,0,0,384615,0,absolute,node,-1,-1,37272.4082879722,0
11,0,0,423076,0,absolute,node,-1,-1,28769.5659510791,0
12,0,0,461538,0,absolute,node,-1,-1,11466.6707068682,0
13,0,0,5e+05,0,absolute,node,-1,-1,-23257.5194351375,0
14,0,0,538461,0,absolute,node,-1,-1,-32236.0544092953,0
15,0,0,576923,0,absolute,node,-1,-1,29796.8493774533,0
16,0,0,615384,0,absolute,node,-1,-1,11305.3818047047,0
17,0,0,653846,0,absolute,node,-1,-1,8667.53911599517,0
18,0,0,692307,0,absolute,node,-1,-1,3569.24768537283,0
19,0,0,730769,0,absolute,node,-1,-1,-5733.82405564189,0
20,0,0,769230,0,absolute,node,-1,-1,-14863.0548454821,0
21,0,0,807692,0,absolute,node,-1,-1,-36235.2137081325,0
22,0,0,846153,0,absolute,node,-1,-1,-1536.71812266111,0
23,0,0,884615,0,absolute,node,-1,-1,9043.41533780098,0
24,0,0,923076,0,absolute,node,-1,-1,39983.9057400823,0
25,0,0,961538,0,absolute,node,-1,-1,13302.994556725,0
