changeID,absoluteTime,evaluation,bitVector,distanceEvaluation,typeOfChange,affected,affectedID1,affectedID2,change,totalAfterChange
1,0,0,38461,0,absolute,node,-1,-1,3292.58371703327,0
2,0,0,76923,0,absolute,node,-1,-1,572.456711903214,0
3,0,0,115384,0,absolute,node,-1,-1,-326.637033373117,0
4,0,0,153846,0,absolute,node,-1,-1,-3828.15265096724,0
5,0,0,192307,0,absolute,node,-1,-1,251.563249155879,0
6,0,0,230769,0,absolute,node,-1,-1,-1690.55630639195,0
7,0,0,269230,0,absolute,node,-1,-1,-2307.13306553662,0
8,0,0,307692,0,absolute,node,-1,-1,3824.56638664007,0
9,0,0,346153,0,absolute,node,-1,-1,1039.97054882348,0
10,0,0,384615,0,absolute,node,-1,-1,-1153.85214053094,0
11,0,0,423076,0,absolute,node,-1,-1,-446.743473410606,0
12,0,0,461538,0,absolute,node,-1,-1,-3334.09205265343,0
13,0,0,5e+05,0,absolute,node,-1,-1,-867.669660598039,0
14,0,0,538461,0,absolute,node,-1,-1,2136.82920113206,0
15,0,0,576923,0,absolute,node,-1,-1,398.733945563435,0
16,0,0,615384,0,absolute,node,-1,-1,1622.39001505077,0
17,0,0,653846,0,absolute,node,-1,-1,2810.27706712484,0
18,0,0,692307,0,absolute,node,-1,-1,-3177.95601673424,0
19,0,0,730769,0,absolute,node,-1,-1,1880.75254298747,0
20,0,0,769230,0,absolute,node,-1,-1,-843.931779265404,0
21,0,0,807692,0,absolute,node,-1,-1,1805.10420352221,0
22,0,0,846153,0,absolute,node,-1,-1,-3921.87090218067,0
23,0,0,884615,0,absolute,node,-1,-1,-1601.71143524349,0
24,0,0,923076,0,absolute,node,-1,-1,-1555.80312386155,0
25,0,0,961538,0,absolute,node,-1,-1,-61.3725036382673,0
