changeID,absoluteTime,evaluation,bitVector,distanceEvaluation,typeOfChange,affected,affectedID1,affectedID2,change,totalAfterChange
1,0,0,19607,0,absolute,node,-1,-1,-8162.37405873835,0
2,0,0,39215,0,absolute,node,-1,-1,-16647.692816332,0
3,0,0,58823,0,absolute,node,-1,-1,6026.56115777791,0
4,0,0,78431,0,absolute,node,-1,-1,4428.13857458532,0
5,0,0,98039,0,absolute,node,-1,-1,545.163927599788,0
6,0,0,117647,0,absolute,node,-1,-1,-1607.10618831217,0
7,0,0,137254,0,absolute,node,-1,-1,-19065.299089998,0
8,0,0,156862,0,absolute,node,-1,-1,1325.83491504192,0
9,0,0,176470,0,absolute,node,-1,-1,7587.31571957469,0
10,0,0,196078,0,absolute,node,-1,-1,-18627.9187910259,0
11,0,0,215686,0,absolute,node,-1,-1,-7831.04812726378,0
12,0,0,235294,0,absolute,node,-1,-1,-5306.11022375524,0
13,0,0,254901,0,absolute,node,-1,-1,-749.435741454363,0
14,0,0,274509,0,absolute,node,-1,-1,10819.3003758788,0
15,0,0,294117,0,absolute,node,-1,-1,-2772.13849127293,0
16,0,0,313725,0,absolute,node,-1,-1,-14030.2688442171,0
17,0,0,333333,0,absolute,node,-1,-1,-5762.25563883781,0
18,0,0,352941,0,absolute,node,-1,-1,4176.53159238398,0
19,0,0,372549,0,absolute,node,-1,-1,12009.732844308,0
20,0,0,392156,0,absolute,node,-1,-1,3154.59063276649,0
21,0,0,411764,0,absolute,node,-1,-1,-6618.66155453026,0
22,0,0,431372,0,absolute,node,-1,-1,-1553.89938503504,0
23,0,0,450980,0,absolute,node,-1,-1,-12042.9568272084,0
24,0,0,470588,0,absolute,node,-1,-1,9249.7861944139,0
25,0,0,490196,0,absolute,node,-1,-1,-2612.93820105493,0
26,0,0,509803,0,absolute,node,-1,-1,3021.50801755488,0
27,0,0,529411,0,absolute,node,-1,-1,-697.332825511694,0
28,0,0,549019,0,absolute,node,-1,-1,8207.43903517723,0
29,0,0,568627,0,absolute,node,-1,-1,-3285.67200340331,0
30,0,0,588235,0,absolute,node,-1,-1,-17770.5836854875,0
31,0,0,607843,0,absolute,node,-1,-1,7973.33238646388,0
32,0,0,627450,0,absolute,node,-1,-1,17863.5658416897,0
33,0,0,647058,0,absolute,node,-1,-1,-17355.1876097918,0
34,0,0,666666,0,absolute,node,-1,-1,19140.9307532012,0
35,0,0,686274,0,absolute,node,-1,-1,-19438.4101033211,0
36,0,0,705882,0,absolute,node,-1,-1,-7431.91433139145,0
37,0,0,725490,0,absolute,node,-1,-1,16084.2508357018,0
38,0,0,745098,0,absolute,node,-1,-1,-19944.828087464,0
39,0,0,764705,0,absolute,node,-1,-1,201.072106137872,0
40,0,0,784313,0,absolute,node,-1,-1,493.710692971945,0
41,0,0,803921,0,absolute,node,-1,-1,8397.73464947939,0
42,0,0,823529,0,absolute,node,-1,-1,4734.4068530947,0
43,0,0,843137,0,absolute,node,-1,-1,7295.71396484971,0
44,0,0,862745,0,absolute,node,-1,-1,11329.1825074703,0
45,0,0,882352,0,absolute,node,-1,-1,-6680.1895853132,0
46,0,0,901960,0,absolute,node,-1,-1,-12812.3808931559,0
47,0,0,921568,0,absolute,node,-1,-1,-8923.16001467407,0
48,0,0,941176,0,absolute,node,-1,-1,1886.34970225394,0
49,0,0,960784,0,absolute,node,-1,-1,10310.3502374142,0
50,0,0,980392,0,absolute,node,-1,-1,882.255835458636,0
