changeID,absoluteTime,evaluation,bitVector,distanceEvaluation,typeOfChange,affected,affectedID1,affectedID2,change,totalAfterChange
1,0,0,38461,0,absolute,node,-1,-1,3012.87548989058,0
2,0,0,76923,0,absolute,node,-1,-1,3062.69676610827,0
3,0,0,115384,0,absolute,node,-1,-1,3706.55903592706,0
4,0,0,153846,0,absolute,node,-1,-1,-1358.85232686996,0
5,0,0,192307,0,absolute,node,-1,-1,-1802.05867066979,0
6,0,0,230769,0,absolute,node,-1,-1,2462.51735277474,0
7,0,0,269230,0,absolute,node,-1,-1,-1576.79000869393,0
8,0,0,307692,0,absolute,node,-1,-1,-537.825001403689,0
9,0,0,346153,0,absolute,node,-1,-1,929.731044918299,0
10,0,0,384615,0,absolute,node,-1,-1,-2020.11195570231,0
11,0,0,423076,0,absolute,node,-1,-1,1423.49766567349,0
12,0,0,461538,0,absolute,node,-1,-1,-905.687971040606,0
13,0,0,5e+05,0,absolute,node,-1,-1,258.787419646979,0
14,0,0,538461,0,absolute,node,-1,-1,-3988.66889998317,0
15,0,0,576923,0,absolute,node,-1,-1,-610.452590510249,0
16,0,0,615384,0,absolute,node,-1,-1,151.343123987317,0
17,0,0,653846,0,absolute,node,-1,-1,-266.769509762526,0
18,0,0,692307,0,absolute,node,-1,-1,1281.24554827809,0
19,0,0,730769,0,absolute,node,-1,-1,-1516.91434904933,0
20,0,0,769230,0,absolute,node,-1,-1,1825.30465349555,0
21,0,0,807692,0,absolute,node,-1,-1,-3735.68247072399,0
22,0,0,846153,0,absolute,node,-1,-1,1483.22062753141,0
23,0,0,884615,0,absolute,node,-1,-1,-2011.04975491762,0
24,0,0,923076,0,absolute,node,-1,-1,1700.69144107401,0
25,0,0,961538,0,absolute,node,-1,-1,-2981.69007524848,0
