changeID,absoluteTime,evaluation,bitVector,distanceEvaluation,typeOfChange,affected,affectedID1,affectedID2,change,totalAfterChange
1,0,0,38461,0,absolute,node,-1,-1,19491.213876754,0
2,0,0,76923,0,absolute,node,-1,-1,11231.3588988036,0
3,0,0,115384,0,absolute,node,-1,-1,-17024.3639871478,0
4,0,0,153846,0,absolute,node,-1,-1,-3612.78197728097,0
5,0,0,192307,0,absolute,node,-1,-1,2723.15251640975,0
6,0,0,230769,0,absolute,node,-1,-1,-15048.071006313,0
7,0,0,269230,0,absolute,node,-1,-1,3468.69758330286,0
8,0,0,307692,0,absolute,node,-1,-1,2144.23003606498,0
9,0,0,346153,0,absolute,node,-1,-1,-6303.67279052734,0
10,0,0,384615,0,absolute,node,-1,-1,-3436.2727869302,0
11,0,0,423076,0,absolute,node,-1,-1,-7843.97419542074,0
12,0,0,461538,0,absolute,node,-1,-1,563.751347362995,0
13,0,0,5e+05,0,absolute,node,-1,-1,-11265.2878649533,0
14,0,0,538461,0,absolute,node,-1,-1,-15701.8218655139,0
15,0,0,576923,0,absolute,node,-1,-1,-7325.87805017829,0
16,0,0,615384,0,absolute,node,-1,-1,-5402.00559422374,0
17,0,0,653846,0,absolute,node,-1,-1,-19444.0506398678,0
18,0,0,692307,0,absolute,node,-1,-1,-2426.61514319479,0
19,0,0,730769,0,absolute,node,-1,-1,2312.61406093836,0
20,0,0,769230,0,absolute,node,-1,-1,12696.0390247405,0
21,0,0,807692,0,absolute,node,-1,-1,-14517.3078216612,0
22,0,0,846153,0,absolute,node,-1,-1,8844.43130344152,0
23,0,0,884615,0,absolute,node,-1,-1,-3932.55261704326,0
24,0,0,923076,0,absolute,node,-1,-1,6449.73576068878,0
25,0,0,961538,0,absolute,node,-1,-1,5851.89247503877,0
