changeID,absoluteTime,evaluation,bitVector,distanceEvaluation,typeOfChange,affected,affectedID1,affectedID2,change,totalAfterChange
1,0,0,19607,0,absolute,node,-1,-1,1524.57695454359,0
2,0,0,39215,0,absolute,node,-1,-1,-238.243907690048,0
3,0,0,58823,0,absolute,node,-1,-1,5876.32929161191,0
4,0,0,78431,0,absolute,node,-1,-1,-6203.66589352489,0
5,0,0,98039,0,absolute,node,-1,-1,-1501.15416198969,0
6,0,0,117647,0,absolute,node,-1,-1,-1024.26917850971,0
7,0,0,137254,0,absolute,node,-1,-1,-3660.39646789432,0
8,0,0,156862,0,absolute,node,-1,-1,7862.84984648228,0
9,0,0,176470,0,absolute,node,-1,-1,2940.51118940115,0
10,0,0,196078,0,absolute,node,-1,-1,-684.285461902618,0
11,0,0,215686,0,absolute,node,-1,-1,-2635.56638732553,0
12,0,0,235294,0,absolute,node,-1,-1,6859.55692827702,0
13,0,0,254901,0,absolute,node,-1,-1,-1282.1587100625,0
14,0,0,274509,0,absolute,node,-1,-1,4093.62971410155,0
15,0,0,294117,0,absolute,node,-1,-1,6566.91532209516,0
16,0,0,313725,0,absolute,node,-1,-1,2497.96057492495,0
17,0,0,333333,0,absolute,node,-1,-1,-3468.12645345926,0
18,0,0,352941,0,absolute,node,-1,-1,2232.89619758725,0
19,0,0,372549,0,absolute,node,-1,-1,-2076.7528116703,0
20,0,0,392156,0,absolute,node,-1,-1,2666.15434363484,0
21,0,0,411764,0,absolute,node,-1,-1,2858.40598866343,0
22,0,0,431372,0,absolute,node,-1,-1,-1403.0651897192,0
23,0,0,450980,0,absolute,node,-1,-1,1968.2480879128,0
24,0,0,470588,0,absolute,node,-1,-1,-4539.38984870911,0
25,0,0,490196,0,absolute,node,-1,-1,-2908.05220231414,0
26,0,0,509803,0,absolute,node,-1,-1,-5523.29571545124,0
27,0,0,529411,0,absolute,node,-1,-1,-6068.52599978447,0
28,0,0,549019,0,absolute,node,-1,-1,3529.90046143532,0
29,0,0,568627,0,absolute,node,-1,-1,1826.83105766773,0
30,0,0,588235,0,absolute,node,-1,-1,2945.41069492698,0
31,0,0,607843,0,absolute,node,-1,-1,7797.7167069912,0
32,0,0,627450,0,absolute,node,-1,-1,4582.63159543276,0
33,0,0,647058,0,absolute,node,-1,-1,-5712.89821714163,0
34,0,0,666666,0,absolute,node,-1,-1,5377.90186330676,0
35,0,0,686274,0,absolute,node,-1,-1,7367.57821217179,0
36,0,0,705882,0,absolute,node,-1,-1,3944.61999088526,0
37,0,0,725490,0,absolute,node,-1,-1,5045.36867886782,0
38,0,0,745098,0,absolute,node,-1,-1,5112.91068792343,0
39,0,0,764705,0,absolute,node,-1,-1,6373.7640529871,0
40,0,0,784313,0,absolute,node,-1,-1,-4157.12090209126,0
41,0,0,803921,0,absolute,node,-1,-1,7953.94281670451,0
42,0,0,823529,0,absolute,node,-1,-1,6253.32436338067,0
43,0,0,843137,0,absolute,node,-1,-1,-2665.61323031783,0
44,0,0,862745,0,absolute,node,-1,-1,804.699514061212,0
45,0,0,882352,0,absolute,node,-1,-1,-282.666128128767,0
46,0,0,901960,0,absolute,node,-1,-1,-6576.32634788752,0
47,0,0,921568,0,absolute,node,-1,-1,-1483.9506521821,0
48,0,0,941176,0,absolute,node,-1,-1,3951.58215239644,0
49,0,0,960784,0,absolute,node,-1,-1,-5045.75708135962,0
50,0,0,980392,0,absolute,node,-1,-1,-1870.41216343641,0
