changeID,absoluteTime,evaluation,bitVector,distanceEvaluation,typeOfChange,affected,affectedID1,affectedID2,change,totalAfterChange
1,0,0,38461,0,absolute,node,-1,-1,869.137797504663,0
2,0,0,76923,0,absolute,node,-1,-1,1532.48832933605,0
3,0,0,115384,0,absolute,node,-1,-1,-1282.79963321984,0
4,0,0,153846,0,absolute,node,-1,-1,3379.73139248788,0
5,0,0,192307,0,absolute,node,-1,-1,-3006.51873089373,0
6,0,0,230769,0,absolute,node,-1,-1,2303.02629061043,0
7,0,0,269230,0,absolute,node,-1,-1,-3585.81178076565,0
8,0,0,307692,0,absolute,node,-1,-1,778.945473954081,0
9,0,0,346153,0,absolute,node,-1,-1,2718.02691929042,0
10,0,0,384615,0,absolute,node,-1,-1,-1721.58097103238,0
11,0,0,423076,0,absolute,node,-1,-1,2315.10965898633,0
12,0,0,461538,0,absolute,node,-1,-1,3435.66778488457,0
13,0,0,5e+05,0,absolute,node,-1,-1,-2648.54612387717,0
14,0,0,538461,0,absolute,node,-1,-1,3446.6406237334,0
15,0,0,576923,0,absolute,node,-1,-1,834.550011903047,0
16,0,0,615384,0,absolute,node,-1,-1,1179.30520512164,0
17,0,0,653846,0,absolute,node,-1,-1,-1656.11865371466,0
18,0,0,692307,0,absolute,node,-1,-1,-142.411235719919,0
19,0,0,730769,0,absolute,node,-1,-1,-941.079217940569,0
20,0,0,769230,0,absolute,node,-1,-1,-2572.67537899315,0
21,0,0,807692,0,absolute,node,-1,-1,531.790299341083,0
22,0,0,846153,0,absolute,node,-1,-1,2497.89568968117,0
23,0,0,884615,0,absolute,node,-1,-1,-1832.38652721047,0
24,0,0,923076,0,absolute,node,-1,-1,3394.67138983309,0
25,0,0,961538,0,absolute,node,-1,-1,1463.02860975265,0
