changeID,absoluteTime,evaluation,bitVector,distanceEvaluation,typeOfChange,affected,affectedID1,affectedID2,change,totalAfterChange
1,0,0,19607,0,absolute,node,-1,-1,549.655627459288,0
2,0,0,39215,0,absolute,node,-1,-1,5021.37212827802,0
3,0,0,58823,0,absolute,node,-1,-1,-6220.3233204782,0
4,0,0,78431,0,absolute,node,-1,-1,7822.02111184597,0
5,0,0,98039,0,absolute,node,-1,-1,-723.607826977968,0
6,0,0,117647,0,absolute,node,-1,-1,992.297373712063,0
7,0,0,137254,0,absolute,node,-1,-1,164.185538887978,0
8,0,0,156862,0,absolute,node,-1,-1,-2643.57059821486,0
9,0,0,176470,0,absolute,node,-1,-1,5210.22967994213,0
10,0,0,196078,0,absolute,node,-1,-1,2078.86966317892,0
11,0,0,215686,0,absolute,node,-1,-1,6813.19127604365,0
12,0,0,235294,0,absolute,node,-1,-1,1397.07956463099,0
13,0,0,254901,0,absolute,node,-1,-1,-6967.60815754533,0
14,0,0,274509,0,absolute,node,-1,-1,3129.34725359082,0
15,0,0,294117,0,absolute,node,-1,-1,-6241.04746803641,0
16,0,0,313725,0,absolute,node,-1,-1,-4972.53125905991,0
17,0,0,333333,0,absolute,node,-1,-1,6540.98806157708,0
18,0,0,352941,0,absolute,node,-1,-1,3567.11234524846,0
19,0,0,372549,0,absolute,node,-1,-1,564.569223672151,0
20,0,0,392156,0,absolute,node,-1,-1,1072.64845073223,0
21,0,0,411764,0,absolute,node,-1,-1,-1417.51914843917,0
22,0,0,431372,0,absolute,node,-1,-1,-2954.53780516982,0
23,0,0,450980,0,absolute,node,-1,-1,5267.98462495208,0
24,0,0,470588,0,absolute,node,-1,-1,-39.9542152881627,0
25,0,0,490196,0,absolute,node,-1,-1,1372.28630855679,0
26,0,0,509803,0,absolute,node,-1,-1,-5225.17078742385,0
27,0,0,529411,0,absolute,node,-1,-1,-3024.10742640495,0
28,0,0,549019,0,absolute,node,-1,-1,-1533.54769572616,0
29,0,0,568627,0,absolute,node,-1,-1,-5892.78615266085,0
30,0,0,588235,0,absolute,node,-1,-1,2901.46547555924,0
31,0,0,607843,0,absolute,node,-1,-1,-6621.23902887106,0
32,0,0,627450,0,absolute,node,-1,-1,4059.22224000096,0
33,0,0,647058,0,absolute,node,-1,-1,560.250401496887,0
34,0,0,666666,0,absolute,node,-1,-1,-5190.85903465748,0
35,0,0,686274,0,absolute,node,-1,-1,6848.11477735639,0
36,0,0,705882,0,absolute,node,-1,-1,2774.42647516728,0
37,0,0,725490,0,absolute,node,-1,-1,230.190515518188,0
38,0,0,745098,0,absolute,node,-1,-1,240.207131952047,0
39,0,0,764705,0,absolute,node,-1,-1,-2718.50211173296,0
40,0,0,784313,0,absolute,node,-1,-1,-6932.80590325594,0
41,0,0,803921,0,absolute,node,-1,-1,-6890.8068574965,0
42,0,0,823529,0,absolute,node,-1,-1,1709.49622243643,0
43,0,0,843137,0,absolute,node,-1,-1,4532.15484321117,0
44,0,0,862745,0,absolute,node,-1,-1,6647.99255132675,0
45,0,0,882352,0,absolute,node,-1,-1,-7464.29516747594,0
46,0,0,901960,0,absolute,node,-1,-1,-7803.84919047356,0
47,0,0,921568,0,absolute,node,-1,-1,4392.84907281399,0
48,0,0,941176,0,absolute,node,-1,-1,5624.92335215211,0
49,0,0,960784,0,absolute,node,-1,-1,6892.53136515617,0
50,0,0,980392,0,absolute,node,-1,-1,645.546834915877,0
