changeID,absoluteTime,evaluation,bitVector,distanceEvaluation,typeOfChange,affected,affectedID1,affectedID2,change,totalAfterChange
1,0,0,38461,0,absolute,node,-1,-1,-3242.90047585964,0
2,0,0,76923,0,absolute,node,-1,-1,-4244.11481246352,0
3,0,0,115384,0,absolute,node,-1,-1,7975.99302232266,0
4,0,0,153846,0,absolute,node,-1,-1,-4387.18819245696,0
5,0,0,192307,0,absolute,node,-1,-1,1387.44216412306,0
6,0,0,230769,0,absolute,node,-1,-1,-2265.05646854639,0
7,0,0,269230,0,absolute,node,-1,-1,-1919.1759750247,0
8,0,0,307692,0,absolute,node,-1,-1,-1700.0112645328,0
9,0,0,346153,0,absolute,node,-1,-1,6649.18825030327,0
10,0,0,384615,0,absolute,node,-1,-1,-7015.41778072715,0
11,0,0,423076,0,absolute,node,-1,-1,309.469707310199,0
12,0,0,461538,0,absolute,node,-1,-1,2976.68512910604,0
13,0,0,5e+05,0,absolute,node,-1,-1,-4544.22341659665,0
14,0,0,538461,0,absolute,node,-1,-1,-4596.11070528626,0
15,0,0,576923,0,absolute,node,-1,-1,5046.26822844148,0
16,0,0,615384,0,absolute,node,-1,-1,411.836251616478,0
17,0,0,653846,0,absolute,node,-1,-1,-4564.36400860548,0
18,0,0,692307,0,absolute,node,-1,-1,-2615.04065990448,0
19,0,0,730769,0,absolute,node,-1,-1,-3467.0783020556,0
20,0,0,769230,0,absolute,node,-1,-1,2968.95216032863,0
21,0,0,807692,0,absolute,node,-1,-1,6136.36324927211,0
22,0,0,846153,0,absolute,node,-1,-1,7779.91985529661,0
23,0,0,884615,0,absolute,node,-1,-1,1002.49863788486,0
24,0,0,923076,0,absolute,node,-1,-1,6038.97109627724,0
25,0,0,961538,0,absolute,node,-1,-1,-3611.64239048958,0
