changeID,absoluteTime,evaluation,bitVector,distanceEvaluation,typeOfChange,affected,affectedID1,affectedID2,change,totalAfterChange
1,0,0,19607,0,absolute,node,-1,-1,-8366.90540425479,0
2,0,0,39215,0,absolute,node,-1,-1,-4596.60623222589,0
3,0,0,58823,0,absolute,node,-1,-1,16015.9971099347,0
4,0,0,78431,0,absolute,node,-1,-1,12275.252379477,0
5,0,0,98039,0,absolute,node,-1,-1,8610.15071161091,0
6,0,0,117647,0,absolute,node,-1,-1,4913.36166858673,0
7,0,0,137254,0,absolute,node,-1,-1,-5606.93148523569,0
8,0,0,156862,0,absolute,node,-1,-1,12878.6424919963,0
9,0,0,176470,0,absolute,node,-1,-1,12887.7468872815,0
10,0,0,196078,0,absolute,node,-1,-1,6594.79885362089,0
11,0,0,215686,0,absolute,node,-1,-1,-9812.98850849271,0
12,0,0,235294,0,absolute,node,-1,-1,6438.73478285968,0
13,0,0,254901,0,absolute,node,-1,-1,4105.55031150579,0
14,0,0,274509,0,absolute,node,-1,-1,-9630.14879263937,0
15,0,0,294117,0,absolute,node,-1,-1,-1993.55218559504,0
16,0,0,313725,0,absolute,node,-1,-1,-16428.9559517056,0
17,0,0,333333,0,absolute,node,-1,-1,15244.7417099029,0
18,0,0,352941,0,absolute,node,-1,-1,-16807.5011577457,0
19,0,0,372549,0,absolute,node,-1,-1,17471.6487247497,0
20,0,0,392156,0,absolute,node,-1,-1,7554.14258688688,0
21,0,0,411764,0,absolute,node,-1,-1,-3448.77021387219,0
22,0,0,431372,0,absolute,node,-1,-1,9092.01762638986,0
23,0,0,450980,0,absolute,node,-1,-1,8103.67961414158,0
24,0,0,470588,0,absolute,node,-1,-1,3749.50561672449,0
25,0,0,490196,0,absolute,node,-1,-1,-908.397985622287,0
26,0,0,509803,0,absolute,node,-1,-1,-7140.20223356783,0
27,0,0,529411,0,absolute,node,-1,-1,-12071.600407362,0
28,0,0,549019,0,absolute,node,-1,-1,1131.88920542598,0
29,0,0,568627,0,absolute,node,-1,-1,-8208.96572433412,0
30,0,0,588235,0,absolute,node,-1,-1,16304.0665071458,0
31,0,0,607843,0,absolute,node,-1,-1,17402.9389861971,0
32,0,0,627450,0,absolute,node,-1,-1,5688.26977163553,0
33,0,0,647058,0,absolute,node,-1,-1,1690.10720215738,0
34,0,0,666666,0,absolute,node,-1,-1,-10534.0335704386,0
35,0,0,686274,0,absolute,node,-1,-1,16649.3335552514,0
36,0,0,705882,0,absolute,node,-1,-1,344.956750050187,0
37,0,0,725490,0,absolute,node,-1,-1,1740.78830517828,0
38,0,0,745098,0,absolute,node,-1,-1,5509.80470143259,0
39,0,0,764705,0,absolute,node,-1,-1,-9422.6704724133,0
40,0,0,784313,0,absolute,node,-1,-1,-612.805420532823,0
41,0,0,803921,0,absolute,node,-1,-1,12493.6779215932,0
42,0,0,823529,0,absolute,node,-1,-1,-6293.28039474785,0
43,0,0,843137,0,absolute,node,-1,-1,-10444.6884896606,0
44,0,0,862745,0,absolute,node,-1,-1,-16528.8116503507,0
45,0,0,882352,0,absolute,node,-1,-1,11837.2036423534,0
46,0,0,901960,0,absolute,node,-1,-1,-12946.0465908051,0
47,0,0,921568,0,absolute,node,-1,-1,-9741.73770286143,0
48,0,0,941176,0,absolute,node,-1,-1,14000.2430602908,0
49,0,0,960784,0,absolute,node,-1,-1,-6002.88006477058,0
50,0,0,980392,0,absolute,node,-1,-1,14389.2812076956,0
