changeID,absoluteTime,evaluation,bitVector,distanceEvaluation,typeOfChange,affected,affectedID1,affectedID2,change,totalAfterChange
1,0,0,19607,0,absolute,node,-1,-1,-9701.19589939713,0
2,0,0,39215,0,absolute,node,-1,-1,-30092.0497626066,0
3,0,0,58823,0,absolute,node,-1,-1,38722.1265770495,0
4,0,0,78431,0,absolute,node,-1,-1,-316.45517796278,0
5,0,0,98039,0,absolute,node,-1,-1,24541.3186401129,0
6,0,0,117647,0,absolute,node,-1,-1,-13083.7535113096,0
7,0,0,137254,0,absolute,node,-1,-1,-18885.8760520816,0
8,0,0,156862,0,absolute,node,-1,-1,7339.09191563725,0
9,0,0,176470,0,absolute,node,-1,-1,-33227.4132780731,0
10,0,0,196078,0,absolute,node,-1,-1,-23044.611569494,0
11,0,0,215686,0,absolute,node,-1,-1,14452.5525160134,0
12,0,0,235294,0,absolute,node,-1,-1,28492.0234233141,0
13,0,0,254901,0,absolute,node,-1,-1,-20488.4357750416,0
14,0,0,274509,0,absolute,node,-1,-1,388.865564018488,0
15,0,0,294117,0,absolute,node,-1,-1,-34048.2529252768,0
16,0,0,313725,0,absolute,node,-1,-1,34499.8646900058,0
17,0,0,333333,0,absolute,node,-1,-1,26799.5770089328,0
18,0,0,352941,0,absolute,node,-1,-1,29044.9589118361,0
19,0,0,372549,0,absolute,node,-1,-1,-16782.6168239117,0
20,0,0,392156,0,absolute,node,-1,-1,13435.4266710579,0
21,0,0,411764,0,absolute,node,-1,-1,-9095.40941938758,0
22,0,0,431372,0,absolute,node,-1,-1,-10717.3913531005,0
23,0,0,450980,0,absolute,node,-1,-1,-14577.8660476208,0
24,0,0,470588,0,absolute,node,-1,-1,5440.48245996237,0
25,0,0,490196,0,absolute,node,-1,-1,12240.5217774212,0
26,0,0,509803,0,absolute,node,-1,-1,-940.555054694414,0
27,0,0,529411,0,absolute,node,-1,-1,37979.3125391006,0
28,0,0,549019,0,absolute,node,-1,-1,-35989.6097704768,0
29,0,0,568627,0,absolute,node,-1,-1,-21851.6983836889,0
30,0,0,588235,0,absolute,node,-1,-1,26931.0666061938,0
31,0,0,607843,0,absolute,node,-1,-1,-17157.0634655654,0
32,0,0,627450,0,absolute,node,-1,-1,-27754.6777389944,0
33,0,0,647058,0,absolute,node,-1,-1,-19320.1385997236,0
34,0,0,666666,0,absolute,node,-1,-1,39927.8811737895,0
35,0,0,686274,0,absolute,node,-1,-1,26050.8286207914,0
36,0,0,705882,0,absolute,node,-1,-1,29593.9827151597,0
37,0,0,725490,0,absolute,node,-1,-1,-3004.86797466874,0
38,0,0,745098,0,absolute,node,-1,-1,-26890.7954357564,0
39,0,0,764705,0,absolute,node,-1,-1,-11919.7550229728,0
40,0,0,784313,0,absolute,node,-1,-1,29817.7971504629,0
41,0,0,803921,0,absolute,node,-1,-1,8141.55489206314,0
42,0,0,823529,0,absolute,node,-1,-1,-36650.4448093474,0
43,0,0,843137,0,absolute,node,-1,-1,30841.7325280607,0
44,0,0,862745,0,absolute,node,-1,-1,-10816.4948970079,0
45,0,0,882352,0,absolute,node,-1,-1,5178.23532223701,0
46,0,0,901960,0,absolute,node,-1,-1,11208.4947526455,0
47,0,0,921568,0,absolute,node,-1,-1,-8866.86742305756,0
48,0,0,941176,0,absolute,node,-1,-1,-22427.622191608,0
49,0,0,960784,0,absolute,node,-1,-1,29463.2695615292,0
50,0,0,980392,0,absolute,node,-1,-1,-1876.0664947331,0
