changeID,absoluteTime,evaluation,bitVector,distanceEvaluation,typeOfChange,affected,affectedID1,affectedID2,change,totalAfterChange
1,0,0,38461,0,absolute,node,-1,-1,20177.3060671985,0
2,0,0,76923,0,absolute,node,-1,-1,-19759.8069906235,0
3,0,0,115384,0,absolute,node,-1,-1,10590.2492068708,0
4,0,0,153846,0,absolute,node,-1,-1,21477.8801985085,0
5,0,0,192307,0,absolute,node,-1,-1,-4584.3705534935,0
6,0,0,230769,0,absolute,node,-1,-1,32224.2004424334,0
7,0,0,269230,0,absolute,node,-1,-1,23401.8432721496,0
8,0,0,307692,0,absolute,node,-1,-1,20299.3733622134,0
9,0,0,346153,0,absolute,node,-1,-1,-36685.5803132057,0
10,0,0,384615,0,absolute,node,-1,-1,18941.8048597872,0
11,0,0,423076,0,absolute,node,-1,-1,-16970.2815823257,0
12,0,0,461538,0,absolute,node,-1,-1,-33480.5668704212,0
13,0,0,5e+05,0,absolute,node,-1,-1,-3286.12005338073,0
14,0,0,538461,0,absolute,node,-1,-1,36114.9522289634,0
15,0,0,576923,0,absolute,node,-1,-1,-26018.0516727269,0
16,0,0,615384,0,absolute,node,-1,-1,-34063.3924677968,0
17,0,0,653846,0,absolute,node,-1,-1,30116.428732872,0
18,0,0,692307,0,absolute,node,-1,-1,-37885.5105675757,0
19,0,0,730769,0,absolute,node,-1,-1,30828.5338431597,0
20,0,0,769230,0,absolute,node,-1,-1,-2905.94844147563,0
21,0,0,807692,0,absolute,node,-1,-1,14440.4096156359,0
22,0,0,846153,0,absolute,node,-1,-1,-30130.7827979326,0
23,0,0,884615,0,absolute,node,-1,-1,25759.3888044357,0
24,0,0,923076,0,absolute,node,-1,-1,-2284.49931368232,0
25,0,0,961538,0,absolute,node,-1,-1,2547.43875935674,0
