changeID,absoluteTime,evaluation,bitVector,distanceEvaluation,typeOfChange,affected,affectedID1,affectedID2,change,totalAfterChange
1,0,0,19607,0,absolute,node,-1,-1,-2265.85920155048,0
2,0,0,39215,0,absolute,node,-1,-1,-2786.79213486612,0
3,0,0,58823,0,absolute,node,-1,-1,2046.54933325946,0
4,0,0,78431,0,absolute,node,-1,-1,1554.9174696207,0
5,0,0,98039,0,absolute,node,-1,-1,-931.486187502742,0
6,0,0,117647,0,absolute,node,-1,-1,2930.40364049375,0
7,0,0,137254,0,absolute,node,-1,-1,-1110.13968661427,0
8,0,0,156862,0,absolute,node,-1,-1,2018.24972778559,0
9,0,0,176470,0,absolute,node,-1,-1,2941.11209735274,0
10,0,0,196078,0,absolute,node,-1,-1,403.886292129755,0
11,0,0,215686,0,absolute,node,-1,-1,-537.045910954476,0
12,0,0,235294,0,absolute,node,-1,-1,-2824.11860115826,0
13,0,0,254901,0,absolute,node,-1,-1,-3093.81679259241,0
14,0,0,274509,0,absolute,node,-1,-1,-1200.86527615786,0
15,0,0,294117,0,absolute,node,-1,-1,-214.976893737912,0
16,0,0,313725,0,absolute,node,-1,-1,-2535.77968291938,0
17,0,0,333333,0,absolute,node,-1,-1,-3861.53271794319,0
18,0,0,352941,0,absolute,node,-1,-1,-2533.51113758981,0
19,0,0,372549,0,absolute,node,-1,-1,2967.89859421551,0
20,0,0,392156,0,absolute,node,-1,-1,2245.81093527377,0
21,0,0,411764,0,absolute,node,-1,-1,3123.2185587287,0
22,0,0,431372,0,absolute,node,-1,-1,1940.91616943479,0
23,0,0,450980,0,absolute,node,-1,-1,544.300859794021,0
24,0,0,470588,0,absolute,node,-1,-1,1023.14343862236,0
25,0,0,490196,0,absolute,node,-1,-1,766.89019612968,0
26,0,0,509803,0,absolute,node,-1,-1,542.799845337868,0
27,0,0,529411,0,absolute,node,-1,-1,-1125.73545984924,0
28,0,0,549019,0,absolute,node,-1,-1,1157.23544918001,0
29,0,0,568627,0,absolute,node,-1,-1,-706.23929798603,0
30,0,0,588235,0,absolute,node,-1,-1,3038.37560303509,0
31,0,0,607843,0,absolute,node,-1,-1,2847.14132361114,0
32,0,0,627450,0,absolute,node,-1,-1,-2898.4067607671,0
33,0,0,647058,0,absolute,node,-1,-1,-1336.17485128343,0
34,0,0,666666,0,absolute,node,-1,-1,-1485.18128879368,0
35,0,0,686274,0,absolute,node,-1,-1,3046.68555781245,0
36,0,0,705882,0,absolute,node,-1,-1,-153.933115303516,0
37,0,0,725490,0,absolute,node,-1,-1,-3854.62057590485,0
38,0,0,745098,0,absolute,node,-1,-1,517.946310341358,0
39,0,0,764705,0,absolute,node,-1,-1,-3814.896017313,0
40,0,0,784313,0,absolute,node,-1,-1,-239.067757502198,0
41,0,0,803921,0,absolute,node,-1,-1,2240.8251259476,0
42,0,0,823529,0,absolute,node,-1,-1,2105.57435825467,0
43,0,0,843137,0,absolute,node,-1,-1,2618.68094466627,0
44,0,0,862745,0,absolute,node,-1,-1,812.560301274061,0
45,0,0,882352,0,absolute,node,-1,-1,2732.65728913248,0
46,0,0,901960,0,absolute,node,-1,-1,3109.50007103384,0
47,0,0,921568,0,absolute,node,-1,-1,844.575447961688,0
48,0,0,941176,0,absolute,node,-1,-1,120.05390971899,0
49,0,0,960784,0,absolute,node,-1,-1,1163.0882434547,0
50,0,0,980392,0,absolute,node,-1,-1,-675.416445359588,0
