changeID,absoluteTime,evaluation,bitVector,distanceEvaluation,typeOfChange,affected,affectedID1,affectedID2,change,totalAfterChange
1,0,0,19607,0,absolute,node,-1,-1,-5283.77827256918,0
2,0,0,39215,0,absolute,node,-1,-1,5884.04204696417,0
3,0,0,58823,0,absolute,node,-1,-1,-18318.0607482791,0
4,0,0,78431,0,absolute,node,-1,-1,16203.869022429,0
5,0,0,98039,0,absolute,node,-1,-1,-13535.5183761567,0
6,0,0,117647,0,absolute,node,-1,-1,885.72227396071,0
7,0,0,137254,0,absolute,node,-1,-1,10779.7073572874,0
8,0,0,156862,0,absolute,node,-1,-1,6743.95545385778,0
9,0,0,176470,0,absolute,node,-1,-1,8307.0411067456,0
10,0,0,196078,0,absolute,node,-1,-1,-6352.67227888107,0
11,0,0,215686,0,absolute,node,-1,-1,-6902.23942510784,0
12,0,0,235294,0,absolute,node,-1,-1,-2361.40418797731,0
13,0,0,254901,0,absolute,node,-1,-1,-7241.26757122576,0
14,0,0,274509,0,absolute,node,-1,-1,15082.0514652878,0
15,0,0,294117,0,absolute,node,-1,-1,-13972.9134738445,0
16,0,0,313725,0,absolute,node,-1,-1,-10573.4834913164,0
17,0,0,333333,0,absolute,node,-1,-1,-11444.1686775535,0
18,0,0,352941,0,absolute,node,-1,-1,-14856.4975801855,0
19,0,0,372549,0,absolute,node,-1,-1,-14613.675000146,0
20,0,0,392156,0,absolute,node,-1,-1,12185.6386587024,0
21,0,0,411764,0,absolute,node,-1,-1,-635.641049593687,0
22,0,0,431372,0,absolute,node,-1,-1,18806.1171211302,0
23,0,0,450980,0,absolute,node,-1,-1,-4308.91968309879,0
24,0,0,470588,0,absolute,node,-1,-1,-16864.3783126026,0
25,0,0,490196,0,absolute,node,-1,-1,-1814.42374363542,0
26,0,0,509803,0,absolute,node,-1,-1,-12134.5611941069,0
27,0,0,529411,0,absolute,node,-1,-1,15346.0508398712,0
28,0,0,549019,0,absolute,node,-1,-1,560.006871819496,0
29,0,0,568627,0,absolute,node,-1,-1,-6040.3661057353,0
30,0,0,588235,0,absolute,node,-1,-1,12306.466056034,0
31,0,0,607843,0,absolute,node,-1,-1,5740.41591957211,0
32,0,0,627450,0,absolute,node,-1,-1,-12330.8156710118,0
33,0,0,647058,0,absolute,node,-1,-1,-19012.2141130269,0
34,0,0,666666,0,absolute,node,-1,-1,17379.5884195715,0
35,0,0,686274,0,absolute,node,-1,-1,-11807.9063203186,0
36,0,0,705882,0,absolute,node,-1,-1,-4675.07792636752,0
37,0,0,725490,0,absolute,node,-1,-1,1716.46773815155,0
38,0,0,745098,0,absolute,node,-1,-1,-8425.03988184035,0
39,0,0,764705,0,absolute,node,-1,-1,879.182713106275,0
40,0,0,784313,0,absolute,node,-1,-1,2487.16639354825,0
41,0,0,803921,0,absolute,node,-1,-1,13854.6231389046,0
42,0,0,823529,0,absolute,node,-1,-1,-8229.87928986549,0
43,0,0,843137,0,absolute,node,-1,-1,17068.3259051293,0
44,0,0,862745,0,absolute,node,-1,-1,16267.596045509,0
45,0,0,882352,0,absolute,node,-1,-1,-19065.0237258524,0
46,0,0,901960,0,absolute,node,-1,-1,19658.3127882332,0
47,0,0,921568,0,absolute,node,-1,-1,-162.742827087641,0
48,0,0,941176,0,absolute,node,-1,-1,8962.14949898422,0
49,0,0,960784,0,absolute,node,-1,-1,5955.8418020606,0
50,0,0,980392,0,absolute,node,-1,-1,-8404.24172580242,0
