changeID,absoluteTime,evaluation,bitVector,distanceEvaluation,typeOfChange,affected,affectedID1,affectedID2,change,totalAfterChange
1,0,0,19607,0,absolute,node,-1,-1,-4864.63602632284,0
2,0,0,39215,0,absolute,node,-1,-1,-36603.6756150424,0
3,0,0,58823,0,absolute,node,-1,-1,-5734.00493711233,0
4,0,0,78431,0,absolute,node,-1,-1,14211.4903591573,0
5,0,0,98039,0,absolute,node,-1,-1,-15890.4533833265,0
6,0,0,117647,0,absolute,node,-1,-1,13330.4461836815,0
7,0,0,137254,0,absolute,node,-1,-1,-39561.4560507238,0
8,0,0,156862,0,absolute,node,-1,-1,-4577.89188250899,0
9,0,0,176470,0,absolute,node,-1,-1,39591.6632562876,0
10,0,0,196078,0,absolute,node,-1,-1,-19388.3488886058,0
11,0,0,215686,0,absolute,node,-1,-1,-14627.9938332736,0
12,0,0,235294,0,absolute,node,-1,-1,-3200.78505203128,0
13,0,0,254901,0,absolute,node,-1,-1,27462.3835831881,0
14,0,0,274509,0,absolute,node,-1,-1,433.698110282421,0
15,0,0,294117,0,absolute,node,-1,-1,-5256.6590346396,0
16,0,0,313725,0,absolute,node,-1,-1,-19233.5473746061,0
17,0,0,333333,0,absolute,node,-1,-1,-483.90282317996,0
18,0,0,352941,0,absolute,node,-1,-1,11507.8679844737,0
19,0,0,372549,0,absolute,node,-1,-1,458.55151489377,0
20,0,0,392156,0,absolute,node,-1,-1,-16651.8233530223,0
21,0,0,411764,0,absolute,node,-1,-1,26013.0384750664,0
22,0,0,431372,0,absolute,node,-1,-1,3390.71175083518,0
23,0,0,450980,0,absolute,node,-1,-1,38507.6167993248,0
24,0,0,470588,0,absolute,node,-1,-1,-4182.02623724937,0
25,0,0,490196,0,absolute,node,-1,-1,-33223.150074482,0
26,0,0,509803,0,absolute,node,-1,-1,-28820.2199712396,0
27,0,0,529411,0,absolute,node,-1,-1,28726.5122495592,0
28,0,0,549019,0,absolute,node,-1,-1,4657.80759230256,0
29,0,0,568627,0,absolute,node,-1,-1,8709.62845161557,0
30,0,0,588235,0,absolute,node,-1,-1,-9079.76076006889,0
31,0,0,607843,0,absolute,node,-1,-1,11610.2328710258,0
32,0,0,627450,0,absolute,node,-1,-1,20626.6055069864,0
33,0,0,647058,0,absolute,node,-1,-1,37022.7491483092,0
34,0,0,666666,0,absolute,node,-1,-1,-26250.6245821714,0
35,0,0,686274,0,absolute,node,-1,-1,36899.3655405939,0
36,0,0,705882,0,absolute,node,-1,-1,-26425.9265549481,0
37,0,0,725490,0,absolute,node,-1,-1,12197.6334787905,0
38,0,0,745098,0,absolute,node,-1,-1,11105.2010580897,0
39,0,0,764705,0,absolute,node,-1,-1,-10195.2189579606,0
40,0,0,784313,0,absolute,node,-1,-1,-4866.01488664746,0
41,0,0,803921,0,absolute,node,-1,-1,-23445.6531144679,0
42,0,0,823529,0,absolute,node,-1,-1,26538.3609011769,0
43,0,0,843137,0,absolute,node,-1,-1,7427.57230997086,0
44,0,0,862745,0,absolute,node,-1,-1,-13006.7945085466,0
45,0,0,882352,0,absolute,node,-1,-1,-5643.37123185396,0
46,0,0,901960,0,absolute,node,-1,-1,13773.2040137053,0
47,0,0,921568,0,absolute,node,-1,-1,10252.9385499656,0
48,0,0,941176,0,absolute,node,-1,-1,-24371.2448887527,0
49,0,0,960784,0,absolute,node,-1,-1,19292.5727181137,0
50,0,0,980392,0,absolute,node,-1,-1,-12892.2395780683,0
