changeID,absoluteTime,evaluation,bitVector,distanceEvaluation,typeOfChange,affected,affectedID1,affectedID2,change,totalAfterChange
1,0,0,19607,0,absolute,node,-1,-1,2886.71576976776,0
2,0,0,39215,0,absolute,node,-1,-1,6159.36983376741,0
3,0,0,58823,0,absolute,node,-1,-1,-4738.05578798056,0
4,0,0,78431,0,absolute,node,-1,-1,-4185.41561812162,0
5,0,0,98039,0,absolute,node,-1,-1,-3830.28253167868,0
6,0,0,117647,0,absolute,node,-1,-1,2108.91372710466,0
7,0,0,137254,0,absolute,node,-1,-1,135.497260838747,0
8,0,0,156862,0,absolute,node,-1,-1,6468.51852908731,0
9,0,0,176470,0,absolute,node,-1,-1,4063.41319903731,0
10,0,0,196078,0,absolute,node,-1,-1,-4568.53124126792,0
11,0,0,215686,0,absolute,node,-1,-1,-4563.87540325522,0
12,0,0,235294,0,absolute,node,-1,-1,-702.757000923157,0
13,0,0,254901,0,absolute,node,-1,-1,-737.372230738401,0
14,0,0,274509,0,absolute,node,-1,-1,5657.73807838559,0
15,0,0,294117,0,absolute,node,-1,-1,-4647.57460728288,0
16,0,0,313725,0,absolute,node,-1,-1,6046.78320512176,0
17,0,0,333333,0,absolute,node,-1,-1,3468.44179555774,0
18,0,0,352941,0,absolute,node,-1,-1,7498.85301291943,0
19,0,0,372549,0,absolute,node,-1,-1,3116.41692742705,0
20,0,0,392156,0,absolute,node,-1,-1,-3606.39846324921,0
21,0,0,411764,0,absolute,node,-1,-1,3034.27115827799,0
22,0,0,431372,0,absolute,node,-1,-1,-1808.8295571506,0
23,0,0,450980,0,absolute,node,-1,-1,-1491.44603684545,0
24,0,0,470588,0,absolute,node,-1,-1,4266.317602247,0
25,0,0,490196,0,absolute,node,-1,-1,4049.7414842248,0
26,0,0,509803,0,absolute,node,-1,-1,4778.60165387392,0
27,0,0,529411,0,absolute,node,-1,-1,7569.44911926985,0
28,0,0,549019,0,absolute,node,-1,-1,-5536.71012073755,0
29,0,0,568627,0,absolute,node,-1,-1,-5855.93243315816,0
30,0,0,588235,0,absolute,node,-1,-1,4597.67086058855,0
31,0,0,607843,0,absolute,node,-1,-1,1795.8416081965,0
32,0,0,627450,0,absolute,node,-1,-1,1284.27331894636,0
33,0,0,647058,0,absolute,node,-1,-1,-3139.47875052691,0
34,0,0,666666,0,absolute,node,-1,-1,-983.075331896544,0
35,0,0,686274,0,absolute,node,-1,-1,1829.71011847258,0
36,0,0,705882,0,absolute,node,-1,-1,6773.27403053641,0
37,0,0,725490,0,absolute,node,-1,-1,-2654.66166287661,0
38,0,0,745098,0,absolute,node,-1,-1,-4702.81064510345,0
39,0,0,764705,0,absolute,node,-1,-1,-6857.89234191179,0
40,0,0,784313,0,absolute,node,-1,-1,5785.64706072211,0
41,0,0,803921,0,absolute,node,-1,-1,192.414078861475,0
42,0,0,823529,0,absolute,node,-1,-1,-1314.27603587508,0
43,0,0,843137,0,absolute,node,-1,-1,-5781.64682164788,0
44,0,0,862745,0,absolute,node,-1,-1,-7202.83056423068,0
45,0,0,882352,0,absolute,node,-1,-1,6715.21912887693,0
46,0,0,901960,0,absolute,node,-1,-1,-1160.78579425812,0
47,0,0,921568,0,absolute,node,-1,-1,1910.08970886469,0
48,0,0,941176,0,absolute,node,-1,-1,-7415.79646989703,0
49,0,0,960784,0,absolute,node,-1,-1,-7663.69186341763,0
50,0,0,980392,0,absolute,node,-1,-1,6606.56871646643,0
