changeID,absoluteTime,evaluation,bitVector,distanceEvaluation,typeOfChange,affected,affectedID1,affectedID2,change,totalAfterChange
1,0,0,19607,0,absolute,node,-1,-1,14941.7938198894,0
2,0,0,39215,0,absolute,node,-1,-1,18636.1560411751,0
3,0,0,58823,0,absolute,node,-1,-1,1342.00762026012,0
4,0,0,78431,0,absolute,node,-1,-1,-1710.44857241213,0
5,0,0,98039,0,absolute,node,-1,-1,-4467.42202155292,0
6,0,0,117647,0,absolute,node,-1,-1,9779.21860292554,0
7,0,0,137254,0,absolute,node,-1,-1,-10248.2206281275,0
8,0,0,156862,0,absolute,node,-1,-1,-15494.494792074,0
9,0,0,176470,0,absolute,node,-1,-1,-875.233775004745,0
10,0,0,196078,0,absolute,node,-1,-1,4037.74356469512,0
11,0,0,215686,0,absolute,node,-1,-1,8554.95705269277,0
12,0,0,235294,0,absolute,node,-1,-1,-9820.59167698026,0
13,0,0,254901,0,absolute,node,-1,-1,-5182.07911401987,0
14,0,0,274509,0,absolute,node,-1,-1,-14699.1087216884,0
15,0,0,294117,0,absolute,node,-1,-1,11199.2091406137,0
16,0,0,313725,0,absolute,node,-1,-1,3932.0648368448,0
17,0,0,333333,0,absolute,node,-1,-1,1123.34520556033,0
18,0,0,352941,0,absolute,node,-1,-1,-4392.69580878317,0
19,0,0,372549,0,absolute,node,-1,-1,-1433.44963900745,0
20,0,0,392156,0,absolute,node,-1,-1,18778.5755936056,0
21,0,0,411764,0,absolute,node,-1,-1,-5986.32724955678,0
22,0,0,431372,0,absolute,node,-1,-1,-6508.78204032779,0
23,0,0,450980,0,absolute,node,-1,-1,-13549.8157050461,0
24,0,0,470588,0,absolute,node,-1,-1,-15691.0533737391,0
25,0,0,490196,0,absolute,node,-1,-1,-18737.3500969261,0
26,0,0,509803,0,absolute,node,-1,-1,4237.01152205467,0
27,0,0,529411,0,absolute,node,-1,-1,-4367.78618022799,0
28,0,0,549019,0,absolute,node,-1,-1,-18349.876049906,0
29,0,0,568627,0,absolute,node,-1,-1,18496.6348577291,0
30,0,0,588235,0,absolute,node,-1,-1,5883.46683420241,0
31,0,0,607843,0,absolute,node,-1,-1,-6260.56037843227,0
32,0,0,627450,0,absolute,node,-1,-1,10292.9680328816,0
33,0,0,647058,0,absolute,node,-1,-1,-4029.03054840863,0
34,0,0,666666,0,absolute,node,-1,-1,18984.0734284371,0
35,0,0,686274,0,absolute,node,-1,-1,18681.2649667263,0
36,0,0,705882,0,absolute,node,-1,-1,18461.940549314,0
37,0,0,725490,0,absolute,node,-1,-1,-19828.9942089468,0
38,0,0,745098,0,absolute,node,-1,-1,5470.68363986909,0
39,0,0,764705,0,absolute,node,-1,-1,-9267.99201406538,0
40,0,0,784313,0,absolute,node,-1,-1,57.1837183088064,0
41,0,0,803921,0,absolute,node,-1,-1,-12600.9249780327,0
42,0,0,823529,0,absolute,node,-1,-1,-13611.03316769,0
43,0,0,843137,0,absolute,node,-1,-1,2931.75843544304,0
44,0,0,862745,0,absolute,node,-1,-1,5400.12220852077,0
45,0,0,882352,0,absolute,node,-1,-1,9467.16913022101,0
46,0,0,901960,0,absolute,node,-1,-1,64.119677990675,0
47,0,0,921568,0,absolute,node,-1,-1,13320.5117564648,0
48,0,0,941176,0,absolute,node,-1,-1,-9123.08113649487,0
49,0,0,960784,0,absolute,node,-1,-1,-16181.8762589246,0
50,0,0,980392,0,absolute,node,-1,-1,4426.3069331646,0
