changeID,absoluteTime,evaluation,bitVector,distanceEvaluation,typeOfChange,affected,affectedID1,affectedID2,change,totalAfterChange
1,0,0,19607,0,absolute,node,-1,-1,2931.97169527411,0
2,0,0,39215,0,absolute,node,-1,-1,-269.998351112008,0
3,0,0,58823,0,absolute,node,-1,-1,-3374.55291487277,0
4,0,0,78431,0,absolute,node,-1,-1,3621.59723415971,0
5,0,0,98039,0,absolute,node,-1,-1,3173.57640713453,0
6,0,0,117647,0,absolute,node,-1,-1,-3498.35937470198,0
7,0,0,137254,0,absolute,node,-1,-1,3558.59375,0
8,0,0,156862,0,absolute,node,-1,-1,40.0570817291734,0
9,0,0,176470,0,absolute,node,-1,-1,376.180678606033,0
10,0,0,196078,0,absolute,node,-1,-1,-2849.38657470047,0
11,0,0,215686,0,absolute,node,-1,-1,-1771.71798795462,0
12,0,0,235294,0,absolute,node,-1,-1,1652.8057847172,0
13,0,0,254901,0,absolute,node,-1,-1,1358.21154341102,0
14,0,0,274509,0,absolute,node,-1,-1,1070.22792100906,0
15,0,0,294117,0,absolute,node,-1,-1,592.309717088938,0
16,0,0,313725,0,absolute,node,-1,-1,-3720.65151296556,0
17,0,0,333333,0,absolute,node,-1,-1,-1839.50492925942,0
18,0,0,352941,0,absolute,node,-1,-1,3612.81612701714,0
19,0,0,372549,0,absolute,node,-1,-1,-1770.10608278215,0
20,0,0,392156,0,absolute,node,-1,-1,-2219.98838335276,0
21,0,0,411764,0,absolute,node,-1,-1,-2020.11314965785,0
22,0,0,431372,0,absolute,node,-1,-1,31.4825139939784,0
23,0,0,450980,0,absolute,node,-1,-1,-1118.98562684655,0
24,0,0,470588,0,absolute,node,-1,-1,-3614.32292312384,0
25,0,0,490196,0,absolute,node,-1,-1,-122.39477969706,0
26,0,0,509803,0,absolute,node,-1,-1,3890.05206525326,0
27,0,0,529411,0,absolute,node,-1,-1,-2909.25188735127,0
28,0,0,549019,0,absolute,node,-1,-1,3853.879975155,0
29,0,0,568627,0,absolute,node,-1,-1,2437.74948082864,0
30,0,0,588235,0,absolute,node,-1,-1,2790.34050554037,0
31,0,0,607843,0,absolute,node,-1,-1,2905.40768951178,0
32,0,0,627450,0,absolute,node,-1,-1,771.129196509719,0
33,0,0,647058,0,absolute,node,-1,-1,-3398.07589538395,0
34,0,0,666666,0,absolute,node,-1,-1,-3241.89665727317,0
35,0,0,686274,0,absolute,node,-1,-1,1281.52736835182,0
36,0,0,705882,0,absolute,node,-1,-1,-512.145074084401,0
37,0,0,725490,0,absolute,node,-1,-1,-3647.53966405988,0
38,0,0,745098,0,absolute,node,-1,-1,-1632.9293847084,0
39,0,0,764705,0,absolute,node,-1,-1,2594.65557709336,0
40,0,0,784313,0,absolute,node,-1,-1,3563.05041536689,0
41,0,0,803921,0,absolute,node,-1,-1,-1298.0439029634,0
42,0,0,823529,0,absolute,node,-1,-1,767.12809316814,0
43,0,0,843137,0,absolute,node,-1,-1,-1325.47972351313,0
44,0,0,862745,0,absolute,node,-1,-1,1247.90019728243,0
45,0,0,882352,0,absolute,node,-1,-1,-260.220235213637,0
46,0,0,901960,0,absolute,node,-1,-1,508.938020095229,0
47,0,0,921568,0,absolute,node,-1,-1,3170.61621882021,0
48,0,0,941176,0,absolute,node,-1,-1,-2863.2193505764,0
49,0,0,960784,0,absolute,node,-1,-1,-462.670525535941,0
50,0,0,980392,0,absolute,node,-1,-1,3534.7901172936,0
