changeID,absoluteTime,evaluation,bitVector,distanceEvaluation,typeOfChange,affected,affectedID1,affectedID2,change,totalAfterChange
1,0,0,38461,0,absolute,node,-1,-1,7672.58640751243,0
2,0,0,76923,0,absolute,node,-1,-1,-6725.56279599667,0
3,0,0,115384,0,absolute,node,-1,-1,3962.98200637102,0
4,0,0,153846,0,absolute,node,-1,-1,-4145.80036699772,0
5,0,0,192307,0,absolute,node,-1,-1,-7741.03998765349,0
6,0,0,230769,0,absolute,node,-1,-1,-4979.41336408257,0
7,0,0,269230,0,absolute,node,-1,-1,-5735.80403998494,0
8,0,0,307692,0,absolute,node,-1,-1,4432.59945884347,0
9,0,0,346153,0,absolute,node,-1,-1,7448.87336343527,0
10,0,0,384615,0,absolute,node,-1,-1,7236.16062477231,0
11,0,0,423076,0,absolute,node,-1,-1,-6494.13877725601,0
12,0,0,461538,0,absolute,node,-1,-1,1953.21793109179,0
13,0,0,5e+05,0,absolute,node,-1,-1,-6434.31508913636,0
14,0,0,538461,0,absolute,node,-1,-1,3428.19267138839,0
15,0,0,576923,0,absolute,node,-1,-1,7514.33007419109,0
16,0,0,615384,0,absolute,node,-1,-1,2574.30930063129,0
17,0,0,653846,0,absolute,node,-1,-1,1427.31530591846,0
18,0,0,692307,0,absolute,node,-1,-1,1920.7727201283,0
19,0,0,730769,0,absolute,node,-1,-1,-659.909140318632,0
20,0,0,769230,0,absolute,node,-1,-1,-4169.38561946154,0
21,0,0,807692,0,absolute,node,-1,-1,-2866.19920656085,0
22,0,0,846153,0,absolute,node,-1,-1,-4670.20911350846,0
23,0,0,884615,0,absolute,node,-1,-1,-4596.26564756036,0
24,0,0,923076,0,absolute,node,-1,-1,3558.81234258413,0
25,0,0,961538,0,absolute,node,-1,-1,-6859.54592376947,0
