changeID,absoluteTime,evaluation,bitVector,distanceEvaluation,typeOfChange,affected,affectedID1,affectedID2,change,totalAfterChange
1,0,0,38461,0,absolute,node,-1,-1,20543.4112437069,0
2,0,0,76923,0,absolute,node,-1,-1,-6359.25639420748,0
3,0,0,115384,0,absolute,node,-1,-1,-32045.7829535007,0
4,0,0,153846,0,absolute,node,-1,-1,-5369.94360387325,0
5,0,0,192307,0,absolute,node,-1,-1,17681.0071058571,0
6,0,0,230769,0,absolute,node,-1,-1,26711.0104300082,0
7,0,0,269230,0,absolute,node,-1,-1,14681.3861839473,0
8,0,0,307692,0,absolute,node,-1,-1,-33542.3412919044,0
9,0,0,346153,0,absolute,node,-1,-1,-9452.93812081218,0
10,0,0,384615,0,absolute,node,-1,-1,20278.5000763834,0
11,0,0,423076,0,absolute,node,-1,-1,13614.7946678102,0
12,0,0,461538,0,absolute,node,-1,-1,-2285.82579642534,0
13,0,0,5e+05,0,absolute,node,-1,-1,-25028.4679420292,0
14,0,0,538461,0,absolute,node,-1,-1,13267.1098038554,0
15,0,0,576923,0,absolute,node,-1,-1,35774.4569890201,0
16,0,0,615384,0,absolute,node,-1,-1,23961.9908109307,0
17,0,0,653846,0,absolute,node,-1,-1,-2669.07880082726,0
18,0,0,692307,0,absolute,node,-1,-1,27559.781447053,0
19,0,0,730769,0,absolute,node,-1,-1,31432.2158694267,0
20,0,0,769230,0,absolute,node,-1,-1,17633.7606087327,0
21,0,0,807692,0,absolute,node,-1,-1,28364.1905896366,0
22,0,0,846153,0,absolute,node,-1,-1,-7611.97214946151,0
23,0,0,884615,0,absolute,node,-1,-1,-3423.62221330404,0
24,0,0,923076,0,absolute,node,-1,-1,-23847.2617045045,0
25,0,0,961538,0,absolute,node,-1,-1,24580.6758850813,0
