changeID,absoluteTime,evaluation,bitVector,distanceEvaluation,typeOfChange,affected,affectedID1,affectedID2,change,totalAfterChange
1,0,0,38461,0,absolute,node,-1,-1,29315.7956562936,0
2,0,0,76923,0,absolute,node,-1,-1,-3478.67578268051,0
3,0,0,115384,0,absolute,node,-1,-1,-15826.0779827833,0
4,0,0,153846,0,absolute,node,-1,-1,-6689.58190828562,0
5,0,0,192307,0,absolute,node,-1,-1,27618.831153959,0
6,0,0,230769,0,absolute,node,-1,-1,7237.68206313252,0
7,0,0,269230,0,absolute,node,-1,-1,-13925.3567717969,0
8,0,0,307692,0,absolute,node,-1,-1,1168.79617795348,0
9,0,0,346153,0,absolute,node,-1,-1,-6210.39299294353,0
10,0,0,384615,0,absolute,node,-1,-1,15610.7071973383,0
11,0,0,423076,0,absolute,node,-1,-1,-14388.7906335294,0
12,0,0,461538,0,absolute,node,-1,-1,-599.597413092852,0
13,0,0,5e+05,0,absolute,node,-1,-1,12692.8690262139,0
14,0,0,538461,0,absolute,node,-1,-1,-17292.7363961935,0
15,0,0,576923,0,absolute,node,-1,-1,-21516.8770961463,0
16,0,0,615384,0,absolute,node,-1,-1,-6998.47562238574,0
17,0,0,653846,0,absolute,node,-1,-1,24974.9924242496,0
18,0,0,692307,0,absolute,node,-1,-1,-31695.4142227769,0
19,0,0,730769,0,absolute,node,-1,-1,-33656.07727319,0
20,0,0,769230,0,absolute,node,-1,-1,-23085.2028168738,0
21,0,0,807692,0,absolute,node,-1,-1,-2815.68855047226,0
22,0,0,846153,0,absolute,node,-1,-1,7834.95826646686,0
23,0,0,884615,0,absolute,node,-1,-1,31903.0817039311,0
24,0,0,923076,0,absolute,node,-1,-1,-37280.3603112698,0
25,0,0,961538,0,absolute,node,-1,-1,2106.75580427051,0
