changeID,absoluteTime,evaluation,bitVector,distanceEvaluation,typeOfChange,affected,affectedID1,affectedID2,change,totalAfterChange
1,0,0,19607,0,absolute,node,-1,-1,23818.7963888049,0
2,0,0,39215,0,absolute,node,-1,-1,-39583.7080106139,0
3,0,0,58823,0,absolute,node,-1,-1,-14219.7985574603,0
4,0,0,78431,0,absolute,node,-1,-1,-29155.9970937669,0
5,0,0,98039,0,absolute,node,-1,-1,24117.1885468066,0
6,0,0,117647,0,absolute,node,-1,-1,24067.619536072,0
7,0,0,137254,0,absolute,node,-1,-1,-21573.3632072806,0
8,0,0,156862,0,absolute,node,-1,-1,-22663.6672951281,0
9,0,0,176470,0,absolute,node,-1,-1,36574.3223205209,0
10,0,0,196078,0,absolute,node,-1,-1,5125.77321380377,0
11,0,0,215686,0,absolute,node,-1,-1,-13378.2023750246,0
12,0,0,235294,0,absolute,node,-1,-1,-18142.1374715865,0
13,0,0,254901,0,absolute,node,-1,-1,-27334.7483761609,0
14,0,0,274509,0,absolute,node,-1,-1,12901.3271443546,0
15,0,0,294117,0,absolute,node,-1,-1,1559.70608815551,0
16,0,0,313725,0,absolute,node,-1,-1,-4372.92819842696,0
17,0,0,333333,0,absolute,node,-1,-1,37717.9127186537,0
18,0,0,352941,0,absolute,node,-1,-1,8799.22669380903,0
19,0,0,372549,0,absolute,node,-1,-1,39821.7133618891,0
20,0,0,392156,0,absolute,node,-1,-1,-10389.9669647217,0
21,0,0,411764,0,absolute,node,-1,-1,-29295.0191348791,0
22,0,0,431372,0,absolute,node,-1,-1,-198.348835110664,0
23,0,0,450980,0,absolute,node,-1,-1,34075.7647715509,0
24,0,0,470588,0,absolute,node,-1,-1,10430.4245114326,0
25,0,0,490196,0,absolute,node,-1,-1,34542.7905954421,0
26,0,0,509803,0,absolute,node,-1,-1,29034.7330085933,0
27,0,0,529411,0,absolute,node,-1,-1,-17585.1889140904,0
28,0,0,549019,0,absolute,node,-1,-1,2712.77630701661,0
29,0,0,568627,0,absolute,node,-1,-1,34754.150826484,0
30,0,0,588235,0,absolute,node,-1,-1,-429.418683052063,0
31,0,0,607843,0,absolute,node,-1,-1,-25834.6905745566,0
32,0,0,627450,0,absolute,node,-1,-1,-1101.18834301829,0
33,0,0,647058,0,absolute,node,-1,-1,16712.6864939928,0
34,0,0,666666,0,absolute,node,-1,-1,33210.475705564,0
35,0,0,686274,0,absolute,node,-1,-1,35081.9165632129,0
36,0,0,705882,0,absolute,node,-1,-1,33092.3658981919,0
37,0,0,725490,0,absolute,node,-1,-1,-14135.6367245317,0
38,0,0,745098,0,absolute,node,-1,-1,-15451.8649727106,0
39,0,0,764705,0,absolute,node,-1,-1,12754.7535672784,0
40,0,0,784313,0,absolute,node,-1,-1,11591.3563221693,0
41,0,0,803921,0,absolute,node,-1,-1,25457.5944133103,0
42,0,0,823529,0,absolute,node,-1,-1,12826.7041034997,0
43,0,0,843137,0,absolute,node,-1,-1,-3100.14551505446,0
44,0,0,862745,0,absolute,node,-1,-1,-9538.97219151258,0
45,0,0,882352,0,absolute,node,-1,-1,-39781.2611423433,0
46,0,0,901960,0,absolute,node,-1,-1,-28663.1233245134,0
47,0,0,921568,0,absolute,node,-1,-1,-699.045900255442,0
48,0,0,941176,0,absolute,node,-1,-1,-23516.0781629384,0
49,0,0,960784,0,absolute,node,-1,-1,-6439.57197666168,0
50,0,0,980392,0,absolute,node,-1,-1,11733.9136078954,0
