changeID,absoluteTime,evaluation,bitVector,distanceEvaluation,typeOfChange,affected,affectedID1,affectedID2,change,totalAfterChange
1,0,0,19607,0,absolute,node,-1,-1,6251.53039768338,0
2,0,0,39215,0,absolute,node,-1,-1,2404.63623031974,0
3,0,0,58823,0,absolute,node,-1,-1,777.692686766386,0
4,0,0,78431,0,absolute,node,-1,-1,-4130.87544962764,0
5,0,0,98039,0,absolute,node,-1,-1,-1779.23127636313,0
6,0,0,117647,0,absolute,node,-1,-1,4870.166413486,0
7,0,0,137254,0,absolute,node,-1,-1,6013.63839954138,0
8,0,0,156862,0,absolute,node,-1,-1,-2441.72938540578,0
9,0,0,176470,0,absolute,node,-1,-1,3018.63886043429,0
10,0,0,196078,0,absolute,node,-1,-1,5941.21205434203,0
11,0,0,215686,0,absolute,node,-1,-1,-7045.97859084606,0
12,0,0,235294,0,absolute,node,-1,-1,3063.69817256928,0
13,0,0,254901,0,absolute,node,-1,-1,-405.075162649154,0
14,0,0,274509,0,absolute,node,-1,-1,-6089.65127170086,0
15,0,0,294117,0,absolute,node,-1,-1,-7618.8668422401,0
16,0,0,313725,0,absolute,node,-1,-1,7604.93531450629,0
17,0,0,333333,0,absolute,node,-1,-1,6812.44069710374,0
18,0,0,352941,0,absolute,node,-1,-1,4617.53069609404,0
19,0,0,372549,0,absolute,node,-1,-1,-6330.48386871815,0
20,0,0,392156,0,absolute,node,-1,-1,7616.54144898057,0
21,0,0,411764,0,absolute,node,-1,-1,-1864.5063303411,0
22,0,0,431372,0,absolute,node,-1,-1,-2570.17074152827,0
23,0,0,450980,0,absolute,node,-1,-1,-7468.19021180272,0
24,0,0,470588,0,absolute,node,-1,-1,-5766.74657315016,0
25,0,0,490196,0,absolute,node,-1,-1,-6747.26565554738,0
26,0,0,509803,0,absolute,node,-1,-1,-3830.75285330415,0
27,0,0,529411,0,absolute,node,-1,-1,-799.877632409334,0
28,0,0,549019,0,absolute,node,-1,-1,-1853.85048016906,0
29,0,0,568627,0,absolute,node,-1,-1,3657.83077850938,0
30,0,0,588235,0,absolute,node,-1,-1,322.772238403559,0
31,0,0,607843,0,absolute,node,-1,-1,4964.51200917363,0
32,0,0,627450,0,absolute,node,-1,-1,-7329.85109835863,0
33,0,0,647058,0,absolute,node,-1,-1,-5075.30708238483,0
34,0,0,666666,0,absolute,node,-1,-1,7932.81603232026,0
35,0,0,686274,0,absolute,node,-1,-1,-5745.22242322564,0
36,0,0,705882,0,absolute,node,-1,-1,-7109.18288305402,0
37,0,0,725490,0,absolute,node,-1,-1,-6302.11194977164,0
38,0,0,745098,0,absolute,node,-1,-1,58.9219816029074,0
39,0,0,764705,0,absolute,node,-1,-1,-7399.93260428309,0
40,0,0,784313,0,absolute,node,-1,-1,-3860.0050136447,0
41,0,0,803921,0,absolute,node,-1,-1,-4123.01021814346,0
42,0,0,823529,0,absolute,node,-1,-1,-7557.99963697791,0
43,0,0,843137,0,absolute,node,-1,-1,-5731.1425767839,0
44,0,0,862745,0,absolute,node,-1,-1,-133.096575737,0
45,0,0,882352,0,absolute,node,-1,-1,-4348.99530559778,0
46,0,0,901960,0,absolute,node,-1,-1,5361.686848104,0
47,0,0,921568,0,absolute,node,-1,-1,-3566.63499027491,0
48,0,0,941176,0,absolute,node,-1,-1,7124.39069151878,0
49,0,0,960784,0,absolute,node,-1,-1,-6156.55520185828,0
50,0,0,980392,0,absolute,node,-1,-1,7119.60853263736,0
