changeID,absoluteTime,evaluation,bitVector,distanceEvaluation,typeOfChange,affected,affectedID1,affectedID2,change,totalAfterChange
1,0,0,19607,0,absolute,node,-1,-1,-2009.29403305054,0
2,0,0,39215,0,absolute,node,-1,-1,1285.85788235068,0
3,0,0,58823,0,absolute,node,-1,-1,893.84026452899,0
4,0,0,78431,0,absolute,node,-1,-1,-402.269460260868,0
5,0,0,98039,0,absolute,node,-1,-1,3433.44724737108,0
6,0,0,117647,0,absolute,node,-1,-1,-549.88425783813,0
7,0,0,137254,0,absolute,node,-1,-1,-1093.46429817379,0
8,0,0,156862,0,absolute,node,-1,-1,232.040673494339,0
9,0,0,176470,0,absolute,node,-1,-1,-1431.23237974942,0
10,0,0,196078,0,absolute,node,-1,-1,2719.56888400018,0
11,0,0,215686,0,absolute,node,-1,-1,310.648722574115,0
12,0,0,235294,0,absolute,node,-1,-1,-527.2629968822,0
13,0,0,254901,0,absolute,node,-1,-1,-2018.85469444096,0
14,0,0,274509,0,absolute,node,-1,-1,551.240341737866,0
15,0,0,294117,0,absolute,node,-1,-1,-945.697169750929,0
16,0,0,313725,0,absolute,node,-1,-1,-2884.6629653126,0
17,0,0,333333,0,absolute,node,-1,-1,3846.48951515555,0
18,0,0,352941,0,absolute,node,-1,-1,-2079.23567481339,0
19,0,0,372549,0,absolute,node,-1,-1,-2297.35897667706,0
20,0,0,392156,0,absolute,node,-1,-1,-2353.01716066897,0
21,0,0,411764,0,absolute,node,-1,-1,-3984.6203699708,0
22,0,0,431372,0,absolute,node,-1,-1,-1083.30642431974,0
23,0,0,450980,0,absolute,node,-1,-1,1090.19582904875,0
24,0,0,470588,0,absolute,node,-1,-1,-3395.66329307854,0
25,0,0,490196,0,absolute,node,-1,-1,-2698.44573922455,0
26,0,0,509803,0,absolute,node,-1,-1,-3058.89170989394,0
27,0,0,529411,0,absolute,node,-1,-1,-2939.18229080737,0
28,0,0,549019,0,absolute,node,-1,-1,-3239.2077613622,0
29,0,0,568627,0,absolute,node,-1,-1,2703.66876386106,0
30,0,0,588235,0,absolute,node,-1,-1,-1893.53909529746,0
31,0,0,607843,0,absolute,node,-1,-1,2640.60115069151,0
32,0,0,627450,0,absolute,node,-1,-1,-155.822440981865,0
33,0,0,647058,0,absolute,node,-1,-1,-392.870018258691,0
34,0,0,666666,0,absolute,node,-1,-1,-972.883768379688,0
35,0,0,686274,0,absolute,node,-1,-1,-2220.06657905877,0
36,0,0,705882,0,absolute,node,-1,-1,2808.80018696189,0
37,0,0,725490,0,absolute,node,-1,-1,1592.4574341625,0
38,0,0,745098,0,absolute,node,-1,-1,-3906.1634875834,0
39,0,0,764705,0,absolute,node,-1,-1,1905.34112229943,0
40,0,0,784313,0,absolute,node,-1,-1,3412.57977485657,0
41,0,0,803921,0,absolute,node,-1,-1,-2983.6785402149,0
42,0,0,823529,0,absolute,node,-1,-1,-2239.75411243737,0
43,0,0,843137,0,absolute,node,-1,-1,1781.84810467064,0
44,0,0,862745,0,absolute,node,-1,-1,-946.985261514783,0
45,0,0,882352,0,absolute,node,-1,-1,3896.51002548635,0
46,0,0,901960,0,absolute,node,-1,-1,-1918.55187527835,0
47,0,0,921568,0,absolute,node,-1,-1,716.439813375473,0
48,0,0,941176,0,absolute,node,-1,-1,474.826855584979,0
49,0,0,960784,0,absolute,node,-1,-1,1493.66212263703,0
50,0,0,980392,0,absolute,node,-1,-1,-3822.70816713572,0
