changeID,absoluteTime,evaluation,bitVector,distanceEvaluation,typeOfChange,affected,affectedID1,affectedID2,change,totalAfterChange
1,0,0,38461,0,absolute,node,-1,-1,31013.5665722191,0
2,0,0,76923,0,absolute,node,-1,-1,-30772.9126885533,0
3,0,0,115384,0,absolute,node,-1,-1,4911.31909191608,0
4,0,0,153846,0,absolute,node,-1,-1,-6120.1199889183,0
5,0,0,192307,0,absolute,node,-1,-1,-32388.1303705275,0
6,0,0,230769,0,absolute,node,-1,-1,29868.8191361725,0
7,0,0,269230,0,absolute,node,-1,-1,33583.9857161045,0
8,0,0,307692,0,absolute,node,-1,-1,-850.00166669488,0
9,0,0,346153,0,absolute,node,-1,-1,-22229.4765897095,0
10,0,0,384615,0,absolute,node,-1,-1,28623.9889077842,0
11,0,0,423076,0,absolute,node,-1,-1,-3298.83705824614,0
12,0,0,461538,0,absolute,node,-1,-1,-33839.7749327123,0
13,0,0,5e+05,0,absolute,node,-1,-1,-39673.8451905549,0
14,0,0,538461,0,absolute,node,-1,-1,-9720.5950692296,0
15,0,0,576923,0,absolute,node,-1,-1,-3370.59337645769,0
16,0,0,615384,0,absolute,node,-1,-1,10000.509172678,0
17,0,0,653846,0,absolute,node,-1,-1,-13905.6880027056,0
18,0,0,692307,0,absolute,node,-1,-1,23310.6574416161,0
19,0,0,730769,0,absolute,node,-1,-1,16970.0014032423,0
20,0,0,769230,0,absolute,node,-1,-1,39682.8158386052,0
21,0,0,807692,0,absolute,node,-1,-1,-33568.4786736965,0
22,0,0,846153,0,absolute,node,-1,-1,10422.9973070323,0
23,0,0,884615,0,absolute,node,-1,-1,32054.3939433992,0
24,0,0,923076,0,absolute,node,-1,-1,-39827.7476243675,0
25,0,0,961538,0,absolute,node,-1,-1,-3904.90371733904,0
