changeID,absoluteTime,evaluation,bitVector,distanceEvaluation,typeOfChange,affected,affectedID1,affectedID2,change,totalAfterChange
1,0,0,19607,0,absolute,node,-1,-1,-2475.12270510197,0
2,0,0,39215,0,absolute,node,-1,-1,3748.22359904647,0
3,0,0,58823,0,absolute,node,-1,-1,167.846916243434,0
4,0,0,78431,0,absolute,node,-1,-1,-2556.94588460028,0
5,0,0,98039,0,absolute,node,-1,-1,-802.081285044551,0
6,0,0,117647,0,absolute,node,-1,-1,984.198190271854,0
7,0,0,137254,0,absolute,node,-1,-1,2575.90693794191,0
8,0,0,156862,0,absolute,node,-1,-1,-695.83186134696,0
9,0,0,176470,0,absolute,node,-1,-1,-2055.96975982189,0
10,0,0,196078,0,absolute,node,-1,-1,1042.01254621148,0
11,0,0,215686,0,absolute,node,-1,-1,3614.6545894444,0
12,0,0,235294,0,absolute,node,-1,-1,748.201090842485,0
13,0,0,254901,0,absolute,node,-1,-1,971.201583743095,0
14,0,0,274509,0,absolute,node,-1,-1,-1229.2816285044,0
15,0,0,294117,0,absolute,node,-1,-1,3855.49511387944,0
16,0,0,313725,0,absolute,node,-1,-1,-1946.97131402791,0
17,0,0,333333,0,absolute,node,-1,-1,1657.29653649032,0
18,0,0,352941,0,absolute,node,-1,-1,838.168060407042,0
19,0,0,372549,0,absolute,node,-1,-1,-1484.00040157139,0
20,0,0,392156,0,absolute,node,-1,-1,3162.21177205443,0
21,0,0,411764,0,absolute,node,-1,-1,-389.655800536275,0
22,0,0,431372,0,absolute,node,-1,-1,2170.58266699314,0
23,0,0,450980,0,absolute,node,-1,-1,1043.12175139785,0
24,0,0,470588,0,absolute,node,-1,-1,2946.229333058,0
25,0,0,490196,0,absolute,node,-1,-1,-2799.02287386358,0
26,0,0,509803,0,absolute,node,-1,-1,3766.14315994084,0
27,0,0,529411,0,absolute,node,-1,-1,2141.60317368805,0
28,0,0,549019,0,absolute,node,-1,-1,-433.956185355783,0
29,0,0,568627,0,absolute,node,-1,-1,-1719.39444728196,0
30,0,0,588235,0,absolute,node,-1,-1,-3627.48283147812,0
31,0,0,607843,0,absolute,node,-1,-1,-2486.89820431173,0
32,0,0,627450,0,absolute,node,-1,-1,279.045294970274,0
33,0,0,647058,0,absolute,node,-1,-1,-7.66546465456486,0
34,0,0,666666,0,absolute,node,-1,-1,-2350.46550445259,0
35,0,0,686274,0,absolute,node,-1,-1,-1986.24671809375,0
36,0,0,705882,0,absolute,node,-1,-1,2154.53223139048,0
37,0,0,725490,0,absolute,node,-1,-1,-285.085912793875,0
38,0,0,745098,0,absolute,node,-1,-1,-2224.6115822345,0
39,0,0,764705,0,absolute,node,-1,-1,646.372655406594,0
40,0,0,784313,0,absolute,node,-1,-1,3958.49272981286,0
41,0,0,803921,0,absolute,node,-1,-1,2049.78691600263,0
42,0,0,823529,0,absolute,node,-1,-1,3058.15453268588,0
43,0,0,843137,0,absolute,node,-1,-1,-1422.20499739051,0
44,0,0,862745,0,absolute,node,-1,-1,2049.39503036439,0
45,0,0,882352,0,absolute,node,-1,-1,1648.77803251147,0
46,0,0,901960,0,absolute,node,-1,-1,-111.475359648466,0
47,0,0,921568,0,absolute,node,-1,-1,2997.51677550375,0
48,0,0,941176,0,absolute,node,-1,-1,871.209366247058,0
49,0,0,960784,0,absolute,node,-1,-1,2787.16410882771,0
50,0,0,980392,0,absolute,node,-1,-1,765.456840395927,0
