changeID,absoluteTime,evaluation,bitVector,distanceEvaluation,typeOfChange,affected,affectedID1,affectedID2,change,totalAfterChange
1,0,0,19607,0,absolute,node,-1,-1,29981.4364686608,0
2,0,0,39215,0,absolute,node,-1,-1,-20327.7623280883,0
3,0,0,58823,0,absolute,node,-1,-1,-35447.4306292832,0
4,0,0,78431,0,absolute,node,-1,-1,-25018.3626264334,0
5,0,0,98039,0,absolute,node,-1,-1,-19069.1548213363,0
6,0,0,117647,0,absolute,node,-1,-1,32037.1501147747,0
7,0,0,137254,0,absolute,node,-1,-1,15899.8834900558,0
8,0,0,156862,0,absolute,node,-1,-1,5398.79417046905,0
9,0,0,176470,0,absolute,node,-1,-1,-779.400151222944,0
10,0,0,196078,0,absolute,node,-1,-1,2988.07775601745,0
11,0,0,215686,0,absolute,node,-1,-1,-454.603098332882,0
12,0,0,235294,0,absolute,node,-1,-1,-38823.9005766809,0
13,0,0,254901,0,absolute,node,-1,-1,104.340706020594,0
14,0,0,274509,0,absolute,node,-1,-1,-80.5535167455673,0
15,0,0,294117,0,absolute,node,-1,-1,21784.6746556461,0
16,0,0,313725,0,absolute,node,-1,-1,-30845.316182822,0
17,0,0,333333,0,absolute,node,-1,-1,-6203.13072577119,0
18,0,0,352941,0,absolute,node,-1,-1,-185.964312404394,0
19,0,0,372549,0,absolute,node,-1,-1,35026.8172845244,0
20,0,0,392156,0,absolute,node,-1,-1,12776.0375663638,0
21,0,0,411764,0,absolute,node,-1,-1,958.182513713837,0
22,0,0,431372,0,absolute,node,-1,-1,-14577.4739421904,0
23,0,0,450980,0,absolute,node,-1,-1,-17268.5159742832,0
24,0,0,470588,0,absolute,node,-1,-1,-12353.8710176945,0
25,0,0,490196,0,absolute,node,-1,-1,-8259.43617150187,0
26,0,0,509803,0,absolute,node,-1,-1,29545.3656278551,0
27,0,0,529411,0,absolute,node,-1,-1,-34501.0622777045,0
28,0,0,549019,0,absolute,node,-1,-1,32663.1888747215,0
29,0,0,568627,0,absolute,node,-1,-1,8796.24478518963,0
30,0,0,588235,0,absolute,node,-1,-1,-32890.5365802348,0
31,0,0,607843,0,absolute,node,-1,-1,26955.6460529566,0
32,0,0,627450,0,absolute,node,-1,-1,-4842.26983040571,0
33,0,0,647058,0,absolute,node,-1,-1,30353.5450808704,0
34,0,0,666666,0,absolute,node,-1,-1,32466.4883315563,0
35,0,0,686274,0,absolute,node,-1,-1,-22436.7143213749,0
36,0,0,705882,0,absolute,node,-1,-1,17958.0945149064,0
37,0,0,725490,0,absolute,node,-1,-1,-39568.7244646251,0
38,0,0,745098,0,absolute,node,-1,-1,16997.4459894001,0
39,0,0,764705,0,absolute,node,-1,-1,22614.0111126006,0
40,0,0,784313,0,absolute,node,-1,-1,-3595.20804136992,0
41,0,0,803921,0,absolute,node,-1,-1,16315.7905824482,0
42,0,0,823529,0,absolute,node,-1,-1,-1987.2983917594,0
43,0,0,843137,0,absolute,node,-1,-1,-13645.5953493714,0
44,0,0,862745,0,absolute,node,-1,-1,25457.4951529503,0
45,0,0,882352,0,absolute,node,-1,-1,-6043.70627552271,0
46,0,0,901960,0,absolute,node,-1,-1,-39268.378354609,0
47,0,0,921568,0,absolute,node,-1,-1,-5714.19233456254,0
48,0,0,941176,0,absolute,node,-1,-1,-2239.02216181159,0
49,0,0,960784,0,absolute,node,-1,-1,-19419.3962402642,0
50,0,0,980392,0,absolute,node,-1,-1,37668.2575233281,0
