changeID,absoluteTime,evaluation,bitVector,distanceEvaluation,typeOfChange,affected,affectedID1,affectedID2,change,totalAfterChange
1,0,0,38461,0,absolute,node,-1,-1,-4626.9164904952,0
2,0,0,76923,0,absolute,node,-1,-1,-6443.28264892101,0
3,0,0,115384,0,absolute,node,-1,-1,-6264.8007273674,0
4,0,0,153846,0,absolute,node,-1,-1,2767.31382310391,0
5,0,0,192307,0,absolute,node,-1,-1,326.861884444952,0
6,0,0,230769,0,absolute,node,-1,-1,2410.70903092623,0
7,0,0,269230,0,absolute,node,-1,-1,6945.01196965575,0
8,0,0,307692,0,absolute,node,-1,-1,2683.6472786963,0
9,0,0,346153,0,absolute,node,-1,-1,4412.8834195435,0
10,0,0,384615,0,absolute,node,-1,-1,944.591794162989,0
11,0,0,423076,0,absolute,node,-1,-1,5656.99365362525,0
12,0,0,461538,0,absolute,node,-1,-1,-6566.99888780713,0
13,0,0,5e+05,0,absolute,node,-1,-1,-7308.42734873295,0
14,0,0,538461,0,absolute,node,-1,-1,-3311.92376464605,0
15,0,0,576923,0,absolute,node,-1,-1,24.7216895222668,0
16,0,0,615384,0,absolute,node,-1,-1,5164.83338177204,0
17,0,0,653846,0,absolute,node,-1,-1,-2867.82116815448,0
18,0,0,692307,0,absolute,node,-1,-1,7817.92540475726,0
19,0,0,730769,0,absolute,node,-1,-1,5367.9399266839,0
20,0,0,769230,0,absolute,node,-1,-1,1439.30002301931,0
21,0,0,807692,0,absolute,node,-1,-1,1588.71315792203,0
22,0,0,846153,0,absolute,node,-1,-1,-642.320882529021,0
23,0,0,884615,0,absolute,node,-1,-1,-6525.67265555263,0
24,0,0,923076,0,absolute,node,-1,-1,7422.23190888762,0
25,0,0,961538,0,absolute,node,-1,-1,-1643.2746425271,0
