changeID,absoluteTime,evaluation,bitVector,distanceEvaluation,typeOfChange,affected,affectedID1,affectedID2,change,totalAfterChange
1,0,0,19607,0,absolute,node,-1,-1,3558.9779112488,0
2,0,0,39215,0,absolute,node,-1,-1,755.70553727448,0
3,0,0,58823,0,absolute,node,-1,-1,-1630.84828294814,0
4,0,0,78431,0,absolute,node,-1,-1,-2291.87289811671,0
5,0,0,98039,0,absolute,node,-1,-1,-1665.91455601156,0
6,0,0,117647,0,absolute,node,-1,-1,3938.73239867389,0
7,0,0,137254,0,absolute,node,-1,-1,2312.7800449729,0
8,0,0,156862,0,absolute,node,-1,-1,804.580837488175,0
9,0,0,176470,0,absolute,node,-1,-1,-1381.99239037931,0
10,0,0,196078,0,absolute,node,-1,-1,3149.73497577012,0
11,0,0,215686,0,absolute,node,-1,-1,3193.25834326446,0
12,0,0,235294,0,absolute,node,-1,-1,-1323.91201518476,0
13,0,0,254901,0,absolute,node,-1,-1,3444.61819902062,0
14,0,0,274509,0,absolute,node,-1,-1,-3519.20580677688,0
15,0,0,294117,0,absolute,node,-1,-1,1349.98224489391,0
16,0,0,313725,0,absolute,node,-1,-1,1360.72651669383,0
17,0,0,333333,0,absolute,node,-1,-1,-639.340523630381,0
18,0,0,352941,0,absolute,node,-1,-1,-2205.32562583685,0
19,0,0,372549,0,absolute,node,-1,-1,-1100.1637391746,0
20,0,0,392156,0,absolute,node,-1,-1,2966.85519628227,0
21,0,0,411764,0,absolute,node,-1,-1,-2593.38879957795,0
22,0,0,431372,0,absolute,node,-1,-1,2343.30050647259,0
23,0,0,450980,0,absolute,node,-1,-1,-1849.10568781197,0
24,0,0,470588,0,absolute,node,-1,-1,418.098056688905,0
25,0,0,490196,0,absolute,node,-1,-1,3882.52681493759,0
26,0,0,509803,0,absolute,node,-1,-1,-1492.49216727912,0
27,0,0,529411,0,absolute,node,-1,-1,1806.50947801769,0
28,0,0,549019,0,absolute,node,-1,-1,-1012.17385753989,0
29,0,0,568627,0,absolute,node,-1,-1,181.140081956982,0
30,0,0,588235,0,absolute,node,-1,-1,3318.1563783437,0
31,0,0,607843,0,absolute,node,-1,-1,-3272.4835909903,0
32,0,0,627450,0,absolute,node,-1,-1,3172.56039194763,0
33,0,0,647058,0,absolute,node,-1,-1,-3201.84726268053,0
34,0,0,666666,0,absolute,node,-1,-1,2551.72801949084,0
35,0,0,686274,0,absolute,node,-1,-1,1904.36344407499,0
36,0,0,705882,0,absolute,node,-1,-1,3169.5346776396,0
37,0,0,725490,0,absolute,node,-1,-1,-648.497441783548,0
38,0,0,745098,0,absolute,node,-1,-1,-1231.00080341101,0
39,0,0,764705,0,absolute,node,-1,-1,-1402.50320918858,0
40,0,0,784313,0,absolute,node,-1,-1,-1115.43218046427,0
41,0,0,803921,0,absolute,node,-1,-1,570.520548149943,0
42,0,0,823529,0,absolute,node,-1,-1,-3023.1738127768,0
43,0,0,843137,0,absolute,node,-1,-1,2421.7205774039,0
44,0,0,862745,0,absolute,node,-1,-1,-1094.31717172265,0
45,0,0,882352,0,absolute,node,-1,-1,982.001293450594,0
46,0,0,901960,0,absolute,node,-1,-1,-393.535930663347,0
47,0,0,921568,0,absolute,node,-1,-1,-3576.88951119781,0
48,0,0,941176,0,absolute,node,-1,-1,-3212.53012865782,0
49,0,0,960784,0,absolute,node,-1,-1,1543.19454915822,0
50,0,0,980392,0,absolute,node,-1,-1,-1087.70919963717,0
