changeID,absoluteTime,evaluation,bitVector,distanceEvaluation,typeOfChange,affected,affectedID1,affectedID2,change,totalAfterChange
1,0,0,19607,0,absolute,node,-1,-1,12012.3713091016,0
2,0,0,39215,0,absolute,node,-1,-1,-12529.0009845048,0
3,0,0,58823,0,absolute,node,-1,-1,-7865.01202732325,0
4,0,0,78431,0,absolute,node,-1,-1,-5374.09058772027,0
5,0,0,98039,0,absolute,node,-1,-1,-18299.7736148536,0
6,0,0,117647,0,absolute,node,-1,-1,10554.5339174569,0
7,0,0,137254,0,absolute,node,-1,-1,16978.6068797112,0
8,0,0,156862,0,absolute,node,-1,-1,17701.0499686003,0
9,0,0,176470,0,absolute,node,-1,-1,-1173.90725761652,0
10,0,0,196078,0,absolute,node,-1,-1,19255.154253915,0
11,0,0,215686,0,absolute,node,-1,-1,-16598.2677508146,0
12,0,0,235294,0,absolute,node,-1,-1,2777.49417349696,0
13,0,0,254901,0,absolute,node,-1,-1,12491.7985592037,0
14,0,0,274509,0,absolute,node,-1,-1,-11625.3115981817,0
15,0,0,294117,0,absolute,node,-1,-1,-9133.99724289775,0
16,0,0,313725,0,absolute,node,-1,-1,-19906.6604208201,0
17,0,0,333333,0,absolute,node,-1,-1,10966.9613465667,0
18,0,0,352941,0,absolute,node,-1,-1,10538.3702460676,0
19,0,0,372549,0,absolute,node,-1,-1,-5648.94733019173,0
20,0,0,392156,0,absolute,node,-1,-1,15673.964349553,0
21,0,0,411764,0,absolute,node,-1,-1,3058.81194770336,0
22,0,0,431372,0,absolute,node,-1,-1,-11749.900104478,0
23,0,0,450980,0,absolute,node,-1,-1,-6346.75292298198,0
24,0,0,470588,0,absolute,node,-1,-1,-17263.3963730186,0
25,0,0,490196,0,absolute,node,-1,-1,-5701.15787908435,0
26,0,0,509803,0,absolute,node,-1,-1,-2014.69202525914,0
27,0,0,529411,0,absolute,node,-1,-1,401.210049167275,0
28,0,0,549019,0,absolute,node,-1,-1,-9467.31872856617,0
29,0,0,568627,0,absolute,node,-1,-1,-6179.30442094803,0
30,0,0,588235,0,absolute,node,-1,-1,-2870.94512023032,0
31,0,0,607843,0,absolute,node,-1,-1,-3402.09503658116,0
32,0,0,627450,0,absolute,node,-1,-1,-19714.5384922624,0
33,0,0,647058,0,absolute,node,-1,-1,-8580.28090558946,0
34,0,0,666666,0,absolute,node,-1,-1,6053.91366407275,0
35,0,0,686274,0,absolute,node,-1,-1,-4581.48472942412,0
36,0,0,705882,0,absolute,node,-1,-1,-7939.72772546113,0
37,0,0,725490,0,absolute,node,-1,-1,-3341.98108874261,0
38,0,0,745098,0,absolute,node,-1,-1,15660.164989531,0
39,0,0,764705,0,absolute,node,-1,-1,-5844.0378587693,0
40,0,0,784313,0,absolute,node,-1,-1,5978.8310714066,0
41,0,0,803921,0,absolute,node,-1,-1,-4602.46566683054,0
42,0,0,823529,0,absolute,node,-1,-1,14091.3196373731,0
43,0,0,843137,0,absolute,node,-1,-1,3966.51188842952,0
44,0,0,862745,0,absolute,node,-1,-1,15654.0888920426,0
45,0,0,882352,0,absolute,node,-1,-1,8621.37988209724,0
46,0,0,901960,0,absolute,node,-1,-1,-7968.3344066143,0
47,0,0,921568,0,absolute,node,-1,-1,1850.197724998,0
48,0,0,941176,0,absolute,node,-1,-1,19829.5131139457,0
49,0,0,960784,0,absolute,node,-1,-1,-4186.84856034815,0
50,0,0,980392,0,absolute,node,-1,-1,5651.71281807125,0
