changeID,absoluteTime,evaluation,bitVector,distanceEvaluation,typeOfChange,affected,affectedID1,affectedID2,change,totalAfterChange
1,0,0,38461,0,absolute,node,-1,-1,6459.99262109399,0
2,0,0,76923,0,absolute,node,-1,-1,-2852.70508378744,0
3,0,0,115384,0,absolute,node,-1,-1,-37805.656734854,0
4,0,0,153846,0,absolute,node,-1,-1,-14008.157607168,0
5,0,0,192307,0,absolute,node,-1,-1,33733.5649318993,0
6,0,0,230769,0,absolute,node,-1,-1,-12229.6353802085,0
7,0,0,269230,0,absolute,node,-1,-1,-19864.0251718462,0
8,0,0,307692,0,absolute,node,-1,-1,-8201.86281576753,0
9,0,0,346153,0,absolute,node,-1,-1,-15372.2629696131,0
10,0,0,384615,0,absolute,node,-1,-1,3574.63700696826,0
11,0,0,423076,0,absolute,node,-1,-1,16697.8088766336,0
12,0,0,461538,0,absolute,node,-1,-1,-11908.1230275333,0
13,0,0,5e+05,0,absolute,node,-1,-1,-13026.6845598817,0
14,0,0,538461,0,absolute,node,-1,-1,34116.9931739569,0
15,0,0,576923,0,absolute,node,-1,-1,12576.0030187666,0
16,0,0,615384,0,absolute,node,-1,-1,32886.7452405393,0
17,0,0,653846,0,absolute,node,-1,-1,-12996.9271831214,0
18,0,0,692307,0,absolute,node,-1,-1,-30430.9758357704,0
19,0,0,730769,0,absolute,node,-1,-1,-36388.1749659777,0
20,0,0,769230,0,absolute,node,-1,-1,24490.6595349312,0
21,0,0,807692,0,absolute,node,-1,-1,4141.44955575466,0
22,0,0,846153,0,absolute,node,-1,-1,36995.4004883766,0
23,0,0,884615,0,absolute,node,-1,-1,30233.0282144248,0
24,0,0,923076,0,absolute,node,-1,-1,-35884.4998665154,0
25,0,0,961538,0,absolute,node,-1,-1,-23256.8144798279,0
