changeID,absoluteTime,evaluation,bitVector,distanceEvaluation,typeOfChange,affected,affectedID1,affectedID2,change,totalAfterChange
1,0,0,38461,0,absolute,node,-1,-1,-509.341672062874,0
2,0,0,76923,0,absolute,node,-1,-1,-3340.60845524073,0
3,0,0,115384,0,absolute,node,-1,-1,-1520.09036205709,0
4,0,0,153846,0,absolute,node,-1,-1,2443.58533807099,0
5,0,0,192307,0,absolute,node,-1,-1,2729.39413227141,0
6,0,0,230769,0,absolute,node,-1,-1,-100.790558382869,0
7,0,0,269230,0,absolute,node,-1,-1,-3759.900867939,0
8,0,0,307692,0,absolute,node,-1,-1,-1125.80008804798,0
9,0,0,346153,0,absolute,node,-1,-1,2045.17467878759,0
10,0,0,384615,0,absolute,node,-1,-1,2804.69177290797,0
11,0,0,423076,0,absolute,node,-1,-1,-253.914754837751,0
12,0,0,461538,0,absolute,node,-1,-1,-1249.81365352869,0
13,0,0,5e+05,0,absolute,node,-1,-1,3855.05358874798,0
14,0,0,538461,0,absolute,node,-1,-1,606.245033442974,0
15,0,0,576923,0,absolute,node,-1,-1,-611.054372042418,0
16,0,0,615384,0,absolute,node,-1,-1,-1539.43938203156,0
17,0,0,653846,0,absolute,node,-1,-1,585.356589406729,0
18,0,0,692307,0,absolute,node,-1,-1,-3734.09839533269,0
19,0,0,730769,0,absolute,node,-1,-1,3912.00407221913,0
20,0,0,769230,0,absolute,node,-1,-1,2663.63851167262,0
21,0,0,807692,0,absolute,node,-1,-1,597.754465416074,0
22,0,0,846153,0,absolute,node,-1,-1,-2011.52576692402,0
23,0,0,884615,0,absolute,node,-1,-1,3066.92174822092,0
24,0,0,923076,0,absolute,node,-1,-1,-701.985791325569,0
25,0,0,961538,0,absolute,node,-1,-1,850.044075399637,0
