changeID,absoluteTime,evaluation,bitVector,distanceEvaluation,typeOfChange,affected,affectedID1,affectedID2,change,totalAfterChange
1,0,0,19607,0,absolute,node,-1,-1,-11913.9293208718,0
2,0,0,39215,0,absolute,node,-1,-1,-34897.0813862979,0
3,0,0,58823,0,absolute,node,-1,-1,-12266.942281276,0
4,0,0,78431,0,absolute,node,-1,-1,23355.7883836329,0
5,0,0,98039,0,absolute,node,-1,-1,-21018.9971886575,0
6,0,0,117647,0,absolute,node,-1,-1,13416.163790971,0
7,0,0,137254,0,absolute,node,-1,-1,27034.9065214396,0
8,0,0,156862,0,absolute,node,-1,-1,-10933.728646487,0
9,0,0,176470,0,absolute,node,-1,-1,15847.7011881769,0
10,0,0,196078,0,absolute,node,-1,-1,-2112.50456050038,0
11,0,0,215686,0,absolute,node,-1,-1,27344.3937860429,0
12,0,0,235294,0,absolute,node,-1,-1,-17142.4643881619,0
13,0,0,254901,0,absolute,node,-1,-1,32331.8769410253,0
14,0,0,274509,0,absolute,node,-1,-1,23888.214789331,0
15,0,0,294117,0,absolute,node,-1,-1,-13423.5526807606,0
16,0,0,313725,0,absolute,node,-1,-1,21307.444293052,0
17,0,0,333333,0,absolute,node,-1,-1,-20871.2545596063,0
18,0,0,352941,0,absolute,node,-1,-1,322.207491844893,0
19,0,0,372549,0,absolute,node,-1,-1,37753.1222626567,0
20,0,0,392156,0,absolute,node,-1,-1,21674.4091920555,0
21,0,0,411764,0,absolute,node,-1,-1,4667.67370700836,0
22,0,0,431372,0,absolute,node,-1,-1,-24104.5711748302,0
23,0,0,450980,0,absolute,node,-1,-1,-19981.2955409288,0
24,0,0,470588,0,absolute,node,-1,-1,-8410.20364314318,0
25,0,0,490196,0,absolute,node,-1,-1,4963.30283582211,0
26,0,0,509803,0,absolute,node,-1,-1,32084.4819582999,0
27,0,0,529411,0,absolute,node,-1,-1,-100.450031459332,0
28,0,0,549019,0,absolute,node,-1,-1,36748.7783543766,0
29,0,0,568627,0,absolute,node,-1,-1,16345.8304293454,0
30,0,0,588235,0,absolute,node,-1,-1,-2704.25386726856,0
31,0,0,607843,0,absolute,node,-1,-1,-38380.256742239,0
32,0,0,627450,0,absolute,node,-1,-1,22363.0512133241,0
33,0,0,647058,0,absolute,node,-1,-1,26560.3634528816,0
34,0,0,666666,0,absolute,node,-1,-1,16403.5713300109,0
35,0,0,686274,0,absolute,node,-1,-1,19598.9380963147,0
36,0,0,705882,0,absolute,node,-1,-1,17555.5983558297,0
37,0,0,725490,0,absolute,node,-1,-1,-15873.870048672,0
38,0,0,745098,0,absolute,node,-1,-1,-9958.76038447022,0
39,0,0,764705,0,absolute,node,-1,-1,-13461.6663120687,0
40,0,0,784313,0,absolute,node,-1,-1,33781.1024487019,0
41,0,0,803921,0,absolute,node,-1,-1,38101.015444845,0
42,0,0,823529,0,absolute,node,-1,-1,-15650.8985348046,0
43,0,0,843137,0,absolute,node,-1,-1,5198.52744415402,0
44,0,0,862745,0,absolute,node,-1,-1,-1566.8148547411,0
45,0,0,882352,0,absolute,node,-1,-1,-4250.01485273242,0
46,0,0,901960,0,absolute,node,-1,-1,-30832.6977863908,0
47,0,0,921568,0,absolute,node,-1,-1,-21936.3409467041,0
48,0,0,941176,0,absolute,node,-1,-1,-4117.57482215762,0
49,0,0,960784,0,absolute,node,-1,-1,-8370.18493562937,0
50,0,0,980392,0,absolute,node,-1,-1,-30081.0419209301,0
