changeID,absoluteTime,evaluation,bitVector,distanceEvaluation,typeOfChange,affected,affectedID1,affectedID2,change,totalAfterChange
1,0,0,38461,0,absolute,node,-1,-1,6375.51690451801,0
2,0,0,76923,0,absolute,node,-1,-1,9241.20805226266,0
3,0,0,115384,0,absolute,node,-1,-1,-10981.4691450447,0
4,0,0,153846,0,absolute,node,-1,-1,-9875.55882893503,0
5,0,0,192307,0,absolute,node,-1,-1,-18531.5035097301,0
6,0,0,230769,0,absolute,node,-1,-1,-5606.98374174535,0
7,0,0,269230,0,absolute,node,-1,-1,551.119409501553,0
8,0,0,307692,0,absolute,node,-1,-1,16352.2626366466,0
9,0,0,346153,0,absolute,node,-1,-1,10162.9294082522,0
10,0,0,384615,0,absolute,node,-1,-1,-12537.8145929426,0
11,0,0,423076,0,absolute,node,-1,-1,15570.8476901054,0
12,0,0,461538,0,absolute,node,-1,-1,16520.9505241364,0
13,0,0,5e+05,0,absolute,node,-1,-1,-19065.2258880436,0
14,0,0,538461,0,absolute,node,-1,-1,4189.48573991656,0
15,0,0,576923,0,absolute,node,-1,-1,6381.68813660741,0
16,0,0,615384,0,absolute,node,-1,-1,3024.10702221096,0
17,0,0,653846,0,absolute,node,-1,-1,8725.27988627553,0
18,0,0,692307,0,absolute,node,-1,-1,-19703.6384511739,0
19,0,0,730769,0,absolute,node,-1,-1,-12001.1098589748,0
20,0,0,769230,0,absolute,node,-1,-1,-7293.1921761483,0
21,0,0,807692,0,absolute,node,-1,-1,-231.23100399971,0
22,0,0,846153,0,absolute,node,-1,-1,16525.1729357988,0
23,0,0,884615,0,absolute,node,-1,-1,-5100.69452226162,0
24,0,0,923076,0,absolute,node,-1,-1,-14885.0049171597,0
25,0,0,961538,0,absolute,node,-1,-1,-14981.4421124756,0
