changeID,absoluteTime,evaluation,bitVector,distanceEvaluation,typeOfChange,affected,affectedID1,affectedID2,change,totalAfterChange
1,0,0,38461,0,absolute,node,-1,-1,14935.5528783053,0
2,0,0,76923,0,absolute,node,-1,-1,13572.498196736,0
3,0,0,115384,0,absolute,node,-1,-1,5970.28160467744,0
4,0,0,153846,0,absolute,node,-1,-1,6793.87953132391,0
5,0,0,192307,0,absolute,node,-1,-1,902.786618098617,0
6,0,0,230769,0,absolute,node,-1,-1,7532.5598474592,0
7,0,0,269230,0,absolute,node,-1,-1,-11659.6823837608,0
8,0,0,307692,0,absolute,node,-1,-1,-2655.24301677942,0
9,0,0,346153,0,absolute,node,-1,-1,16025.7300920784,0
10,0,0,384615,0,absolute,node,-1,-1,-6778.79830822349,0
11,0,0,423076,0,absolute,node,-1,-1,-2789.06711377203,0
12,0,0,461538,0,absolute,node,-1,-1,1650.87844245136,0
13,0,0,5e+05,0,absolute,node,-1,-1,6805.83419278264,0
14,0,0,538461,0,absolute,node,-1,-1,17301.3754934072,0
15,0,0,576923,0,absolute,node,-1,-1,-8418.24020259082,0
16,0,0,615384,0,absolute,node,-1,-1,-12228.0841972679,0
17,0,0,653846,0,absolute,node,-1,-1,-2080.03370091319,0
18,0,0,692307,0,absolute,node,-1,-1,-7387.40718923509,0
19,0,0,730769,0,absolute,node,-1,-1,-19086.9082976133,0
20,0,0,769230,0,absolute,node,-1,-1,10031.2147848308,0
21,0,0,807692,0,absolute,node,-1,-1,-15469.9878674001,0
22,0,0,846153,0,absolute,node,-1,-1,-15618.9974211156,0
23,0,0,884615,0,absolute,node,-1,-1,14093.0334664881,0
24,0,0,923076,0,absolute,node,-1,-1,-3406.10702522099,0
25,0,0,961538,0,absolute,node,-1,-1,5561.71509437263,0
