changeID,absoluteTime,evaluation,bitVector,distanceEvaluation,typeOfChange,affected,affectedID1,affectedID2,change,totalAfterChange
1,0,0,19607,0,absolute,node,-1,-1,-6737.52523586154,0
2,0,0,39215,0,absolute,node,-1,-1,2772.02107012272,0
3,0,0,58823,0,absolute,node,-1,-1,3865.17572402954,0
4,0,0,78431,0,absolute,node,-1,-1,5929.93804812431,0
5,0,0,98039,0,absolute,node,-1,-1,4846.8653857708,0
6,0,0,117647,0,absolute,node,-1,-1,580.678828060627,0
7,0,0,137254,0,absolute,node,-1,-1,5086.43005043268,0
8,0,0,156862,0,absolute,node,-1,-1,-558.370191603899,0
9,0,0,176470,0,absolute,node,-1,-1,7656.09779208899,0
10,0,0,196078,0,absolute,node,-1,-1,-724.082186818122,0
11,0,0,215686,0,absolute,node,-1,-1,-7925.13355612755,0
12,0,0,235294,0,absolute,node,-1,-1,-6834.64064449072,0
13,0,0,254901,0,absolute,node,-1,-1,5115.4211089015,0
14,0,0,274509,0,absolute,node,-1,-1,2732.20903798938,0
15,0,0,294117,0,absolute,node,-1,-1,-75.9606771171095,0
16,0,0,313725,0,absolute,node,-1,-1,5426.97683721781,0
17,0,0,333333,0,absolute,node,-1,-1,3860.33757403493,0
18,0,0,352941,0,absolute,node,-1,-1,-3998.15839529037,0
19,0,0,372549,0,absolute,node,-1,-1,-367.423079907894,0
20,0,0,392156,0,absolute,node,-1,-1,-786.912798881531,0
21,0,0,411764,0,absolute,node,-1,-1,-7245.02364173532,0
22,0,0,431372,0,absolute,node,-1,-1,7461.48519590497,0
23,0,0,450980,0,absolute,node,-1,-1,2684.94560942054,0
24,0,0,470588,0,absolute,node,-1,-1,7226.68659687042,0
25,0,0,490196,0,absolute,node,-1,-1,5660.38814559579,0
26,0,0,509803,0,absolute,node,-1,-1,7547.3827123642,0
27,0,0,529411,0,absolute,node,-1,-1,2296.68141901493,0
28,0,0,549019,0,absolute,node,-1,-1,-6099.85843300819,0
29,0,0,568627,0,absolute,node,-1,-1,-6244.64216083288,0
30,0,0,588235,0,absolute,node,-1,-1,-983.089338988066,0
31,0,0,607843,0,absolute,node,-1,-1,-7030.16424551606,0
32,0,0,627450,0,absolute,node,-1,-1,-5527.62080729008,0
33,0,0,647058,0,absolute,node,-1,-1,-664.079666137696,0
34,0,0,666666,0,absolute,node,-1,-1,5146.96377888322,0
35,0,0,686274,0,absolute,node,-1,-1,-6281.8854637444,0
36,0,0,705882,0,absolute,node,-1,-1,4316.24051555991,0
37,0,0,725490,0,absolute,node,-1,-1,-784.807089716196,0
38,0,0,745098,0,absolute,node,-1,-1,7057.72726982832,0
39,0,0,764705,0,absolute,node,-1,-1,2443.59537214041,0
40,0,0,784313,0,absolute,node,-1,-1,-802.678003907203,0
41,0,0,803921,0,absolute,node,-1,-1,-4216.00426360965,0
42,0,0,823529,0,absolute,node,-1,-1,4865.05633220077,0
43,0,0,843137,0,absolute,node,-1,-1,-3627.58611142635,0
44,0,0,862745,0,absolute,node,-1,-1,5415.29959067702,0
45,0,0,882352,0,absolute,node,-1,-1,6917.12127625942,0
46,0,0,901960,0,absolute,node,-1,-1,-7898.74499663711,0
47,0,0,921568,0,absolute,node,-1,-1,6356.43769800663,0
48,0,0,941176,0,absolute,node,-1,-1,999.547138810157,0
49,0,0,960784,0,absolute,node,-1,-1,-3362.46665939689,0
50,0,0,980392,0,absolute,node,-1,-1,-7802.12230607867,0
