changeID,absoluteTime,evaluation,bitVector,distanceEvaluation,typeOfChange,affected,affectedID1,affectedID2,change,totalAfterChange
1,0,0,19607,0,absolute,node,-1,-1,24490.0109991431,0
2,0,0,39215,0,absolute,node,-1,-1,18945.3532733023,0
3,0,0,58823,0,absolute,node,-1,-1,30967.6096215844,0
4,0,0,78431,0,absolute,node,-1,-1,-19422.4805757403,0
5,0,0,98039,0,absolute,node,-1,-1,-16700.3608122468,0
6,0,0,117647,0,absolute,node,-1,-1,33851.4923676848,0
7,0,0,137254,0,absolute,node,-1,-1,-28655.3123220801,0
8,0,0,156862,0,absolute,node,-1,-1,34187.3377934098,0
9,0,0,176470,0,absolute,node,-1,-1,26723.5183902085,0
10,0,0,196078,0,absolute,node,-1,-1,35695.8068162203,0
11,0,0,215686,0,absolute,node,-1,-1,32373.503241688,0
12,0,0,235294,0,absolute,node,-1,-1,-28140.9850344062,0
13,0,0,254901,0,absolute,node,-1,-1,15246.3462203741,0
14,0,0,274509,0,absolute,node,-1,-1,-21224.2003716528,0
15,0,0,294117,0,absolute,node,-1,-1,-19600.6390079856,0
16,0,0,313725,0,absolute,node,-1,-1,-23630.5981315672,0
17,0,0,333333,0,absolute,node,-1,-1,9189.88162651658,0
18,0,0,352941,0,absolute,node,-1,-1,-37932.4296675622,0
19,0,0,372549,0,absolute,node,-1,-1,-29534.1493189335,0
20,0,0,392156,0,absolute,node,-1,-1,32824.2525272071,0
21,0,0,411764,0,absolute,node,-1,-1,12846.4355506003,0
22,0,0,431372,0,absolute,node,-1,-1,17895.5812752247,0
23,0,0,450980,0,absolute,node,-1,-1,37775.4777111113,0
24,0,0,470588,0,absolute,node,-1,-1,12592.2361761332,0
25,0,0,490196,0,absolute,node,-1,-1,8753.54906544089,0
26,0,0,509803,0,absolute,node,-1,-1,-15144.1781967878,0
27,0,0,529411,0,absolute,node,-1,-1,8349.68129172921,0
28,0,0,549019,0,absolute,node,-1,-1,13426.4391474426,0
29,0,0,568627,0,absolute,node,-1,-1,11776.9665829837,0
30,0,0,588235,0,absolute,node,-1,-1,-28645.5926299095,0
31,0,0,607843,0,absolute,node,-1,-1,23145.7900069654,0
32,0,0,627450,0,absolute,node,-1,-1,-38215.7841697335,0
33,0,0,647058,0,absolute,node,-1,-1,-30189.2204023898,0
34,0,0,666666,0,absolute,node,-1,-1,32245.4262338579,0
35,0,0,686274,0,absolute,node,-1,-1,22452.1655403078,0
36,0,0,705882,0,absolute,node,-1,-1,11075.7445171475,0
37,0,0,725490,0,absolute,node,-1,-1,-1537.80007734895,0
38,0,0,745098,0,absolute,node,-1,-1,-34353.2907776535,0
39,0,0,764705,0,absolute,node,-1,-1,26749.4895868003,0
40,0,0,784313,0,absolute,node,-1,-1,6282.04725682735,0
41,0,0,803921,0,absolute,node,-1,-1,-3238.66371065378,0
42,0,0,823529,0,absolute,node,-1,-1,-19204.8911377788,0
43,0,0,843137,0,absolute,node,-1,-1,-10066.6594132781,0
44,0,0,862745,0,absolute,node,-1,-1,3754.32137399912,0
45,0,0,882352,0,absolute,node,-1,-1,-954.000130295753,0
46,0,0,901960,0,absolute,node,-1,-1,-34354.9511395395,0
47,0,0,921568,0,absolute,node,-1,-1,-34940.9015662968,0
48,0,0,941176,0,absolute,node,-1,-1,15965.1094861329,0
49,0,0,960784,0,absolute,node,-1,-1,-23696.7352218926,0
50,0,0,980392,0,absolute,node,-1,-1,-4444.68285888433,0
