changeID,absoluteTime,evaluation,bitVector,distanceEvaluation,typeOfChange,affected,affectedID1,affectedID2,change,totalAfterChange
1,0,0,38461,0,absolute,node,-1,-1,-9685.77539548278,0
2,0,0,76923,0,absolute,node,-1,-1,-11322.730537504,0
3,0,0,115384,0,absolute,node,-1,-1,13699.3648950011,0
4,0,0,153846,0,absolute,node,-1,-1,3694.96114552021,0
5,0,0,192307,0,absolute,node,-1,-1,-10448.5219158232,0
6,0,0,230769,0,absolute,node,-1,-1,-6499.42146614194,0
7,0,0,269230,0,absolute,node,-1,-1,-14967.3278164119,0
8,0,0,307692,0,absolute,node,-1,-1,-3974.42074492574,0
9,0,0,346153,0,absolute,node,-1,-1,15646.1751740426,0
10,0,0,384615,0,absolute,node,-1,-1,-1781.99727088213,0
11,0,0,423076,0,absolute,node,-1,-1,13437.8999192268,0
12,0,0,461538,0,absolute,node,-1,-1,-2474.94166716933,0
13,0,0,5e+05,0,absolute,node,-1,-1,-7422.93734103441,0
14,0,0,538461,0,absolute,node,-1,-1,-10916.709350422,0
15,0,0,576923,0,absolute,node,-1,-1,13780.0157349557,0
16,0,0,615384,0,absolute,node,-1,-1,17380.4927989841,0
17,0,0,653846,0,absolute,node,-1,-1,10280.1173739135,0
18,0,0,692307,0,absolute,node,-1,-1,-16566.253779456,0
19,0,0,730769,0,absolute,node,-1,-1,-15258.5450652987,0
20,0,0,769230,0,absolute,node,-1,-1,-11642.1020403504,0
21,0,0,807692,0,absolute,node,-1,-1,18801.674162969,0
22,0,0,846153,0,absolute,node,-1,-1,-6923.71886223555,0
23,0,0,884615,0,absolute,node,-1,-1,9996.30401842296,0
24,0,0,923076,0,absolute,node,-1,-1,-15858.3295810968,0
25,0,0,961538,0,absolute,node,-1,-1,-14170.2437680215,0
