changeID,absoluteTime,evaluation,bitVector,distanceEvaluation,typeOfChange,affected,affectedID1,affectedID2,change,totalAfterChange
1,0,0,38461,0,absolute,node,-1,-1,-179.362097755075,0
2,0,0,76923,0,absolute,node,-1,-1,1548.16984944045,0
3,0,0,115384,0,absolute,node,-1,-1,-1330.05785010755,0
4,0,0,153846,0,absolute,node,-1,-1,1385.85851900279,0
5,0,0,192307,0,absolute,node,-1,-1,3050.22446811199,0
6,0,0,230769,0,absolute,node,-1,-1,3410.0648779422,0
7,0,0,269230,0,absolute,node,-1,-1,-542.434180155397,0
8,0,0,307692,0,absolute,node,-1,-1,-1340.15483595431,0
9,0,0,346153,0,absolute,node,-1,-1,-2795.59393785894,0
10,0,0,384615,0,absolute,node,-1,-1,-1859.44557003677,0
11,0,0,423076,0,absolute,node,-1,-1,3636.8839610368,0
12,0,0,461538,0,absolute,node,-1,-1,915.200715884567,0
13,0,0,5e+05,0,absolute,node,-1,-1,1922.97006957233,0
14,0,0,538461,0,absolute,node,-1,-1,1899.57604929805,0
15,0,0,576923,0,absolute,node,-1,-1,-386.112991720438,0
16,0,0,615384,0,absolute,node,-1,-1,-2858.72222110629,0
17,0,0,653846,0,absolute,node,-1,-1,-3657.91650675237,0
18,0,0,692307,0,absolute,node,-1,-1,265.19232057035,0
19,0,0,730769,0,absolute,node,-1,-1,2678.47773991525,0
20,0,0,769230,0,absolute,node,-1,-1,-2024.28168058395,0
21,0,0,807692,0,absolute,node,-1,-1,-2460.68584546447,0
22,0,0,846153,0,absolute,node,-1,-1,1593.51653978229,0
23,0,0,884615,0,absolute,node,-1,-1,-2140.86148329079,0
24,0,0,923076,0,absolute,node,-1,-1,2175.41714943945,0
25,0,0,961538,0,absolute,node,-1,-1,-581.694852560758,0
