changeID,absoluteTime,evaluation,bitVector,distanceEvaluation,typeOfChange,affected,affectedID1,affectedID2,change,totalAfterChange
1,0,0,38461,0,absolute,node,-1,-1,-16268.5788515955,0
2,0,0,76923,0,absolute,node,-1,-1,-10807.4193727225,0
3,0,0,115384,0,absolute,node,-1,-1,-15284.8620247096,0
4,0,0,153846,0,absolute,node,-1,-1,19856.9695744663,0
5,0,0,192307,0,absolute,node,-1,-1,-2354.8573628068,0
6,0,0,230769,0,absolute,node,-1,-1,9594.58507597446,0
7,0,0,269230,0,absolute,node,-1,-1,-16209.6313294023,0
8,0,0,307692,0,absolute,node,-1,-1,4529.08816747367,0
9,0,0,346153,0,absolute,node,-1,-1,-481.872772797942,0
10,0,0,384615,0,absolute,node,-1,-1,9080.45479096472,0
11,0,0,423076,0,absolute,node,-1,-1,2151.83798223734,0
12,0,0,461538,0,absolute,node,-1,-1,-11961.8973042816,0
13,0,0,5e+05,0,absolute,node,-1,-1,1778.13068032265,0
14,0,0,538461,0,absolute,node,-1,-1,2997.67151474953,0
15,0,0,576923,0,absolute,node,-1,-1,7011.00185513496,0
16,0,0,615384,0,absolute,node,-1,-1,-8978.51426154375,0
17,0,0,653846,0,absolute,node,-1,-1,-15926.1272381991,0
18,0,0,692307,0,absolute,node,-1,-1,-11800.7322028279,0
19,0,0,730769,0,absolute,node,-1,-1,19638.1448861212,0
20,0,0,769230,0,absolute,node,-1,-1,2703.23592238128,0
21,0,0,807692,0,absolute,node,-1,-1,16572.4310744554,0
22,0,0,846153,0,absolute,node,-1,-1,781.319215893745,0
23,0,0,884615,0,absolute,node,-1,-1,7472.24655933678,0
24,0,0,923076,0,absolute,node,-1,-1,-10539.4544545561,0
25,0,0,961538,0,absolute,node,-1,-1,7407.81297907233,0
