changeID,absoluteTime,evaluation,bitVector,distanceEvaluation,typeOfChange,affected,affectedID1,affectedID2,change,totalAfterChange
1,0,0,19607,0,absolute,node,-1,-1,493.275495246053,0
2,0,0,39215,0,absolute,node,-1,-1,-2786.43498755991,0
3,0,0,58823,0,absolute,node,-1,-1,127.98292376101,0
4,0,0,78431,0,absolute,node,-1,-1,2482.3898114264,0
5,0,0,98039,0,absolute,node,-1,-1,2602.94553637505,0
6,0,0,117647,0,absolute,node,-1,-1,-2943.02499480546,0
7,0,0,137254,0,absolute,node,-1,-1,2654.87104654312,0
8,0,0,156862,0,absolute,node,-1,-1,608.465394005179,0
9,0,0,176470,0,absolute,node,-1,-1,-861.382367089391,0
10,0,0,196078,0,absolute,node,-1,-1,3307.23098292947,0
11,0,0,215686,0,absolute,node,-1,-1,1719.00652162731,0
12,0,0,235294,0,absolute,node,-1,-1,2143.77227798104,0
13,0,0,254901,0,absolute,node,-1,-1,-107.483047991991,0
14,0,0,274509,0,absolute,node,-1,-1,-1806.15098960698,0
15,0,0,294117,0,absolute,node,-1,-1,1909.98210199177,0
16,0,0,313725,0,absolute,node,-1,-1,-3111.28606274724,0
17,0,0,333333,0,absolute,node,-1,-1,1638.97173851728,0
18,0,0,352941,0,absolute,node,-1,-1,285.471227020025,0
19,0,0,372549,0,absolute,node,-1,-1,1600.29300674796,0
20,0,0,392156,0,absolute,node,-1,-1,-1644.55486647785,0
21,0,0,411764,0,absolute,node,-1,-1,3568.90761293471,0
22,0,0,431372,0,absolute,node,-1,-1,3228.16088236868,0
23,0,0,450980,0,absolute,node,-1,-1,-3412.84893080592,0
24,0,0,470588,0,absolute,node,-1,-1,2889.12332057953,0
25,0,0,490196,0,absolute,node,-1,-1,-196.36008515954,0
26,0,0,509803,0,absolute,node,-1,-1,2461.39944903553,0
27,0,0,529411,0,absolute,node,-1,-1,-3454.35252040625,0
28,0,0,549019,0,absolute,node,-1,-1,1449.60483536124,0
29,0,0,568627,0,absolute,node,-1,-1,-2241.57729558647,0
30,0,0,588235,0,absolute,node,-1,-1,-1929.17125485837,0
31,0,0,607843,0,absolute,node,-1,-1,1932.55342915654,0
32,0,0,627450,0,absolute,node,-1,-1,-1225.9161286056,0
33,0,0,647058,0,absolute,node,-1,-1,893.773663789034,0
34,0,0,666666,0,absolute,node,-1,-1,-2579.15096729994,0
35,0,0,686274,0,absolute,node,-1,-1,-868.445688858628,0
36,0,0,705882,0,absolute,node,-1,-1,1305.42482808232,0
37,0,0,725490,0,absolute,node,-1,-1,1423.09243045747,0
38,0,0,745098,0,absolute,node,-1,-1,3285.55072471499,0
39,0,0,764705,0,absolute,node,-1,-1,3730.21780699492,0
40,0,0,784313,0,absolute,node,-1,-1,3050.18274672329,0
41,0,0,803921,0,absolute,node,-1,-1,3247.29714170098,0
42,0,0,823529,0,absolute,node,-1,-1,-3808.12075175345,0
43,0,0,843137,0,absolute,node,-1,-1,779.572602361441,0
44,0,0,862745,0,absolute,node,-1,-1,2621.83819338679,0
45,0,0,882352,0,absolute,node,-1,-1,1803.11680585146,0
46,0,0,901960,0,absolute,node,-1,-1,3534.34717655182,0
47,0,0,921568,0,absolute,node,-1,-1,336.973331868649,0
48,0,0,941176,0,absolute,node,-1,-1,-515.700431540608,0
49,0,0,960784,0,absolute,node,-1,-1,-2426.38494074345,0
50,0,0,980392,0,absolute,node,-1,-1,1425.92045664787,0
