changeID,absoluteTime,evaluation,bitVector,distanceEvaluation,typeOfChange,affected,affectedID1,affectedID2,change,totalAfterChange
1,0,0,19607,0,absolute,node,-1,-1,6771.21015638113,0
2,0,0,39215,0,absolute,node,-1,-1,-1200.13697445393,0
3,0,0,58823,0,absolute,node,-1,-1,7800.26212334633,0
4,0,0,78431,0,absolute,node,-1,-1,5286.27907112241,0
5,0,0,98039,0,absolute,node,-1,-1,-1167.63821616769,0
6,0,0,117647,0,absolute,node,-1,-1,6866.32784456015,0
7,0,0,137254,0,absolute,node,-1,-1,7651.7831645906,0
8,0,0,156862,0,absolute,node,-1,-1,-2552.07719653845,0
9,0,0,176470,0,absolute,node,-1,-1,13.9806196093561,0
10,0,0,196078,0,absolute,node,-1,-1,-5353.87598350644,0
11,0,0,215686,0,absolute,node,-1,-1,-674.819935113191,0
12,0,0,235294,0,absolute,node,-1,-1,1640.01563191414,0
13,0,0,254901,0,absolute,node,-1,-1,-3115.0574311614,0
14,0,0,274509,0,absolute,node,-1,-1,1968.17503124475,0
15,0,0,294117,0,absolute,node,-1,-1,3981.05349764228,0
16,0,0,313725,0,absolute,node,-1,-1,3804.37555164099,0
17,0,0,333333,0,absolute,node,-1,-1,-6348.59960526228,0
18,0,0,352941,0,absolute,node,-1,-1,5247.3477050662,0
19,0,0,372549,0,absolute,node,-1,-1,-6811.11079081893,0
20,0,0,392156,0,absolute,node,-1,-1,-4979.29276153445,0
21,0,0,411764,0,absolute,node,-1,-1,-1944.83613967895,0
22,0,0,431372,0,absolute,node,-1,-1,2998.99338930845,0
23,0,0,450980,0,absolute,node,-1,-1,-372.553739696742,0
24,0,0,470588,0,absolute,node,-1,-1,-3742.1018704772,0
25,0,0,490196,0,absolute,node,-1,-1,3280.20883351564,0
26,0,0,509803,0,absolute,node,-1,-1,1502.06765159965,0
27,0,0,529411,0,absolute,node,-1,-1,-468.307144939899,0
28,0,0,549019,0,absolute,node,-1,-1,2967.46727824211,0
29,0,0,568627,0,absolute,node,-1,-1,4981.73152282834,0
30,0,0,588235,0,absolute,node,-1,-1,-6304.6883828938,0
31,0,0,607843,0,absolute,node,-1,-1,-532.385412603616,0
32,0,0,627450,0,absolute,node,-1,-1,-932.084761559964,0
33,0,0,647058,0,absolute,node,-1,-1,5177.8785251081,0
34,0,0,666666,0,absolute,node,-1,-1,7423.21936786175,0
35,0,0,686274,0,absolute,node,-1,-1,-5327.2321075201,0
36,0,0,705882,0,absolute,node,-1,-1,-4285.34580022097,0
37,0,0,725490,0,absolute,node,-1,-1,-873.626213520765,0
38,0,0,745098,0,absolute,node,-1,-1,1577.93612778187,0
39,0,0,764705,0,absolute,node,-1,-1,-3640.71810245514,0
40,0,0,784313,0,absolute,node,-1,-1,1371.60144001246,0
41,0,0,803921,0,absolute,node,-1,-1,-1178.2468482852,0
42,0,0,823529,0,absolute,node,-1,-1,5989.10141736269,0
43,0,0,843137,0,absolute,node,-1,-1,2616.38856306672,0
44,0,0,862745,0,absolute,node,-1,-1,1780.81694617867,0
45,0,0,882352,0,absolute,node,-1,-1,3390.39020240307,0
46,0,0,901960,0,absolute,node,-1,-1,-615.681029856205,0
47,0,0,921568,0,absolute,node,-1,-1,-4644.08749714494,0
48,0,0,941176,0,absolute,node,-1,-1,-789.076130837202,0
49,0,0,960784,0,absolute,node,-1,-1,694.393165409565,0
50,0,0,980392,0,absolute,node,-1,-1,-284.959107637406,0
