changeID,absoluteTime,evaluation,bitVector,distanceEvaluation,typeOfChange,affected,affectedID1,affectedID2,change,totalAfterChange
1,0,0,38461,0,absolute,node,-1,-1,658.267714083195,0
2,0,0,76923,0,absolute,node,-1,-1,5248.91712889075,0
3,0,0,115384,0,absolute,node,-1,-1,-244.784116744995,0
4,0,0,153846,0,absolute,node,-1,-1,3517.56105571985,0
5,0,0,192307,0,absolute,node,-1,-1,-74.0332044661041,0
6,0,0,230769,0,absolute,node,-1,-1,-6348.94412010908,0
7,0,0,269230,0,absolute,node,-1,-1,2398.00146594644,0
8,0,0,307692,0,absolute,node,-1,-1,-1752.52519547939,0
9,0,0,346153,0,absolute,node,-1,-1,3884.70920920372,0
10,0,0,384615,0,absolute,node,-1,-1,7201.70063525438,0
11,0,0,423076,0,absolute,node,-1,-1,-4925.98566040397,0
12,0,0,461538,0,absolute,node,-1,-1,-1591.82154759765,0
13,0,0,5e+05,0,absolute,node,-1,-1,2669.26731541753,0
14,0,0,538461,0,absolute,node,-1,-1,4125.50463154912,0
15,0,0,576923,0,absolute,node,-1,-1,-7377.18215957284,0
16,0,0,615384,0,absolute,node,-1,-1,-5673.96277189255,0
17,0,0,653846,0,absolute,node,-1,-1,7070.48106566072,0
18,0,0,692307,0,absolute,node,-1,-1,-3237.37386986613,0
19,0,0,730769,0,absolute,node,-1,-1,6886.2686380744,0
20,0,0,769230,0,absolute,node,-1,-1,2466.6909724474,0
21,0,0,807692,0,absolute,node,-1,-1,-4713.05280178785,0
22,0,0,846153,0,absolute,node,-1,-1,3940.89206680655,0
23,0,0,884615,0,absolute,node,-1,-1,-5847.85736352205,0
24,0,0,923076,0,absolute,node,-1,-1,7151.97476744652,0
25,0,0,961538,0,absolute,node,-1,-1,7204.3773457408,0
