changeID,absoluteTime,evaluation,bitVector,distanceEvaluation,typeOfChange,affected,affectedID1,affectedID2,change,totalAfterChange
1,0,0,38461,0,absolute,node,-1,-1,3293.56584884226,0
2,0,0,76923,0,absolute,node,-1,-1,1731.63476958871,0
3,0,0,115384,0,absolute,node,-1,-1,-2618.52182820439,0
4,0,0,153846,0,absolute,node,-1,-1,1845.64714878798,0
5,0,0,192307,0,absolute,node,-1,-1,792.599719017744,0
6,0,0,230769,0,absolute,node,-1,-1,1889.17818292975,0
7,0,0,269230,0,absolute,node,-1,-1,-1946.00093364716,0
8,0,0,307692,0,absolute,node,-1,-1,3239.09391090274,0
9,0,0,346153,0,absolute,node,-1,-1,-2752.52461060882,0
10,0,0,384615,0,absolute,node,-1,-1,2681.40777014196,0
11,0,0,423076,0,absolute,node,-1,-1,-1527.20962464809,0
12,0,0,461538,0,absolute,node,-1,-1,609.588691964745,0
13,0,0,5e+05,0,absolute,node,-1,-1,-1421.86049744487,0
14,0,0,538461,0,absolute,node,-1,-1,2077.2499050945,0
15,0,0,576923,0,absolute,node,-1,-1,1330.78295737505,0
16,0,0,615384,0,absolute,node,-1,-1,1131.24789111316,0
17,0,0,653846,0,absolute,node,-1,-1,-3630.9582721442,0
18,0,0,692307,0,absolute,node,-1,-1,1241.80100671947,0
19,0,0,730769,0,absolute,node,-1,-1,-1854.99611869454,0
20,0,0,769230,0,absolute,node,-1,-1,-1256.51055574417,0
21,0,0,807692,0,absolute,node,-1,-1,-2069.15334239602,0
22,0,0,846153,0,absolute,node,-1,-1,3882.57967308164,0
23,0,0,884615,0,absolute,node,-1,-1,-2455.32845519483,0
24,0,0,923076,0,absolute,node,-1,-1,-3573.71206767857,0
25,0,0,961538,0,absolute,node,-1,-1,-545.362565666437,0
